#uncorr_chebyshev_coefficients--c0 uncorr_chebyshev_coefficients--c1 cosmological_parameters--omch2 cosmological_parameters--ombh2 cosmological_parameters--s_8_input intrinsic_alignment_parameters--a nofz_shifts--uncorr_bias_1 nofz_shifts--uncorr_bias_2 nofz_shifts--uncorr_bias_3 nofz_shifts--uncorr_bias_4 nofz_shifts--uncorr_bias_5
0.9108169790000208  -0.10802966429390864  -0.0015882625057765944  1.618537294567925e-05  -0.019440216754211738  0.10381792455509867  0.0354836402832793  -0.017326640011962057  0.06539049894233559  -0.06783280344636052  -0.07102798689112633
-0.10802966429390866  0.9775417938847986  -0.006714701942139305  1.5857303811731033e-05  0.01278964727460646  -0.3707953897169203  -0.027507021806363344  0.017542684959384568  -0.06749229646155383  0.0789103017473273  0.006806884997138225
-0.0015882625057765944  -0.006714701942139307  0.003401180829231724  2.2436157626896913e-06  -0.006314411511342267  0.06645832455787136  0.006264783718957401  -0.0005370459550154999  -0.0050409532907644185  0.001590104051078075  -0.0028217863404672383
1.6185372945679234e-05  1.585730381173101e-05  2.243615762689691e-06  3.946073666290155e-06  -1.3399424254783341e-05  -1.1756988464129374e-05  0.0001689029975553306  0.00013366400572304278  -0.00021621008811178335  -7.88305829669347e-05  6.739528059021502e-06
-0.019440216754211734  0.012789647274606459  -0.006314411511342268  -1.3399424254783343e-05  0.032759838822661376  -0.009111587676402869  -0.018703492483199788  -0.0020337054722823467  0.007006376277309306  -0.0059724531951392285  0.007328710646686644
0.10381792455509867  -0.37079538971692033  0.06645832455787136  -1.1756988464129342e-05  -0.009111587676402869  7.066561322641154  0.21744382825114938  0.12890700350369674  0.20425720699319974  -0.004481878931107158  -0.1594512993940333
0.0354836402832793  -0.027507021806363326  0.0062647837189574  0.00016890299755533062  -0.018703492483199788  0.21744382825114938  0.9314994640711635  -0.04857437128428841  0.04765456459313152  -0.02047971890287803  -0.028112703408726875
-0.017326640011962057  0.017542684959384592  -0.0005370459550155004  0.00013366400572304278  -0.002033705472282347  0.12890700350369674  -0.04857437128428841  0.8360743514975197  -0.09041787681246935  0.029469371951864026  -0.03432619461184312
0.0653904989423356  -0.06749229646155383  -0.005040953290764419  -0.00021621008811178335  0.007006376277309306  0.20425720699319974  0.04765456459313151  -0.09041787681246935  0.9164032910538312  -0.030407684890661257  -0.0012576636929492624
-0.06783280344636053  0.07891030174732727  0.0015901040510780747  -7.883058296693471e-05  -0.0059724531951392285  -0.004481878931107151  -0.020479718902878034  0.029469371951864026  -0.03040768489066125  0.8790235655288949  0.059100532576924734
-0.07102798689112634  0.006806884997138238  -0.0028217863404672366  6.7395280590215035e-06  0.007328710646686648  -0.15945129939403319  -0.028112703408726885  -0.034326194611843136  -0.0012576636929492633  0.05910053257692475  0.9176744023134927
