#chebyshev_coefficients--c0 chebyshev_coefficients--c1 chebyshev_coefficients--c2 cosmological_parameters--omch2 cosmological_parameters--ombh2 cosmological_parameters--s_8_input nofz_shifts--uncorr_bias_1 nofz_shifts--uncorr_bias_2 nofz_shifts--uncorr_bias_3 nofz_shifts--uncorr_bias_4 nofz_shifts--uncorr_bias_5
2.103517807420008e-05  9.833285327991651e-07  -4.3880498837997657e-07  5.02511261069789e-06  1.4804120678110567e-07  0.00012297000647735166  -6.425112128722045e-05  -0.00012287002477321443  0.0001616205920681408  -0.0003873313312688356  -3.34842029742437e-06
9.833285327991647e-07  2.6271761921486775e-05  -6.832859229993264e-07  1.6692984845880986e-05  6.70506570137521e-08  0.000648924453158385  0.0002992525263227174  7.48212648238134e-05  -2.218201702621053e-05  -0.00026749684260659196  -0.00016169949693318217
-4.388049883799767e-07  -6.832859229993264e-07  4.127044021638942e-06  -5.229838152678163e-07  7.042438940789028e-08  0.000155359452012192  -7.90964295598136e-05  0.00013953783109302474  0.00018259052574879305  4.106959783849123e-05  -0.0001214499638759575
5.025112610697889e-06  1.669298484588099e-05  -5.229838152678171e-07  0.0025693561294940674  -8.607164093305915e-06  -0.005195712755460865  0.008270587363424155  -0.0036045413283389196  -0.0012487548713515685  0.002825651405985237  0.00411224881280499
1.4804120678110565e-07  6.705065701375207e-08  7.042438940789032e-08  -8.607164093305915e-06  4.204229617619584e-06  5.517700608174527e-06  -4.249112215882951e-05  7.88953164538709e-06  -8.108048796108716e-05  -7.340536039715866e-05  -0.00010938004083383223
0.00012297000647735166  0.000648924453158385  0.00015535945201219196  -0.005195712755460865  5.517700608174524e-06  0.04748172724915701  -0.007425119200058794  0.013131952706071502  0.006282807877168092  -0.015688288684896603  -0.018661985690921663
-6.425112128722041e-05  0.0002992525263227174  -7.90964295598136e-05  0.008270587363424156  -4.249112215882953e-05  -0.007425119200058796  0.8476702130553866  0.05473953718501938  -0.09155420784980442  0.01260726421583946  -0.05215146001912682
-0.0001228700247732144  7.482126482381334e-05  0.00013953783109302474  -0.0036045413283389196  7.889531645387111e-06  0.0131319527060715  0.05473953718501938  0.9460181800164837  0.053158660372913405  0.03569661502383581  -0.10005406211591289
0.0001616205920681408  -2.2182017026210556e-05  0.00018259052574879305  -0.001248754871351568  -8.108048796108711e-05  0.006282807877168087  -0.09155420784980442  0.05315866037291342  0.9304958913285629  -0.04230522144726973  -0.03516813042050743
-0.00038733133126883553  -0.000267496842606592  4.1069597838491246e-05  0.002825651405985237  -7.340536039715866e-05  -0.015688288684896603  0.012607264215839457  0.03569661502383581  -0.042305221447269725  0.9042061670088178  -0.004125000083592418
-3.348420297424425e-06  -0.00016169949693318214  -0.00012144996387595759  0.004112248812804987  -0.00010938004083383215  -0.01866198569092166  -0.052151460019126794  -0.10005406211591286  -0.035168130420507454  -0.004125000083592405  1.053759888697759
