#chebyshev_coefficients--c0 chebyshev_coefficients--c1 chebyshev_coefficients--c2 chebyshev_coefficients--c3 nofz_shifts--uncorr_bias_1 nofz_shifts--uncorr_bias_2 nofz_shifts--uncorr_bias_3 nofz_shifts--uncorr_bias_4 nofz_shifts--uncorr_bias_5
1.520619294326071  0.11951653730426146  -0.011517864683814258  -0.40506999474334227  0.004224366803827963  -0.11011247594794148  0.022321514216560836  -0.04810079072593567  0.07329334708537295
0.11951653730426143  0.10074128963941224  -0.05634733194136866  -0.0462583379008514  0.01992880457116839  -0.03361867911638476  0.01115756947677023  0.01806063332177645  0.025553405256385185
-0.011517864683814261  -0.05634733194136866  0.06313109760008734  -0.019434452104225352  -0.001870107611433233  0.003202604643460099  -0.011653927308752605  -0.02359212603660399  0.003792337637873677
-0.40506999474334227  -0.04625833790085141  -0.01943445210422535  0.15735728594506854  -0.019271863982480004  0.050959020205409544  0.0020308144188330977  0.02218732532651317  -0.04960241773018085
0.004224366803827953  0.019928804571168395  -0.0018701076114332352  -0.019271863982479997  0.890296756323265  0.058563189658288474  -0.01312959820802659  -0.004486366873936999  0.07583853442837216
-0.11011247594794148  -0.03361867911638476  0.003202604643460099  0.050959020205409544  0.058563189658288474  0.943745905416299  0.023708536106364846  -0.022829990420999216  -0.008065696817533828
0.022321514216560822  0.011157569476770225  -0.011653927308752601  0.002030814418833098  -0.013129598208026593  0.023708536106364843  0.8969367299928185  -0.05783041903832815  0.03712662950289473
-0.04810079072593568  0.01806063332177645  -0.02359212603660399  0.022187325326513168  -0.0044863668739369995  -0.022829990420999206  -0.057830419038328154  0.8816079574817243  -0.08350369707345247
0.073293347085373  0.025553405256385196  0.003792337637873675  -0.04960241773018083  0.0758385344283721  -0.008065696817533828  0.03712662950289477  -0.0835036970734524  0.9778649098369135
