   -0.535985827445983887E+01    0.797623867988586444E+01   -0.878294158336530018E+00    0.168802695239946898E+00    0.407857429710247965E+00   -0.212519194599167349E+01    0.292152594341700933E+01    0.974242687225341797E+01   -0.404236078262329102E+01    0.925565123558044434E+01   -0.183876600299203226E+02   -0.190412923363486276E+06   -0.190394535703456349E+06   -0.621460743175560815E+01    1
   -0.858065128326416016E+00    0.763698446750640869E+01   -0.864941952871731701E+00    0.188177442313417542E+00   -0.200596930397977991E+00    0.675271173992086915E+00    0.228527673621897520E+01    0.352076172828674316E+01    0.110064625740051270E+01    0.212911844253540039E+01   -0.186694128553142811E+02   -0.171352059197506373E+06   -0.171333389784651052E+06   -0.621660743175561681E+01    1
   -0.893726348876953125E-01    0.763881688117980939E+01   -0.106178673595081818E+01   -0.380435679504671442E+00    0.441897293125066648E+00   -0.354590425403102927E+00    0.994037611475278249E+00    0.504029512405395508E+01   -0.680228471755981445E+00    0.459223031997680664E+01   -0.175159157098807654E+02   -0.105591852452846637E+06   -0.105574336537136754E+06   -0.621860743175561392E+01    1
    0.254595565795898438E+01    0.769458889961242676E+01    0.698137026034828523E+00    0.125200837500528905E+01   -0.183602815983363121E+01   -0.265642196846897605E+01    0.197783199325842762E-01    0.921020984649658203E+01    0.998164772987365723E+01    0.244914889335632324E+01   -0.182550977317088226E+02   -0.175892119324754312E+05   -0.175709568347437234E+05   -0.622060743175561814E+01    1
   -0.453443741798400879E+01    0.784207196235656756E+01    0.144287103735109667E+01   -0.556514754226782316E+00   -0.981705621076116364E+00   -0.236678986793208423E+01   -0.461750371108564428E+00    0.538412213325500488E+01    0.381103157997131348E+01    0.446056127548217773E+00   -0.182328989249076194E+02   -0.119112721481246299E+05   -0.118930392491997227E+05   -0.622260743175562414E+01    1
    0.400081729888916016E+01    0.760009870529174769E+01    0.360360360936056168E+00   -0.246890053844026569E+00   -0.460631236072685857E+00   -0.671086623966630214E+00    0.891253301334700376E+00    0.681991219520568848E+01    0.391339898109436035E+01    0.405139923095703125E+01   -0.157600129504006912E+02   -0.107173554486031771E+05   -0.107015954356527764E+05   -0.622460743175562925E+01    1
    0.196490049362182617E+01    0.766211333274841255E+01    0.804547167305145194E+00   -0.121642551777199515E+01   -0.665784672245308462E+00   -0.230103417191116932E+01   -0.584329188347962880E-01    0.355104565620422363E+01   -0.429703354835510254E+01    0.117964386940002441E+01   -0.173947549327774063E+02   -0.206431209549504274E+04   -0.204691734056226551E+04   -0.622660743175562548E+01    1
    0.438569927215576172E+01    0.761250369548797590E+01   -0.669436199003712318E+00    0.414049142692647421E+00    0.262757422798358897E+00   -0.594648042191465720E+00    0.289113334067110372E+01    0.692976474761962891E+01    0.290153026580810547E+01    0.367542028427124023E+01   -0.181359859980790112E+02   -0.105242697650030686E+04   -0.103429099050222794E+04   -0.622860743175562526E+01    1
    0.158803939819335938E+01    0.773280074596404976E+01    0.133967138636421623E+01    0.961322795038768163E+00   -0.297386831949779440E+00    0.712998772061155250E+00    0.200669176236943025E+00    0.934505343437194824E+01    0.479558706283569336E+01    0.778340339660644531E+01   -0.198184138636822134E+02   -0.982108283500644689E+03   -0.962289869636962521E+03   -0.623060743175562948E+01    1
   -0.889052152633666992E+00    0.791729860305786115E+01   -0.131271055997444819E+01   -0.636093210630405692E-01   -0.135282063686531706E+01    0.132585217503560671E+01    0.750181124757318907E+00    0.389601349830627441E+01    0.174870610237121582E+01    0.110292077064514160E+01   -0.198822171648518200E+02   -0.621882770282866659E+03   -0.602000553118014864E+03   -0.623260743175562393E+01    1
    0.523417067527770996E+01    0.762065412998199410E+01    0.557490205891326696E+00   -0.782222416881950267E+00   -0.117852736204326880E+01   -0.306323309434787916E+01    0.120790347348133786E+01    0.878773689270019531E+01   -0.804598093032836914E+01    0.720133066177368164E+01   -0.168818146217684273E+02   -0.613654796053484233E+03   -0.596772981431715834E+03   -0.623460743175563081E+01    1
   -0.457064580917358398E+01    0.765624120235443062E+01    0.108293637757810757E+01    0.139901390787485980E+01   -0.647325097887687440E+00   -0.469060886345005201E+00    0.164019398752089041E+00    0.779289960861206055E+01    0.258775830268859863E+01    0.437772393226623535E+01   -0.181265962940345737E+02   -0.396131592048701748E+03   -0.378004995754667164E+03   -0.623660743175562082E+01    1
    0.294393324851989746E+01    0.797814934253692609E+01   -0.118794606375672629E+01   -0.599878329172724989E+00   -0.997793147655554602E-01   -0.205970129793854539E+01    0.153384771581272639E+01    0.410457134246826172E+01   -0.174380421638488770E+01    0.255466461181640625E+01   -0.167108677486221069E+02   -0.295815801390481454E+03   -0.279104933641859361E+03   -0.623860743175562416E+01    1
    0.500761914253234863E+01    0.774404759407043475E+01   -0.231053646494956411E+00   -0.268184380007255641E+01   -0.260216236986821059E+01   -0.171081031879907641E+01    0.212680560006333508E+01    0.847932338714599609E+01   -0.135457515716552734E-01    0.493330597877502441E+01   -0.198385034686376471E+02   -0.166437204702145834E+03   -0.146598701233508194E+03   -0.624060743175563726E+01    1
    0.489248514175415039E+01    0.767815570831298810E+01    0.135297899462898386E+01    0.366987636576823262E+00   -0.461212376852699668E+00   -0.127993494807128627E+01    0.199238132658251765E+01    0.817547202110290527E+01    0.150910377502441406E+01    0.337991952896118164E+01   -0.166972496998389275E+02   -0.135176015291010856E+03   -0.118478765591171921E+03   -0.624260743175562549E+01    1
    0.549072289466857910E+01    0.782283258438110352E+01   -0.936353545172323720E+00   -0.988342579092886808E+00   -0.544266921205007526E+00   -0.418562714015706661E+00    0.966321723311694081E+00    0.886701703071594238E+01    0.479934573173522949E+01   -0.347597956657409668E+01   -0.165958301269929933E+02   -0.124801635486066019E+03   -0.108205805359073025E+03   -0.624460743175562794E+01    1
    0.585602974891662598E+01    0.781041991710662842E+01    0.944551553055816839E+00    0.833717583760744674E+00   -0.288750466044120691E+00   -0.159174602315374614E+01    0.101066604562333873E+01    0.966893553733825684E+01    0.784752368927001953E+00    0.120118975639343262E+01   -0.165000414078579780E+02   -0.115562365347762423E+03   -0.990623239399044451E+02   -0.624660743175561439E+01    1
    0.425802326202392578E+01    0.760727555751800466E+01   -0.660168939795084952E+00   -0.177622991769680993E+01   -0.168603966082969214E+01   -0.186138755075830886E+01    0.271596295979520619E+01    0.867188572883605957E+01   -0.454292654991149902E+01    0.655593514442443848E+01   -0.179678109589890198E+02   -0.112777628401049853E+03   -0.948098174420608331E+02   -0.624860743175559463E+01    1
    0.489918708801269531E+01    0.785422637462615914E+01    0.375014882305322317E+00   -0.609468736604412142E-01   -0.170479315667080078E+00   -0.120513331617871700E+01    0.292987313245021364E+00    0.779141068458557129E+01    0.383500337600708008E+01   -0.295414090156555176E+01   -0.161595069508829106E+02   -0.105323616648232473E+03   -0.891641096973495593E+02   -0.625060743175561750E+01    1
   -0.417688822746276855E+01    0.795493452548980695E+01    0.235185960711874031E+01    0.678122615958045571E+00   -0.526679319001459367E+00    0.264563832399744570E-01    0.145336112368454473E+01    0.715876936912536621E+01    0.252377390861511230E+01    0.639114379882812500E+00   -0.194830121548207025E+02   -0.103226135469732768E+03   -0.837431233149120686E+02   -0.625260743175562173E+01    1
   -0.570495486259460449E+01    0.793451609611511266E+01   -0.723624515296705795E-01   -0.579685243791345783E+00   -0.700244141988832558E+00   -0.110313574572614925E+01    0.136096869814878141E+01    0.955459833145141602E+01   -0.303514003753662109E+00    0.391423702239990234E+00   -0.153634443473370705E+02   -0.972965228310188053E+02   -0.819330784836817401E+02   -0.625460743175560463E+01    1
    0.409374046325683594E+01    0.798539032936096227E+01   -0.419433416067249709E+00    0.147847882432188327E+00   -0.150466515184120886E+01   -0.269565344811439900E+01    0.206918701327708732E+01    0.907224535942077637E+01    0.228358626365661621E+01    0.374465703964233398E+01   -0.165393249481656710E+02   -0.980785732488495228E+02   -0.815392483006838518E+02   -0.625660743175562306E+01    1
   -0.110194659233093262E+01    0.770729553699493408E+01    0.655580150408923146E+00    0.409506080571873154E+00   -0.824462578440261273E+00   -0.132229333029385998E+01    0.188471132279687503E+01    0.399461627006530762E+01    0.209352493286132812E+01   -0.645147562026977539E+00   -0.157748753084400271E+02   -0.886049415462538974E+02   -0.728300662378138668E+02   -0.625860743175563883E+01    1
   -0.310751724243164062E+01    0.790121400356292725E+01   -0.457280941387807616E+00    0.867171036999252465E+00   -0.711915861028273644E+00   -0.679522139319033158E-01    0.169970077709990641E+01    0.805711030960083008E+01    0.487987399101257324E+01    0.357115268707275391E-01   -0.168583339027625456E+02   -0.841856064259354753E+02   -0.673272725231729368E+02   -0.626060743175564038E+01    1
    0.352151799201965332E+01    0.778811860084533691E+01    0.661129746214328406E+00   -0.126256680194956006E+00   -0.400956462095791499E+00   -0.185780479166282930E+01    0.516522085546285092E+00    0.651545405387878418E+01    0.224436283111572266E+01   -0.701307058334350586E+00   -0.160088237120957970E+02   -0.812448647502057497E+02   -0.652360410381099456E+02   -0.626260743175563128E+01    1
    0.365647244453430176E+01    0.778663218021392822E+01    0.171464046263167802E+01   -0.141383393469709517E+01   -0.215776761703750708E+01   -0.924006819878968599E+00    0.162538592345413258E+01    0.862299323081970215E+01   -0.255897045135498047E+00    0.433874726295471191E+01   -0.181049044225177411E+02   -0.829392481551220726E+02   -0.648343437326043244E+02   -0.626460743175563195E+01    1
    0.211014175415039062E+01    0.791242628097534162E+01    0.901742437450820944E+00    0.148735866231959335E+01   -0.153650159483618132E+01   -0.213562874982585527E+01    0.201265404583296004E+01    0.436032652854919434E+01   -0.367606997489929199E+01    0.230554103851318359E+01   -0.175931945134487506E+02   -0.819651461657042404E+02   -0.643719516522554898E+02   -0.626660743175561752E+01    1
    0.132340621948242188E+01    0.790612602233886719E+01   -0.608406186039474051E+00   -0.157115088209934584E+01   -0.760856472044224352E+00   -0.384460738346092512E+01    0.100663587864232817E+01    0.588083744049072266E+01   -0.589198946952819824E+01    0.383810400962829590E+01   -0.193961574835907093E+02   -0.826663100713941077E+02   -0.632701525878034019E+02   -0.626860743175560398E+01    1
    0.508873987197875977E+01    0.792805461883544904E+01   -0.548722293525543137E+00    0.639734412402509500E-02   -0.204979576025721144E+01   -0.103069214674746945E+01    0.331438152783334772E+01    0.489045262336730957E+01   -0.562540292739868164E+00   -0.278268814086914062E+01   -0.179262613495521173E+02   -0.791994159470222883E+02   -0.612731545974701746E+02   -0.627060743175561264E+01    1
   -0.304016160964965820E+01    0.777476501464843750E+01    0.650961357863479861E+00   -0.674211745687216535E+00   -0.112945711606357668E+01   -0.195526319104260438E+01    0.281707744069308541E+00    0.774470806121826172E+01   -0.329535126686096191E+01    0.593946933746337891E+01   -0.161242767241177205E+02   -0.760642152140783310E+02   -0.599399384899606105E+02   -0.627260743175561153E+01    1
   -0.461204624176025391E+01    0.794897341728210449E+01    0.304590167871765516E+00   -0.240411472597088449E+00   -0.766438345871165216E+00   -0.231878276773613834E+00    0.335941698931605970E+01    0.765020608901977539E+01    0.261311531066894531E+00   -0.893369913101196289E+00   -0.181270910106745156E+02   -0.771185880071168839E+02   -0.589914969964423648E+02   -0.627460743175562907E+01    1
    0.695586204528808594E-01    0.783826367855072004E+01   -0.773011131599332657E+00   -0.139166895222729181E+01   -0.980551831258935414E+00    0.453959330133102412E+00    0.142379482320507145E+01    0.464355826377868652E+01    0.314909696578979492E+01    0.885797739028930664E+00   -0.179121482998805632E+02   -0.768873947285956092E+02   -0.589752464287150531E+02   -0.627660743175563507E+01    1
    0.510581159591674805E+01    0.780701820850372297E+01   -0.127314982294251422E+01    0.964468528796942337E+00    0.732211832763596471E+00   -0.161909664658992369E+01    0.221180768261660887E+01    0.902315974235534668E+01   -0.806399464607238770E+01    0.169496417045593262E+01   -0.187869125016578984E+02   -0.754607512026937570E+02   -0.566738387010358551E+02   -0.627860743175562508E+01    1
    0.791911840438842773E+00    0.797099447250366211E+01    0.693054019177452574E-01    0.134394538396350072E+01   -0.276947473355789953E+01   -0.638696075960751841E+00    0.734112049848363535E+00    0.570968866348266602E+01    0.313084721565246582E+01    0.513066053390502930E+00   -0.181191817724005624E+02   -0.747162093231916060E+02   -0.565970275507910401E+02   -0.628060743175561775E+01    1
    0.458700656890869141E+00    0.767658596038818342E+01   -0.127034059370316754E+00   -0.193887102230973996E+00    0.146295569319363716E+00   -0.246432807068686088E-01    0.221099915203240238E+00    0.965058326721191406E+01    0.255657434463500977E+00    0.841852426528930664E+00   -0.174312975309150566E+02   -0.740271826669665955E+02   -0.565958851360515354E+02   -0.628260743175562553E+01    1
    0.487172842025756836E+00    0.771316373348236084E+01    0.909054814263754452E+00   -0.208965512537133635E+00   -0.781916742824932731E+00   -0.936376187340783872E+00    0.144192669270637475E+01    0.595239400863647461E+01    0.180577754974365234E+01   -0.226265430450439453E+01   -0.157384240272701934E+02   -0.723108917296711837E+02   -0.565724677024009921E+02   -0.628460743175561731E+01    1
    0.114944887161254883E+01    0.797301383018493670E+01    0.295391943228651144E+00   -0.179363822210120816E+01   -0.350203106946764597E+00   -0.103387019661909108E+01    0.123176471002238963E+01    0.978290915489196777E+01   -0.812173962593078613E+01    0.484603524208068848E+01   -0.168485384615667222E+02   -0.732515274934717979E+02   -0.564029890319050722E+02   -0.628660743175561265E+01    1
    0.114844322204589844E+00    0.781788046360015887E+01   -0.738230050720858344E+00   -0.879471967492690965E+00    0.415664250321015283E+00   -0.180147806439663327E+00    0.144447134490860685E+01    0.659150362014770508E+01    0.435765147209167480E+01    0.196460723876953125E+01   -0.175844908836269020E+02   -0.736466764933018680E+02   -0.560621856096749624E+02   -0.628860743175561243E+01    1
    0.396201968193054199E+01    0.780633656978607160E+01    0.108070766331479717E+01    0.283984681926767790E+00   -0.109090062056679904E+01   -0.958430629040094573E+00    0.276008942657995249E+01    0.805716037750244141E+01   -0.867602109909057617E+01    0.268692970275878906E+01   -0.170553988264721106E+02   -0.730133825336689171E+02   -0.559579837071968100E+02   -0.629060743175560244E+01    1
    0.135411787033081055E+01    0.796658270359039289E+01   -0.157715547651378074E+00    0.874284932809814563E+00   -0.758648142758602040E+00   -0.184363153168874305E+01    0.188780830334281058E+00    0.794221043586730957E+01    0.128470659255981445E+01   -0.593271017074584961E+01   -0.164609372064494224E+02   -0.723627276169665805E+02   -0.559017904105171581E+02   -0.629260743175560666E+01    1
    0.149920892715454102E+01    0.794009597301483172E+01   -0.928811648399232581E+00   -0.182827381396123201E+01   -0.144696437201105232E+01   -0.136049852460814691E+01    0.143902841357544298E+01    0.828599810600280762E+01   -0.185261964797973633E+00    0.284021019935607910E+01   -0.170108155872246023E+02   -0.728072588229449451E+02   -0.557964432357203464E+02   -0.629460743175559845E+01    1
    0.177185368537902832E+01    0.793064498901367188E+01    0.162677975490737481E+01    0.527164235676309545E+00   -0.275987130274074843E+01   -0.213317796808382809E+01    0.104883897365311918E+01    0.802092671394348145E+01    0.449113965034484863E+01    0.184874892234802246E+01   -0.183810122113473930E+02   -0.740186178797114422E+02   -0.556376056683640456E+02   -0.629660743175561777E+01    1
    0.181147527694702148E+01    0.797064628601074254E+01   -0.420253029675450307E+00    0.143462435427295532E+01   -0.178667421888235345E+01   -0.939716024348626888E+00    0.194312798214355120E+01    0.783369898796081543E+01    0.230080723762512207E+01    0.319318056106567383E+01   -0.171061457848832319E+02   -0.726933478216531057E+02   -0.555872020367698667E+02   -0.629860743175561844E+01    1
   -0.114968776702880859E+00    0.771136555671691859E+01   -0.102499336514597417E+01   -0.111635657818055734E+01   -0.247312117781916641E+01   -0.199052311002219540E+01    0.596424177248309428E+00    0.612559556961059570E+01   -0.211564302444458008E+01    0.199130654335021973E+01   -0.174428259636203755E+02   -0.730147519602444675E+02   -0.555719259966240884E+02   -0.630060743175561555E+01    1
    0.321189522743225098E+01    0.783126177787780708E+01    0.113260918942501121E+01   -0.305412350093092699E+00   -0.777437626824166506E+00   -0.164399225203510468E+01    0.195518805034339516E+01    0.949212789535522461E+01   -0.854954361915588379E+01    0.127283334732055664E+00   -0.161238221384162301E+02   -0.716689433757793921E+02   -0.555451212373631620E+02   -0.630260743175562688E+01    1
    0.201771783828735352E+01    0.783491215705871547E+01   -0.916294943402817808E+00    0.377928168074959658E-01   -0.815971930124987699E+00   -0.228460917496136062E+01    0.859730566730854129E-02    0.830530166625976562E+01   -0.101112961769104004E+01    0.247183561325073242E+01   -0.168221396449562803E+02   -0.722428578127849619E+02   -0.554207181678286886E+02   -0.630460743175560623E+01    1
    0.234189105033874512E+01    0.780793690681457520E+01   -0.649164183130324091E-01   -0.123498393677323293E+01   -0.140076302628017380E+01   -0.330805260456372707E+00    0.327719534362927334E+01    0.966737866401672363E+01   -0.265652656555175781E+01    0.421940207481384277E+01   -0.183407439059669883E+02   -0.737160011078047432E+02   -0.553752572018377620E+02   -0.630660743175559624E+01    1
   -0.126928353309631348E+01    0.795478551387786847E+01    0.137264304790846836E+01    0.280332569101347018E+00    0.821114565757170789E+00    0.773927318471123726E-01    0.114695744940377176E+01    0.883372902870178223E+01    0.195926427841186523E+01   -0.452279090881347656E+01   -0.191542311962280962E+02   -0.743497234073398232E+02   -0.551954922111117270E+02   -0.630860743175560490E+01    1
    0.295097422599792480E+01    0.769000313282012904E+01    0.707210198823986502E+00   -0.909692204039629360E+00   -0.243506725037264005E+01   -0.153581074439102849E+01    0.148853655767311488E+01    0.939102411270141602E+01   -0.513527631759643555E+01    0.694620609283447266E+00   -0.165785729597276621E+02   -0.717280106421501387E+02   -0.551494376824224801E+02   -0.631060743175560468E+01    1
   -0.291712903976440430E+01    0.780698983669280988E+01   -0.339496099269354090E+00   -0.584008274284997242E+00   -0.822437746411423865E+00    0.249539219224743647E+00    0.268688902397911988E+01    0.725245952606201172E+01   -0.150189280509948730E+01    0.472932338714599609E+01   -0.176935254049374819E+02   -0.724295131673755179E+02   -0.547359877624380360E+02   -0.631260743175561778E+01    1
    0.372007656097412109E+01    0.784587714672088588E+01   -0.653079641416525192E+00    0.348117250590576133E+00   -0.149989154862168794E+00   -0.156872446119791675E+01    0.938852334301145897E+00    0.843463301658630371E+01   -0.933611392974853516E-01   -0.613852620124816895E+01   -0.160325296217454785E+02   -0.706408123208659049E+02   -0.546082826991204300E+02   -0.631460743175562911E+01    1
    0.189657282829284668E+01    0.774950351715087837E+01   -0.869748283059834648E-01    0.141542142704338458E+00   -0.945705124930782182E+00   -0.181393732358969828E+01    0.187800978326208701E+01    0.614540934562683105E+01   -0.456634998321533203E+01   -0.118736863136291504E+01   -0.154951440927844111E+02   -0.698186512584629497E+02   -0.543235071656785422E+02   -0.631660743175561201E+01    1
    0.265788388252258301E+01    0.781208019256591779E+01    0.728789876442306195E+00   -0.195429659781325427E+01   -0.205865414759159648E+01   -0.164028047317174241E+01    0.994445958093592930E+00    0.935941338539123535E+01    0.236401557922363281E+00   -0.454365015029907227E+01   -0.175047150246094816E+02   -0.717999092945020152E+02   -0.542951942698925265E+02   -0.631860743175562067E+01    1
    0.417025208473205566E+01    0.773201367855071986E+01    0.446592478825778016E+00    0.188276839682998798E+01   -0.533544969431431815E+00   -0.246098273722736849E+00    0.631456363527149955E+00    0.584209203720092773E+01   -0.420374870300292969E+00   -0.502315402030944824E+01   -0.184063229028340096E+02   -0.726265941044254504E+02   -0.542202712015914372E+02   -0.632060743175563289E+01    1
    0.368572998046875000E+01    0.786225450038909912E+01    0.186847083774296152E+01   -0.126062068771375380E+01   -0.199917846147286560E+01   -0.316960100601704653E+01    0.238154240927315408E+00    0.792050719261169434E+01    0.992774963378906250E-02   -0.698261618614196777E+01   -0.199757156151045230E+02   -0.741118991242584713E+02   -0.541361835091539518E+02   -0.632260743175561224E+01    1
   -0.413399791717529297E+01    0.782750136852264422E+01    0.133318241609003962E+00   -0.223562804508560475E+01   -0.386059257563146963E+00   -0.127757433044166646E+01    0.242234748412670342E+01    0.935379147529602051E+01   -0.701479077339172363E+01    0.615907549858093262E+01   -0.182085050960938943E+02   -0.711224733538252423E+02   -0.529139682577313479E+02   -0.632460743175559870E+01    1
    0.480468320846557617E+01    0.783299944400787318E+01    0.173191756157734744E+01    0.290898250094642263E+00   -0.106135055967683889E+01   -0.854957401103320080E+00    0.170633832623593684E+01    0.456177234649658203E+01   -0.331958889961242676E+01   -0.755723714828491211E+00   -0.170057132714790527E+02   -0.697887172697156757E+02   -0.527830039982366230E+02   -0.632660743175561624E+01    1
   -0.305088043212890625E+01    0.791214716434478760E+01   -0.271981686121421262E+01   -0.573840329992663101E+00   -0.235599385747491175E+00    0.114961003210964918E+00    0.177781617897267119E+01    0.950384497642517090E+01   -0.868129730224609375E+00   -0.505204200744628906E+00   -0.205798371158985773E+02   -0.733257200673923819E+02   -0.527458829514938117E+02   -0.632860743175563911E+01    1
   -0.264102244377136230E+01    0.766162879467010427E+01    0.620793184804142584E+00    0.240413734717321914E+00   -0.916788442676761184E+00   -0.294538466651715680E+01    0.572847846034392427E+00    0.917141675949096680E+01    0.208498477935791016E+01    0.187530159950256348E+01   -0.168917397439729058E+02   -0.696274808562059206E+02   -0.527357411122330149E+02   -0.633060743175562202E+01    1
   -0.217827343940734863E+01    0.783847675323486293E+01    0.572464700370574064E+00   -0.103874490828616217E+01   -0.112696024090268998E+01   -0.156079133158186778E+01    0.155469303714085094E+01    0.915763258934020996E+01    0.283344626426696777E+01    0.319031834602355957E+01   -0.157377732407861917E+02   -0.683553444010493081E+02   -0.526175711602631182E+02   -0.633260743175559249E+01    1
   -0.262531256675720215E+01    0.767047569751739466E+01   -0.119538488326043080E+00   -0.168317371715261288E+01   -0.550274811486133109E+00   -0.163058453228245526E+01    0.193497052133580150E+00    0.778720021247863770E+01   -0.102369785308837891E+01    0.314780831336975098E+01   -0.170440670510167749E+02   -0.687537154347024710E+02   -0.517096483836856962E+02   -0.633460743175558871E+01    1
   -0.171909070014953613E+01    0.783440339565277100E+01   -0.304939339006295995E+00    0.155792355137350569E+01   -0.190921677920300659E+01   -0.141367139651833895E+01    0.159163930101499340E+01    0.561027884483337402E+01    0.739045143127441406E+00    0.286679983139038086E+01   -0.170815201408571475E+02   -0.685775697521870882E+02   -0.514960496113299442E+02   -0.633660743175559649E+01    1
   -0.308735132217407227E+01    0.780631015300750697E+01   -0.853622849130033501E+00    0.325380349730721774E+00   -0.145327672693952059E+01   -0.209665953725448162E+01    0.741326269939009075E+00    0.758565545082092285E+01   -0.275565624237060547E+01    0.235303282737731934E+01   -0.160849500348644376E+02   -0.675151048364475486E+02   -0.514301548015831145E+02   -0.633860743175561048E+01    1
   -0.102325487136840820E+01    0.798404333591461146E+01    0.613279789537273246E+00    0.107119366577990704E-01   -0.768504215587881623E+00   -0.320701116618579363E+01    0.376484351371573434E+00    0.847937464714050293E+01   -0.748003840446472168E+01   -0.905505418777465820E+00   -0.174513686557334644E+02   -0.688304194573077268E+02   -0.513790508015742660E+02   -0.634060743175563069E+01    1
   -0.319727110862731934E+01    0.792241032123565692E+01    0.485029917618930995E+00   -0.280911422115650511E+00   -0.100234533841899043E+01   -0.151020310742410402E+01    0.175940720476887713E+01    0.638641238212585449E+01   -0.444716453552246094E+01   -0.236084938049316406E+01   -0.154074719645231912E+02   -0.658449080544285295E+02   -0.504374360899053400E+02   -0.634260743175563579E+01    1
   -0.474503087997436523E+01    0.773956277370452828E+01   -0.605898865625249528E+00    0.107770780603345884E+01    0.489571691433639211E+00   -0.237175401006084030E+01    0.111023242781016074E+01    0.727541089057922363E+01   -0.568458199501037598E+01    0.309487342834472656E+01   -0.178942488097434946E+02   -0.679495845826000675E+02   -0.500553357728565800E+02   -0.634460743175560893E+01    1
   -0.363293051719665527E+01    0.766045134067535383E+01   -0.857473510187674037E+00    0.695132321799292185E+00   -0.153863623039455866E+01   -0.167302861540633785E+01    0.161343528230759170E+01    0.864757895469665527E+01   -0.828056931495666504E+01    0.362923502922058105E+01   -0.160928562952337515E+02   -0.658491516648674775E+02   -0.497562953696337260E+02   -0.634660743175560604E+01    1
   -0.257492065429687500E+00    0.775503108501434291E+01    0.353147368940653905E+00   -0.187199804022498029E+01   -0.967940325193694440E+00   -0.126074030704444340E+01    0.782076234423812133E+00    0.939137220382690430E+01    0.706094503402709961E+01    0.657852530479431152E+01   -0.167780086327477171E+02   -0.664757336070694862E+02   -0.496977249743217726E+02   -0.634860743175562181E+01    1
   -0.275095152854919434E+01    0.797640750408172572E+01    0.155575190969670984E+01    0.931349814288751632E-01   -0.302973255331494329E+01   -0.152826385744333493E+01    0.519066867335596038E+00    0.636073946952819824E+01   -0.605851531028747559E+01    0.968515872955322266E-01   -0.185277352062382050E+02   -0.682131928820754467E+02   -0.496854576758372346E+02   -0.635060743175562870E+01    1
   -0.151306128501892090E+01    0.799639356136322021E+01   -0.501625108132657260E+00   -0.326210612684349144E+01    0.353197035417454064E-01   -0.192322595470386659E+00    0.112131946660724702E+01    0.786969780921936035E+01   -0.307085394859313965E+01    0.577594041824340820E+01   -0.214120424109443945E+02   -0.709678677548546659E+02   -0.495558253439102785E+02   -0.635260743175563292E+01    1
    0.246342658996582031E+00    0.781974627971649117E+01   -0.111701041865330808E+01   -0.111047209782099698E-01   -0.176804896976250325E+01   -0.103210979906521061E+01    0.215930221246821930E+01    0.598484635353088379E+01   -0.599777817726135254E+01    0.315773248672485352E+01   -0.164707393612617956E+02   -0.658638733261524720E+02   -0.493931339648906729E+02   -0.635460743175561582E+01    1
   -0.575780868530273438E+00    0.780962574481964111E+01    0.488543106320094012E+00    0.430035843497762527E+00   -0.171831989547399422E+00    0.600024000017356229E+00   -0.217781468733164507E+00    0.499924182891845703E+01    0.315962433815002441E+01   -0.603997707366943359E+00   -0.189856839394081760E+02   -0.679104009742219290E+02   -0.489247170348137530E+02   -0.635660743175559517E+01    1
   -0.277849531173706055E+01    0.788746392726898193E+01   -0.213777717032144210E+00    0.200683212781427756E+01   -0.262908017778386238E+01    0.299353465504736960E-01    0.110726534303807989E+01    0.367961406707763672E+01   -0.789583921432495117E+00   -0.152166366577148438E+01   -0.197478218658658058E+02   -0.667419081635325568E+02   -0.469940862976667475E+02   -0.635860743175559318E+01    1
