    0.970734243392944340E+00   -0.546518331170082083E+00    0.150603619217872631E+00   -0.479043639302253743E-01    0.873032762647646265E+01   -0.436501928981012668E+02   -0.523805205245777330E+02
    0.124721582651138307E+01   -0.470433476865291578E+00    0.174512680172920237E+00   -0.633739000558853210E-01    0.873032762647646265E+01   -0.431428700069428714E+02   -0.518731976334193305E+02
    0.120430238485336316E+01   -0.468053517937660257E+00    0.162212004065513615E+00   -0.476101399064064040E-01    0.873032762647646265E+01   -0.431037989705140347E+02   -0.518341265969904939E+02
    0.133276984453201308E+01   -0.541239912807941481E+00    0.180426143407821649E+00   -0.502673590183258107E-01    0.873032762647646265E+01   -0.427774429838805474E+02   -0.515077706103570065E+02
    0.110347013115882886E+01   -0.476892244815826427E+00    0.176228403151035329E+00   -0.551815047860145583E-01    0.873032762647646265E+01   -0.427653341561173619E+02   -0.514956617825938210E+02
    0.101317710757255552E+01   -0.598218253850936854E+00    0.181083825528621678E+00   -0.505895824432373020E-01    0.873032762647646265E+01   -0.426156172626403986E+02   -0.513459448891168577E+02
    0.128594698786735551E+01   -0.492142423689365394E+00    0.170022898912429832E+00   -0.677986841797828671E-01    0.873032762647646265E+01   -0.425266415506532809E+02   -0.512569691771297400E+02
    0.123864329934120176E+01   -0.521761679351329777E+00    0.181992566287517560E+00   -0.603343501091003487E-01    0.873032762647646265E+01   -0.424391095862034575E+02   -0.511694372126799237E+02
    0.102933949589729323E+01   -0.470620163381099688E+00    0.182406667172908793E+00   -0.636349083781242442E-01    0.873032762647646265E+01   -0.424072073317526730E+02   -0.511375349582291321E+02
    0.110557680368423461E+01   -0.660241991281509399E+00    0.199556981325149541E+00   -0.498434170484542832E-01    0.873032762647646265E+01   -0.423912440355815505E+02   -0.511215716620580096E+02
    0.134641788005828866E+01   -0.547527682185173004E+00    0.172904593050479893E+00   -0.535294085144996656E-01    0.873032762647646265E+01   -0.422866245918978194E+02   -0.510169522183742785E+02
    0.113090222358703629E+01   -0.531578647494316048E+00    0.188824033737182623E+00   -0.527180153727531409E-01    0.873032762647646265E+01   -0.422365773476537640E+02   -0.509669049741302302E+02
    0.132694598555564891E+01   -0.535487928688526127E+00    0.161749536395072946E+00   -0.473493043184280427E-01    0.873032762647646265E+01   -0.422211480611529311E+02   -0.509514756876293902E+02
    0.105273788690567027E+01   -0.534090203046798662E+00    0.198037681579589842E+00   -0.511334897279739353E-01    0.873032762647646265E+01   -0.422086017399912237E+02   -0.509389293664676899E+02
    0.122804476380348215E+01   -0.482049291729927054E+00    0.158970732092857364E+00   -0.626413779258728071E-01    0.873032762647646265E+01   -0.421845711738435369E+02   -0.509148988003199960E+02
    0.113043732166290289E+01   -0.515554548799991630E+00    0.178850007653236387E+00   -0.531714880466461204E-01    0.873032762647646265E+01   -0.421290268635124079E+02   -0.508593544899888670E+02
    0.132486127495765693E+01   -0.492030282914638573E+00    0.137535606622695927E+00   -0.480932680368423432E-01    0.873032762647646265E+01   -0.421149225420703885E+02   -0.508452501685468548E+02
    0.100908149600029007E+01   -0.493744484782218940E+00    0.191590606868267066E+00   -0.632697262167930680E-01    0.873032762647646265E+01   -0.420883378082819917E+02   -0.508186654347584508E+02
    0.118758338093757643E+01   -0.550259611308574703E+00    0.184437432885170005E+00   -0.482746184468269349E-01    0.873032762647646265E+01   -0.420821163482803087E+02   -0.508124439747567749E+02
    0.109915048599243170E+01   -0.521587038934230751E+00    0.191820360720157623E+00   -0.608048672676086491E-01    0.873032762647646265E+01   -0.420545729491091578E+02   -0.507849005755856240E+02
    0.134563440680503854E+01   -0.517628746926784511E+00    0.159719111621379861E+00   -0.623859875798225411E-01    0.873032762647646265E+01   -0.420511027360218037E+02   -0.507814303624982628E+02
    0.132237003564834610E+01   -0.522419144213199571E+00    0.168180850446224217E+00   -0.659920510649681102E-01    0.873032762647646265E+01   -0.420401576254120926E+02   -0.507704852518885517E+02
    0.108849352240562447E+01   -0.570444082319736534E+00    0.144002715349197397E+00   -0.547265213727951075E-01    0.873032762647646265E+01   -0.419183939995073445E+02   -0.506487216259838036E+02
    0.130178323745727553E+01   -0.505658510625362378E+00    0.154970705211162574E+00   -0.650535323619842593E-01    0.873032762647646265E+01   -0.417761408132020335E+02   -0.505064684396784997E+02
    0.105400449514389050E+01   -0.613630718886852278E+00    0.196455943584442155E+00   -0.670740639567375257E-01    0.873032762647646265E+01   -0.417582900104601862E+02   -0.504886176369366524E+02
    0.129582094430923478E+01   -0.601296662390232051E+00    0.196272607743740085E+00   -0.545696265697479255E-01    0.873032762647646265E+01   -0.417394485565043283E+02   -0.504697761829807945E+02
    0.127974261999130245E+01   -0.488971750438213393E+00    0.145225836336612707E+00   -0.638978579044342104E-01    0.873032762647646265E+01   -0.416551544195612280E+02   -0.503854820460376871E+02
    0.133395011305809019E+01   -0.537564830183982822E+00    0.156112616956233990E+00   -0.562219600081443824E-01    0.873032762647646265E+01   -0.416255003852156591E+02   -0.503558280116921253E+02
    0.113885340094566345E+01   -0.466223183274269148E+00    0.138025027811527257E+00   -0.493519359827041676E-01    0.873032762647646265E+01   -0.416061336224875475E+02   -0.503364612489640137E+02
    0.114088110923767094E+01   -0.543891917467117292E+00    0.180408038794994369E+00   -0.505957405567169227E-01    0.873032762647646265E+01   -0.415959671275051193E+02   -0.503262947539815784E+02
    0.129496396303176886E+01   -0.588046430051326730E+00    0.195782473683357244E+00   -0.653716430664062487E-01    0.873032762647646265E+01   -0.415672357461539548E+02   -0.502975633726304210E+02
    0.131676760554313677E+01   -0.656904647648334450E+00    0.146130877137184145E+00   -0.582024583816528329E-01    0.873032762647646265E+01   -0.415583193394518986E+02   -0.502886469659283648E+02
    0.124751059889793403E+01   -0.561715605258941597E+00    0.186525484025478361E+00   -0.641718048453331080E-01    0.873032762647646265E+01   -0.415370346521119274E+02   -0.502673622785883936E+02
    0.130180643320083633E+01   -0.568345287740230520E+00    0.182552275061607372E+00   -0.644005310535430975E-01    0.873032762647646265E+01   -0.415332747482404017E+02   -0.502636023747168608E+02
    0.112778113484382647E+01   -0.495239797830581696E+00    0.152086748480796813E+00   -0.489390010237693782E-01    0.873032762647646265E+01   -0.414666078725295080E+02   -0.501969354990059671E+02
    0.129054287075996399E+01   -0.684611417055129956E+00    0.179810082912445074E+00   -0.659613660573959426E-01    0.873032762647646265E+01   -0.414608974555228400E+02   -0.501912250819992991E+02
    0.997673659324646023E+00   -0.478993924856185971E+00    0.177531555593013757E+00   -0.655565564632415859E-01    0.873032762647646265E+01   -0.414605081244361742E+02   -0.501908357509126333E+02
    0.998616952896118182E+00   -0.495729359686374660E+00    0.177947570383548748E+00   -0.569217051267623952E-01    0.873032762647646265E+01   -0.414211406600495167E+02   -0.501514682865259758E+02
    0.126036523580551152E+01   -0.489535787999629990E+00    0.139150268435478230E+00   -0.601460300087928793E-01    0.873032762647646265E+01   -0.414002568772062034E+02   -0.501305845036826625E+02
    0.129297307729721078E+01   -0.671114561855792990E+00    0.157949512600898762E+00   -0.505028150081634486E-01    0.873032762647646265E+01   -0.413420866923484169E+02   -0.500724143188248760E+02
    0.129297307729721078E+01   -0.671114561855792990E+00    0.157949512600898762E+00   -0.505028150081634486E-01    0.873032762647646265E+01   -0.413420866923484169E+02   -0.500724143188248760E+02
    0.112174102902412409E+01   -0.496614131629466993E+00    0.156795892715454105E+00   -0.553895673155784668E-01    0.873032762647646265E+01   -0.413078635537849834E+02   -0.500381911802614425E+02
    0.126658567070961015E+01   -0.518364959657192204E+00    0.148417381644248975E+00   -0.573794180154800423E-01    0.873032762647646265E+01   -0.412682770444078670E+02   -0.499986046708843261E+02
    0.126658567070961015E+01   -0.518364959657192204E+00    0.148417381644248975E+00   -0.573794180154800423E-01    0.873032762647646265E+01   -0.412682770444078670E+02   -0.499986046708843261E+02
    0.119253416419029246E+01   -0.615911283493042028E+00    0.146706888973712923E+00   -0.500437970161437956E-01    0.873032762647646265E+01   -0.412534339393233722E+02   -0.499837615657998384E+02
    0.119476070880889895E+01   -0.654093830585479763E+00    0.172333303987979913E+00   -0.483944631218910237E-01    0.873032762647646265E+01   -0.412377061162545431E+02   -0.499680337427310022E+02
    0.122279254555702210E+01   -0.555344129502773232E+00    0.175204890072345743E+00   -0.588992519378662149E-01    0.873032762647646265E+01   -0.412080014659300673E+02   -0.499383290924065264E+02
    0.132795387625694294E+01   -0.642641072273254399E+00    0.196627203226089481E+00   -0.483358664512634276E-01    0.873032762647646265E+01   -0.411862965090510897E+02   -0.499166241355275488E+02
    0.103690067768096927E+01   -0.523906669318676022E+00    0.183259629607200630E+00   -0.570099366903305121E-01    0.873032762647646265E+01   -0.411207667141305819E+02   -0.498510943406070410E+02
    0.109829830288887020E+01   -0.548759409785270713E+00    0.186424422860145572E+00   -0.561637773513793959E-01    0.873032762647646265E+01   -0.411095714812158803E+02   -0.498398991076923465E+02
    0.109829830288887020E+01   -0.548759409785270713E+00    0.186424422860145572E+00   -0.561637773513793959E-01    0.873032762647646265E+01   -0.411095714812158803E+02   -0.498398991076923465E+02
    0.101623258471488964E+01   -0.526209098994731894E+00    0.187099957764148728E+00   -0.563585777282714848E-01    0.873032762647646265E+01   -0.411095552312657304E+02   -0.498398828577421966E+02
    0.133410845279693602E+01   -0.589817472696304357E+00    0.170280082821846035E+00   -0.543050319552421598E-01    0.873032762647646265E+01   -0.410831438802270554E+02   -0.498134715067035216E+02
    0.108943843364715587E+01   -0.492897644042968763E+00    0.159399287998676309E+00   -0.598011386394500799E-01    0.873032762647646265E+01   -0.410633805777754191E+02   -0.497937082042518853E+02
    0.108943843364715587E+01   -0.492897644042968763E+00    0.159399287998676309E+00   -0.598011386394500799E-01    0.873032762647646265E+01   -0.410633805777754191E+02   -0.497937082042518853E+02
    0.105339076757431038E+01   -0.480168601572513620E+00    0.158786419928073907E+00   -0.609518380761146575E-01    0.873032762647646265E+01   -0.410484595675376625E+02   -0.497787871940141287E+02
    0.108079407095909130E+01   -0.588678093850612649E+00    0.168214940428733833E+00   -0.604809425473213230E-01    0.873032762647646265E+01   -0.409746944107225914E+02   -0.497050220371990576E+02
    0.108750246644020088E+01   -0.512090370953083074E+00    0.165856803953647630E+00   -0.567196362018585198E-01    0.873032762647646265E+01   -0.409708416299545064E+02   -0.497011692564309726E+02
    0.108750246644020088E+01   -0.512090370953083074E+00    0.165856803953647630E+00   -0.567196362018585198E-01    0.873032762647646265E+01   -0.409708416299545064E+02   -0.497011692564309726E+02
    0.108554456472396854E+01   -0.603175055384635894E+00    0.169634686112403871E+00   -0.502014225125312769E-01    0.873032762647646265E+01   -0.409310337973835487E+02   -0.496613614238600150E+02
    0.108554456472396854E+01   -0.603175055384635894E+00    0.169634686112403871E+00   -0.502014225125312769E-01    0.873032762647646265E+01   -0.409310337973835487E+02   -0.496613614238600150E+02
    0.915041619539260886E+00   -0.497802171111106917E+00    0.176131131052970902E+00   -0.470133581161499003E-01    0.873032762647646265E+01   -0.409266468242976629E+02   -0.496569744507741220E+02
    0.109166204452514659E+01   -0.541770319342613216E+00    0.183374161720275874E+00   -0.591443645954132097E-01    0.873032762647646265E+01   -0.409256524131278354E+02   -0.496559800396042945E+02
    0.109166204452514659E+01   -0.541770319342613216E+00    0.183374161720275874E+00   -0.591443645954132097E-01    0.873032762647646265E+01   -0.409256524131278354E+02   -0.496559800396042945E+02
    0.129721460819244383E+01   -0.557772174775600371E+00    0.160732373297214515E+00   -0.607139048576355034E-01    0.873032762647646265E+01   -0.409142344502652122E+02   -0.496445620767416713E+02
    0.124729616165161139E+01   -0.651199125051498351E+00    0.158921241760253906E+00   -0.499765814542770387E-01    0.873032762647646265E+01   -0.409023556538545421E+02   -0.496326832803310083E+02
    0.124729616165161139E+01   -0.651199125051498351E+00    0.158921241760253906E+00   -0.499765814542770387E-01    0.873032762647646265E+01   -0.409023556538545421E+02   -0.496326832803310083E+02
    0.955334984064102222E+00   -0.500364278256893114E+00    0.188729620873928083E+00   -0.662837430238723824E-01    0.873032762647646265E+01   -0.408779906530778447E+02   -0.496083182795543109E+02
    0.955334984064102222E+00   -0.500364278256893114E+00    0.188729620873928083E+00   -0.662837430238723824E-01    0.873032762647646265E+01   -0.408779906530778447E+02   -0.496083182795543109E+02
    0.107110579013824481E+01   -0.522881798446178436E+00    0.180914704501628887E+00   -0.651408975124359163E-01    0.873032762647646265E+01   -0.408720917251704066E+02   -0.496024193516468657E+02
    0.107110579013824481E+01   -0.522881798446178436E+00    0.180914704501628887E+00   -0.651408975124359163E-01    0.873032762647646265E+01   -0.408720917251704066E+02   -0.496024193516468657E+02
    0.136576869606971751E+01   -0.648840653002262124E+00    0.197124043703079233E+00   -0.585907403230667145E-01    0.873032762647646265E+01   -0.408651995951920384E+02   -0.495955272216685046E+02
    0.136576869606971751E+01   -0.648840653002262124E+00    0.197124043703079233E+00   -0.585907403230667145E-01    0.873032762647646265E+01   -0.408651995951920384E+02   -0.495955272216685046E+02
    0.965577659606933647E+00   -0.538504986166954080E+00    0.165078301727771770E+00   -0.602879449129104655E-01    0.873032762647646265E+01   -0.408420891064798184E+02   -0.495724167329562775E+02
    0.133256108283996588E+01   -0.609783433079719495E+00    0.179254566133022319E+00   -0.581288557648658791E-01    0.873032762647646265E+01   -0.408156792459776483E+02   -0.495460068724541074E+02
    0.133256108283996588E+01   -0.609783433079719495E+00    0.179254566133022319E+00   -0.581288557648658791E-01    0.873032762647646265E+01   -0.408156792459776483E+02   -0.495460068724541074E+02
    0.120992770910263081E+01   -0.490042228400707269E+00    0.136422732770442978E+00   -0.627082384228706408E-01    0.873032762647646265E+01   -0.407928376750249981E+02   -0.495231653015014643E+02
    0.104511350631713862E+01   -0.530893098413944275E+00    0.135268334150314334E+00   -0.568828837871551557E-01    0.873032762647646265E+01   -0.407397497629053191E+02   -0.494700773893817853E+02
    0.104511350631713862E+01   -0.530893098413944275E+00    0.135268334150314334E+00   -0.568828837871551557E-01    0.873032762647646265E+01   -0.407397497629053191E+02   -0.494700773893817853E+02
    0.135044113516807562E+01   -0.537238871157169395E+00    0.140085029006004336E+00   -0.645577110052108771E-01    0.873032762647646265E+01   -0.407170484110753250E+02   -0.494473760375517912E+02
    0.102616691589355469E+01   -0.486604369878768928E+00    0.159846122860908518E+00   -0.599616224765777625E-01    0.873032762647646265E+01   -0.406825251037934947E+02   -0.494128527302699538E+02
    0.102616691589355469E+01   -0.486604369878768928E+00    0.159846122860908518E+00   -0.599616224765777625E-01    0.873032762647646265E+01   -0.406825251037934947E+02   -0.494128527302699538E+02
    0.115805388331413273E+01   -0.496478879153728514E+00    0.145918549895286576E+00   -0.626508234739303616E-01    0.873032762647646265E+01   -0.406747215571462561E+02   -0.494050491836227224E+02
    0.112368609905242933E+01   -0.514562692642211883E+00    0.151391822695732120E+00   -0.524393579959869377E-01    0.873032762647646265E+01   -0.406419371721651146E+02   -0.493722647986415808E+02
    0.135409117460250861E+01   -0.693728702962398525E+00    0.169773506224155435E+00   -0.599256512522697501E-01    0.873032762647646265E+01   -0.406298912849219391E+02   -0.493602189113984053E+02
    0.111425225853919985E+01   -0.561569973528385225E+00    0.141064185202121745E+00   -0.591979464888572754E-01    0.873032762647646265E+01   -0.405795934177252917E+02   -0.493099210442017508E+02
    0.111425225853919985E+01   -0.561569973528385225E+00    0.141064185202121745E+00   -0.591979464888572754E-01    0.873032762647646265E+01   -0.405795934177252917E+02   -0.493099210442017508E+02
    0.915350347757339478E+00   -0.466735478639602686E+00    0.159655034542083740E+00   -0.536384586691856374E-01    0.873032762647646265E+01   -0.405591366300349847E+02   -0.492894642565114438E+02
    0.915350347757339478E+00   -0.466735478639602686E+00    0.159655034542083740E+00   -0.536384586691856374E-01    0.873032762647646265E+01   -0.405591366300349847E+02   -0.492894642565114438E+02
    0.129243581891059889E+01   -0.616162752807140279E+00    0.186231060326099401E+00   -0.606169913411140487E-01    0.873032762647646265E+01   -0.405560696986513278E+02   -0.492863973251277869E+02
    0.129243581891059889E+01   -0.616162752807140279E+00    0.186231060326099401E+00   -0.606169913411140487E-01    0.873032762647646265E+01   -0.405560696986513278E+02   -0.492863973251277869E+02
    0.117137196898460383E+01   -0.534681106209754953E+00    0.158688806891441353E+00   -0.584372673034668014E-01    0.873032762647646265E+01   -0.405516735522540159E+02   -0.492820011787304821E+02
    0.117137196898460383E+01   -0.534681106209754953E+00    0.158688806891441353E+00   -0.584372673034668014E-01    0.873032762647646265E+01   -0.405516735522540159E+02   -0.492820011787304821E+02
    0.958107862472534211E+00   -0.465009608864784263E+00    0.148478533625602732E+00   -0.519791843295097367E-01    0.873032762647646265E+01   -0.404877509824639503E+02   -0.492180786089404165E+02
    0.958107862472534211E+00   -0.465009608864784263E+00    0.148478533625602732E+00   -0.519791843295097367E-01    0.873032762647646265E+01   -0.404877509824639503E+02   -0.492180786089404165E+02
    0.112196147084236153E+01   -0.591799504160881007E+00    0.164667017459869391E+00   -0.636909483075141919E-01    0.873032762647646265E+01   -0.404712545461598410E+02   -0.492015821726363072E+02
    0.106614003658294676E+01   -0.594943704009056051E+00    0.180060889720916772E+00   -0.604143562316894547E-01    0.873032762647646265E+01   -0.404695288234790951E+02   -0.491998564499555542E+02
    0.106614003658294676E+01   -0.594943704009056051E+00    0.180060889720916772E+00   -0.604143562316894547E-01    0.873032762647646265E+01   -0.404695288234790951E+02   -0.491998564499555542E+02
    0.134093274474143986E+01   -0.642610999047756204E+00    0.187807482779026036E+00   -0.580202456712722789E-01    0.873032762647646265E+01   -0.404441721628193136E+02   -0.491744997892957798E+02
    0.134093274474143986E+01   -0.642610999047756204E+00    0.187807482779026036E+00   -0.580202456712722789E-01    0.873032762647646265E+01   -0.404441721628193136E+02   -0.491744997892957798E+02
    0.127274345517158505E+01   -0.552712070941925093E+00    0.158400450348854083E+00   -0.693740178942680447E-01    0.873032762647646265E+01   -0.403819473454500297E+02   -0.491122749719264959E+02
    0.127274345517158505E+01   -0.552712070941925093E+00    0.158400450348854083E+00   -0.693740178942680447E-01    0.873032762647646265E+01   -0.403819473454500297E+02   -0.491122749719264959E+02
    0.133551168560981770E+01   -0.536504535377025582E+00    0.137656360864639282E+00   -0.690489183068275503E-01    0.873032762647646265E+01   -0.403571961376227506E+02   -0.490875237640992097E+02
    0.133551168560981770E+01   -0.536504535377025582E+00    0.137656360864639282E+00   -0.690489183068275503E-01    0.873032762647646265E+01   -0.403571961376227506E+02   -0.490875237640992097E+02
    0.110492937922477719E+01   -0.616364538967609343E+00    0.184586771726608284E+00   -0.589097188115119963E-01    0.873032762647646265E+01   -0.403557369847839738E+02   -0.490860646112604400E+02
    0.110492937922477719E+01   -0.616364538967609343E+00    0.184586771726608284E+00   -0.589097188115119963E-01    0.873032762647646265E+01   -0.403557369847839738E+02   -0.490860646112604400E+02
    0.116561758756637568E+01   -0.542396366298198762E+00    0.161375937461853025E+00   -0.597997444272041351E-01    0.873032762647646265E+01   -0.403524637852561767E+02   -0.490827914117326429E+02
    0.116561758756637568E+01   -0.542396366298198762E+00    0.161375937461853025E+00   -0.597997444272041351E-01    0.873032762647646265E+01   -0.403524637852561767E+02   -0.490827914117326429E+02
    0.126013212680816666E+01   -0.545751414895057740E+00    0.145815400481224072E+00   -0.590842804908752461E-01    0.873032762647646265E+01   -0.403366762490439896E+02   -0.490670038755204558E+02
    0.126013212680816666E+01   -0.545751414895057740E+00    0.145815400481224072E+00   -0.590842804908752461E-01    0.873032762647646265E+01   -0.403366762490439896E+02   -0.490670038755204558E+02
    0.105742052078247073E+01   -0.504777744710445453E+00    0.162266716957092300E+00   -0.634717334508895920E-01    0.873032762647646265E+01   -0.403348063967910804E+02   -0.490651340232675466E+02
    0.105742052078247073E+01   -0.504777744710445453E+00    0.162266716957092300E+00   -0.634717334508895920E-01    0.873032762647646265E+01   -0.403348063967910804E+02   -0.490651340232675466E+02
    0.106626503586769106E+01   -0.569420584142208086E+00    0.183089055716991439E+00   -0.490798671841621431E-01    0.873032762647646265E+01   -0.403032137481587682E+02   -0.490335413746352344E+02
    0.106626503586769106E+01   -0.569420584142208086E+00    0.183089055716991439E+00   -0.490798671841621431E-01    0.873032762647646265E+01   -0.403032137481587682E+02   -0.490335413746352344E+02
    0.995951827764511188E+00   -0.571166960299015036E+00    0.186709215044975285E+00   -0.640200427174568154E-01    0.873032762647646265E+01   -0.402887420739579625E+02   -0.490190697004344287E+02
    0.995951827764511188E+00   -0.571166960299015036E+00    0.186709215044975285E+00   -0.640200427174568154E-01    0.873032762647646265E+01   -0.402887420739579625E+02   -0.490190697004344287E+02
    0.118535604119300864E+01   -0.584273746013641349E+00    0.187024726569652577E+00   -0.666422570943832476E-01    0.873032762647646265E+01   -0.402795608624070667E+02   -0.490098884888835258E+02
    0.118535604119300864E+01   -0.584273746013641349E+00    0.187024726569652577E+00   -0.666422570943832476E-01    0.873032762647646265E+01   -0.402795608624070667E+02   -0.490098884888835258E+02
    0.101921770691871649E+01   -0.515718221664428711E+00    0.163373202085494995E+00   -0.522177879214286850E-01    0.873032762647646265E+01   -0.402737968126182579E+02   -0.490041244390947242E+02
    0.133923871517181414E+01   -0.673128067255020057E+00    0.154468793272972110E+00   -0.479016851782798764E-01    0.873032762647646265E+01   -0.402647532765403469E+02   -0.489950809030168131E+02
    0.133923871517181414E+01   -0.673128067255020057E+00    0.154468793272972110E+00   -0.479016851782798764E-01    0.873032762647646265E+01   -0.402647532765403469E+02   -0.489950809030168131E+02
    0.128103162884712241E+01   -0.525580698847770700E+00    0.138896939456462865E+00   -0.694862156510353129E-01    0.873032762647646265E+01   -0.402573106742943594E+02   -0.489876383007708256E+02
    0.128103162884712241E+01   -0.525580698847770700E+00    0.138896939456462865E+00   -0.694862156510353129E-01    0.873032762647646265E+01   -0.402573106742943594E+02   -0.489876383007708256E+02
    0.109347940087318429E+01   -0.575707625150680524E+00    0.153142499625682826E+00   -0.504960303902626043E-01    0.873032762647646265E+01   -0.402355897029965917E+02   -0.489659173294730579E+02
    0.109347940087318429E+01   -0.575707625150680524E+00    0.153142499625682826E+00   -0.504960303902626043E-01    0.873032762647646265E+01   -0.402355897029965917E+02   -0.489659173294730579E+02
    0.121153290390968338E+01   -0.547941185534000397E+00    0.161513994336128230E+00   -0.677752238512039223E-01    0.873032762647646265E+01   -0.402285006851931541E+02   -0.489588283116696203E+02
    0.121153290390968338E+01   -0.547941185534000397E+00    0.161513994336128230E+00   -0.677752238512039223E-01    0.873032762647646265E+01   -0.402285006851931541E+02   -0.489588283116696203E+02
    0.136390590786933918E+01   -0.601159967184066724E+00    0.145638542473316202E+00   -0.483132615685462966E-01    0.873032762647646265E+01   -0.402281900523411480E+02   -0.489585176788176071E+02
    0.136390590786933918E+01   -0.601159967184066724E+00    0.145638542473316202E+00   -0.483132615685462966E-01    0.873032762647646265E+01   -0.402281900523411480E+02   -0.489585176788176071E+02
    0.121275871396064772E+01   -0.577776444554328972E+00    0.179750031232833868E+00   -0.692661083340644912E-01    0.873032762647646265E+01   -0.402252288242277558E+02   -0.489555564507042220E+02
    0.131538436055183428E+01   -0.654977818131446843E+00    0.193723782002925893E+00   -0.577717605829238950E-01    0.873032762647646265E+01   -0.402162825688612315E+02   -0.489466101953376977E+02
    0.131538436055183428E+01   -0.654977818131446843E+00    0.193723782002925893E+00   -0.577717605829238950E-01    0.873032762647646265E+01   -0.402162825688612315E+02   -0.489466101953376977E+02
    0.111044069886207586E+01   -0.473778622448444375E+00    0.137661362588405611E+00   -0.690553314089775161E-01    0.873032762647646265E+01   -0.401895566250436076E+02   -0.489198842515200738E+02
    0.111044069886207586E+01   -0.473778622448444375E+00    0.137661362588405611E+00   -0.690553314089775161E-01    0.873032762647646265E+01   -0.401895566250436076E+02   -0.489198842515200738E+02
    0.129338572025299081E+01   -0.665648784637451141E+00    0.169850000441074372E+00   -0.584393606781959535E-01    0.873032762647646265E+01   -0.401892294324648987E+02   -0.489195570589413649E+02
    0.129338572025299081E+01   -0.665648784637451141E+00    0.169850000441074372E+00   -0.584393606781959535E-01    0.873032762647646265E+01   -0.401892294324648987E+02   -0.489195570589413649E+02
    0.133930059790611278E+01   -0.640001772046089101E+00    0.184074341058731106E+00   -0.616602391004562461E-01    0.873032762647646265E+01   -0.401874960267364258E+02   -0.489178236532128849E+02
    0.113904368281364454E+01   -0.589233334958553345E+00    0.186857976615428939E+00   -0.570229685306549092E-01    0.873032762647646265E+01   -0.401828513538604426E+02   -0.489131789803369017E+02
    0.113904368281364454E+01   -0.589233334958553345E+00    0.186857976615428939E+00   -0.570229685306549092E-01    0.873032762647646265E+01   -0.401828513538604426E+02   -0.489131789803369017E+02
    0.128429636120796209E+01   -0.611202729642391196E+00    0.163915472626686098E+00   -0.482251355648040808E-01    0.873032762647646265E+01   -0.401804611257108206E+02   -0.489107887521872797E+02
    0.128429636120796209E+01   -0.611202729642391196E+00    0.163915472626686098E+00   -0.482251355648040808E-01    0.873032762647646265E+01   -0.401804611257108206E+02   -0.489107887521872797E+02
    0.124587365388870253E+01   -0.672373155057430227E+00    0.188076258599758156E+00   -0.588916859030723591E-01    0.873032762647646265E+01   -0.401793817561708266E+02   -0.489097093826472857E+02
    0.124587365388870253E+01   -0.672373155057430227E+00    0.188076258599758156E+00   -0.588916859030723591E-01    0.873032762647646265E+01   -0.401793817561708266E+02   -0.489097093826472857E+02
    0.931120793819427472E+00   -0.495074177980422969E+00    0.153562559187412268E+00   -0.686262773275375382E-01    0.873032762647646265E+01   -0.401790835792564991E+02   -0.489094112057329582E+02
    0.931120793819427472E+00   -0.495074177980422969E+00    0.153562559187412268E+00   -0.686262773275375382E-01    0.873032762647646265E+01   -0.401790835792564991E+02   -0.489094112057329582E+02
    0.955336711406707839E+00   -0.513208150863647461E+00    0.148493988215923328E+00   -0.531397351026535042E-01    0.873032762647646265E+01   -0.401527839330316425E+02   -0.488831115595081016E+02
    0.955336711406707839E+00   -0.513208150863647461E+00    0.148493988215923328E+00   -0.531397351026535042E-01    0.873032762647646265E+01   -0.401527839330316425E+02   -0.488831115595081016E+02
    0.130222636938095104E+01   -0.566037773489952101E+00    0.137122706770896913E+00   -0.506762306094169640E-01    0.873032762647646265E+01   -0.401510158614195234E+02   -0.488813434878959825E+02
    0.130222636938095104E+01   -0.566037773489952101E+00    0.137122706770896913E+00   -0.506762306094169640E-01    0.873032762647646265E+01   -0.401510158614195234E+02   -0.488813434878959825E+02
    0.128512219548225426E+01   -0.672048036456108111E+00    0.178590855598449727E+00   -0.601586163043975886E-01    0.873032762647646265E+01   -0.401360843201612454E+02   -0.488664119466377045E+02
    0.128512219548225426E+01   -0.672048036456108111E+00    0.178590855598449727E+00   -0.601586163043975886E-01    0.873032762647646265E+01   -0.401360843201612454E+02   -0.488664119466377045E+02
    0.993233346939086936E+00   -0.542655609548091888E+00    0.183337200880050677E+00   -0.540007358789443975E-01    0.873032762647646265E+01   -0.401356897577104093E+02   -0.488660173841868684E+02
    0.993233346939086936E+00   -0.542655609548091888E+00    0.183337200880050677E+00   -0.540007358789443975E-01    0.873032762647646265E+01   -0.401356897577104093E+02   -0.488660173841868684E+02
    0.118054429531097416E+01   -0.607160311043262513E+00    0.153041461706161508E+00   -0.498360936641693147E-01    0.873032762647646265E+01   -0.401290474596470972E+02   -0.488593750861235563E+02
    0.118054429531097416E+01   -0.607160311043262513E+00    0.153041461706161508E+00   -0.498360936641693147E-01    0.873032762647646265E+01   -0.401290474596470972E+02   -0.488593750861235563E+02
    0.107750200271606444E+01   -0.616223459541797580E+00    0.188658527433872236E+00   -0.498919594883918821E-01    0.873032762647646265E+01   -0.401272067702313819E+02   -0.488575343967078481E+02
    0.107750200271606444E+01   -0.616223459541797580E+00    0.188658527433872236E+00   -0.498919594883918821E-01    0.873032762647646265E+01   -0.401272067702313819E+02   -0.488575343967078481E+02
    0.131130456924438477E+01   -0.627338198721408835E+00    0.179939283132553113E+00   -0.612385166287422247E-01    0.873032762647646265E+01   -0.401245299362383321E+02   -0.488548575627147912E+02
    0.131130456924438477E+01   -0.627338198721408835E+00    0.179939283132553113E+00   -0.612385166287422247E-01    0.873032762647646265E+01   -0.401245299362383321E+02   -0.488548575627147912E+02
    0.128783143639564512E+01   -0.655398619174957231E+00    0.186466521024703985E+00   -0.481756156682968117E-01    0.873032762647646265E+01   -0.401182050702280293E+02   -0.488485326967044884E+02
    0.921776583194732657E+00   -0.501143394708633449E+00    0.186962288320064562E+00   -0.683725677132606541E-01    0.873032762647646265E+01   -0.401160701685319196E+02   -0.488463977950083859E+02
    0.921776583194732657E+00   -0.501143394708633449E+00    0.186962288320064562E+00   -0.683725677132606541E-01    0.873032762647646265E+01   -0.401160701685319196E+02   -0.488463977950083859E+02
    0.110064639210700999E+01   -0.522010977566242262E+00    0.152160429954528831E+00   -0.553978366255760205E-01    0.873032762647646265E+01   -0.401114251500041803E+02   -0.488417527764806394E+02
    0.998682729005813674E+00   -0.522321416735649136E+00    0.163696578443050383E+00   -0.479678437709808309E-01    0.873032762647646265E+01   -0.401110244518442016E+02   -0.488413520783206607E+02
    0.998682729005813674E+00   -0.522321416735649136E+00    0.163696578443050383E+00   -0.479678437709808309E-01    0.873032762647646265E+01   -0.401110244518442016E+02   -0.488413520783206607E+02
    0.109826389312744155E+01   -0.565591101348400072E+00    0.159651144742965712E+00   -0.688761470317840602E-01    0.873032762647646265E+01   -0.400856885447806945E+02   -0.488160161712571607E+02
    0.109826389312744155E+01   -0.565591101348400072E+00    0.159651144742965712E+00   -0.688761470317840602E-01    0.873032762647646265E+01   -0.400856885447806945E+02   -0.488160161712571607E+02
    0.133845661282539385E+01   -0.597961041629314405E+00    0.158485018610954292E+00   -0.624828407764434837E-01    0.873032762647646265E+01   -0.400826077791827800E+02   -0.488129354056592391E+02
    0.133845661282539385E+01   -0.597961041629314405E+00    0.158485018610954292E+00   -0.624828407764434837E-01    0.873032762647646265E+01   -0.400826077791827800E+02   -0.488129354056592391E+02
    0.106472320437431334E+01   -0.568093832433223755E+00    0.185320913195610060E+00   -0.559738368391990704E-01    0.873032762647646265E+01   -0.400729379326502198E+02   -0.488032655591266789E+02
    0.106472320437431334E+01   -0.568093832433223755E+00    0.185320913195610060E+00   -0.559738368391990704E-01    0.873032762647646265E+01   -0.400729379326502198E+02   -0.488032655591266789E+02
    0.937258480787277248E+00   -0.506075095534324726E+00    0.186583877503871925E+00   -0.687619957327842840E-01    0.873032762647646265E+01   -0.400722437633317980E+02   -0.488025713898082643E+02
    0.937258480787277248E+00   -0.506075095534324726E+00    0.186583877503871925E+00   -0.687619957327842840E-01    0.873032762647646265E+01   -0.400722437633317980E+02   -0.488025713898082643E+02
    0.109920137405395524E+01   -0.561457398533821150E+00    0.142064522206783311E+00   -0.484538960456848133E-01    0.873032762647646265E+01   -0.400595705870178023E+02   -0.487898982134942685E+02
    0.109920137405395524E+01   -0.561457398533821150E+00    0.142064522206783311E+00   -0.484538960456848133E-01    0.873032762647646265E+01   -0.400595705870178023E+02   -0.487898982134942685E+02
    0.119360262155532837E+01   -0.593764110803604139E+00    0.175760379731655147E+00   -0.562373511791229297E-01    0.873032762647646265E+01   -0.400592067348425331E+02   -0.487895343613189922E+02
    0.116290831923484816E+01   -0.528105393052101135E+00    0.155483852624893198E+00   -0.680636146664619496E-01    0.873032762647646265E+01   -0.400553604968813772E+02   -0.487856881233578434E+02
    0.116290831923484816E+01   -0.528105393052101135E+00    0.155483852624893198E+00   -0.680636146664619496E-01    0.873032762647646265E+01   -0.400553604968813772E+02   -0.487856881233578434E+02
    0.121590878367424016E+01   -0.588825448453426326E+00    0.164752596914768235E+00   -0.524099684953689554E-01    0.873032762647646265E+01   -0.400544712015968116E+02   -0.487847988280732778E+02
    0.121590878367424016E+01   -0.588825448453426326E+00    0.164752596914768235E+00   -0.524099684953689554E-01    0.873032762647646265E+01   -0.400544712015968116E+02   -0.487847988280732778E+02
    0.128940770506858837E+01   -0.648284151256084407E+00    0.155953495502471923E+00   -0.517898086309433042E-01    0.873032762647646265E+01   -0.400541977725943212E+02   -0.487845253990707803E+02
    0.128940770506858837E+01   -0.648284151256084407E+00    0.155953495502471923E+00   -0.517898086309433042E-01    0.873032762647646265E+01   -0.400541977725943212E+02   -0.487845253990707803E+02
    0.131154477953910842E+01   -0.636509243845939654E+00    0.176997641921043392E+00   -0.551886773705482503E-01    0.873032762647646265E+01   -0.400508262360243350E+02   -0.487811538625008012E+02
    0.131154477953910842E+01   -0.636509243845939654E+00    0.176997641921043392E+00   -0.551886773705482503E-01    0.873032762647646265E+01   -0.400508262360243350E+02   -0.487811538625008012E+02
    0.136234718937224497E+01   -0.603067319351213271E+00    0.155157439365202710E+00   -0.614523319671412133E-01    0.873032762647646265E+01   -0.400504900348837936E+02   -0.487808176613602527E+02
    0.118871385812759400E+01   -0.639422634840011606E+00    0.186626502573490144E+00   -0.659909598231315647E-01    0.873032762647646265E+01   -0.400422326198714558E+02   -0.487725602463479220E+02
    0.118871385812759400E+01   -0.639422634840011606E+00    0.186626502573490144E+00   -0.659909598231315647E-01    0.873032762647646265E+01   -0.400422326198714558E+02   -0.487725602463479220E+02
    0.109828102946281447E+01   -0.584955471158027596E+00    0.185800241827964785E+00   -0.539284904599189735E-01    0.873032762647646265E+01   -0.400398432085262215E+02   -0.487701708350026877E+02
    0.109828102946281447E+01   -0.584955471158027596E+00    0.185800241827964785E+00   -0.539284904599189735E-01    0.873032762647646265E+01   -0.400398432085262215E+02   -0.487701708350026877E+02
    0.129751565933227542E+01   -0.640632203221321084E+00    0.191991500258445746E+00   -0.654999887347221393E-01    0.873032762647646265E+01   -0.400288393972410859E+02   -0.487591670237175521E+02
    0.911433063745498706E+00   -0.487717499434948021E+00    0.166650989353656770E+00   -0.555562421679496807E-01    0.873032762647646265E+01   -0.400280280992849384E+02   -0.487583557257613975E+02
    0.911433063745498706E+00   -0.487717499434948021E+00    0.166650989353656770E+00   -0.555562421679496807E-01    0.873032762647646265E+01   -0.400280280992849384E+02   -0.487583557257613975E+02
    0.129827179670333859E+01   -0.623339832425117479E+00    0.170885779559612289E+00   -0.551192231178283740E-01    0.873032762647646265E+01   -0.400139400939152239E+02   -0.487442677203916830E+02
    0.129222677042976120E+01   -0.674756236995640135E+00    0.174349879074195108E+00   -0.505815923387691879E-01    0.873032762647646265E+01   -0.400113610408156006E+02   -0.487416886672920668E+02
    0.129222677042976120E+01   -0.674756236995640135E+00    0.174349879074195108E+00   -0.505815923387691879E-01    0.873032762647646265E+01   -0.400113610408156006E+02   -0.487416886672920668E+02
    0.123056610822677626E+01   -0.670394975543022076E+00    0.190482068359851847E+00   -0.541526145339012166E-01    0.873032762647646265E+01   -0.400102507722799174E+02   -0.487405783987563836E+02
    0.118446358084678671E+01   -0.656156402826309160E+00    0.190112673044204733E+00   -0.490260097384452864E-01    0.873032762647646265E+01   -0.400041200604230625E+02   -0.487344476868995216E+02
    0.118446358084678671E+01   -0.656156402826309160E+00    0.190112673044204733E+00   -0.490260097384452864E-01    0.873032762647646265E+01   -0.400041200604230625E+02   -0.487344476868995216E+02
    0.131694357512791904E+01   -0.662504577944568518E+00    0.187869247445692000E+00   -0.540671795284559387E-01    0.873032762647646265E+01   -0.399938540336584936E+02   -0.487241816601349527E+02
    0.130687368869781517E+01   -0.662877327501773750E+00    0.197638616859912880E+00   -0.614445090889930781E-01    0.873032762647646265E+01   -0.399860894474811204E+02   -0.487164170739575795E+02
    0.130687368869781517E+01   -0.662877327501773750E+00    0.197638616859912880E+00   -0.614445090889930781E-01    0.873032762647646265E+01   -0.399860894474811204E+02   -0.487164170739575795E+02
    0.134139603809527119E+01   -0.665276920178217157E+00    0.196409945247039197E+00   -0.652157376951716661E-01    0.873032762647646265E+01   -0.399844755910734477E+02   -0.487148032175499139E+02
    0.134139603809527119E+01   -0.665276920178217157E+00    0.196409945247039197E+00   -0.652157376951716661E-01    0.873032762647646265E+01   -0.399844755910734477E+02   -0.487148032175499139E+02
    0.134280595183372498E+01   -0.652080829441547327E+00    0.148875513970851914E+00   -0.559089751243591337E-01    0.873032762647646265E+01   -0.399776920080913953E+02   -0.487080196345678615E+02
    0.134280595183372498E+01   -0.652080829441547327E+00    0.148875513970851914E+00   -0.559089751243591337E-01    0.873032762647646265E+01   -0.399776920080913953E+02   -0.487080196345678615E+02
    0.131629209280014048E+01   -0.557957642674446141E+00    0.140629988312721249E+00   -0.662421387434005832E-01    0.873032762647646265E+01   -0.399744989709601271E+02   -0.487048265974365862E+02
    0.107856364847233910E+01   -0.580085838120070418E+00    0.192906923073343201E+00   -0.610225876020069197E-01    0.873032762647646265E+01   -0.399744139448158080E+02   -0.487047415712922671E+02
    0.107856364847233910E+01   -0.580085838120070418E+00    0.192906923073343201E+00   -0.610225876020069197E-01    0.873032762647646265E+01   -0.399744139448158080E+02   -0.487047415712922671E+02
    0.125305849432945271E+01   -0.616904960572719596E+00    0.172366735339164745E+00   -0.532075867652893053E-01    0.873032762647646265E+01   -0.399700501442040661E+02   -0.487003777706805252E+02
    0.134726715683937082E+01   -0.620520008802413869E+00    0.153009324371814748E+00   -0.497826954722404499E-01    0.873032762647646265E+01   -0.399564337408135231E+02   -0.486867613672899893E+02
    0.134726715683937082E+01   -0.620520008802413869E+00    0.153009324371814748E+00   -0.497826954722404499E-01    0.873032762647646265E+01   -0.399564337408135231E+02   -0.486867613672899893E+02
    0.129547810792922991E+01   -0.569029492139816240E+00    0.150689810812473318E+00   -0.668626180291175959E-01    0.873032762647646265E+01   -0.399500562969827797E+02   -0.486803839234592388E+02
    0.979685689210891719E+00   -0.541094014942645973E+00    0.174996173679828670E+00   -0.484040087461471563E-01    0.873032762647646265E+01   -0.399443012087810700E+02   -0.486746288352575291E+02
    0.979685689210891719E+00   -0.541094014942645973E+00    0.174996173679828670E+00   -0.484040087461471563E-01    0.873032762647646265E+01   -0.399443012087810700E+02   -0.486746288352575291E+02
    0.127440546035766600E+01   -0.676294552385807046E+00    0.192134880423545845E+00   -0.665903353691101180E-01    0.873032762647646265E+01   -0.399373562582067620E+02   -0.486676838846832283E+02
    0.127440546035766600E+01   -0.676294552385807046E+00    0.192134880423545845E+00   -0.665903353691101180E-01    0.873032762647646265E+01   -0.399373562582067620E+02   -0.486676838846832283E+02
    0.116234953761100779E+01   -0.567715739011764531E+00    0.142205771505832690E+00   -0.633523247241973980E-01    0.873032762647646265E+01   -0.399281395786616145E+02   -0.486584672051380736E+02
    0.124794575214385994E+01   -0.621451144218444829E+00    0.175734255313873294E+00   -0.543374676108360349E-01    0.873032762647646265E+01   -0.399234138849923852E+02   -0.486537415114688514E+02
    0.124794575214385994E+01   -0.621451144218444829E+00    0.175734255313873294E+00   -0.543374676108360349E-01    0.873032762647646265E+01   -0.399234138849923852E+02   -0.486537415114688514E+02
    0.126067327560412323E+01   -0.627835915544861956E+00    0.175781016822368352E+00   -0.535350558624719114E-01    0.873032762647646265E+01   -0.399141190687701339E+02   -0.486444466952465930E+02
    0.126067327560412323E+01   -0.627835915544861956E+00    0.175781016822368352E+00   -0.535350558624719114E-01    0.873032762647646265E+01   -0.399141190687701339E+02   -0.486444466952465930E+02
    0.127937708139419559E+01   -0.682044743597507441E+00    0.196847449541091929E+00   -0.493438709378242468E-01    0.873032762647646265E+01   -0.399133840071609001E+02   -0.486437116336373592E+02
    0.133084050868183579E+01   -0.672914611638890547E+00    0.163617285992347400E+00   -0.477607577711622391E-01    0.873032762647646265E+01   -0.399060498788784344E+02   -0.486363775053548935E+02
    0.112282283140109596E+01   -0.621045854124925967E+00    0.188067066705466440E+00   -0.473326178660095492E-01    0.873032762647646265E+01   -0.398981904838665571E+02   -0.486285181103430233E+02
    0.112282283140109596E+01   -0.621045854124925967E+00    0.188067066705466440E+00   -0.473326178660095492E-01    0.873032762647646265E+01   -0.398981904838665571E+02   -0.486285181103430233E+02
    0.120521724181268963E+01   -0.585008146966671583E+00    0.171192037320972823E+00   -0.629488230151390993E-01    0.873032762647646265E+01   -0.398879652158217937E+02   -0.486182928422982599E+02
    0.120521724181268963E+01   -0.585008146966671583E+00    0.171192037320972823E+00   -0.629488230151390993E-01    0.873032762647646265E+01   -0.398879652158217937E+02   -0.486182928422982599E+02
    0.968661284117750765E+00   -0.502481184016745908E+00    0.136190534456138768E+00   -0.473022707158618008E-01    0.873032762647646265E+01   -0.398864748408586962E+02   -0.486168024673351553E+02
    0.104131220102310174E+01   -0.562873613536357897E+00    0.191779998242855076E+00   -0.643357255458831823E-01    0.873032762647646265E+01   -0.398850277802929156E+02   -0.486153554067693747E+02
    0.133964032766164665E+01   -0.676612093432186090E+00    0.164612608999681165E+00   -0.473431469402330954E-01    0.873032762647646265E+01   -0.398820532340440934E+02   -0.486123808605205525E+02
    0.133964032766164665E+01   -0.676612093432186090E+00    0.164612608999681165E+00   -0.473431469402330954E-01    0.873032762647646265E+01   -0.398820532340440934E+02   -0.486123808605205525E+02
    0.982848700284957966E+00   -0.485360988378524816E+00    0.149019343554973621E+00   -0.561878011226654081E-01    0.873032762647646265E+01   -0.398691206924947892E+02   -0.485994483189712483E+02
    0.982848700284957966E+00   -0.485360988378524816E+00    0.149019343554973621E+00   -0.561878011226654081E-01    0.873032762647646265E+01   -0.398691206924947892E+02   -0.485994483189712483E+02
    0.124185774954474293E+01   -0.577065739268135203E+00    0.149265483467572097E+00   -0.534790901435532595E-01    0.873032762647646265E+01   -0.398684737027450069E+02   -0.485988013292214731E+02
    0.124185774954474293E+01   -0.577065739268135203E+00    0.149265483467572097E+00   -0.534790901435532595E-01    0.873032762647646265E+01   -0.398684737027450069E+02   -0.485988013292214731E+02
    0.136340091203583258E+01   -0.661254621832788492E+00    0.151609964000735148E+00   -0.544855962880873151E-01    0.873032762647646265E+01   -0.398649867010635433E+02   -0.485953143275400024E+02
    0.136340091203583258E+01   -0.661254621832788492E+00    0.151609964000735148E+00   -0.544855962880873151E-01    0.873032762647646265E+01   -0.398649867010635433E+02   -0.485953143275400024E+02
    0.134017126707068002E+01   -0.660555851628265689E+00    0.189409235883966270E+00   -0.645157116294791388E-01    0.873032762647646265E+01   -0.398583608609136348E+02   -0.485886884873900939E+02
    0.134017126707068002E+01   -0.660555851628265689E+00    0.189409235883966270E+00   -0.645157116294791388E-01    0.873032762647646265E+01   -0.398583608609136348E+02   -0.485886884873900939E+02
    0.103442185768253925E+01   -0.495295684653551671E+00    0.150559765289080466E+00   -0.620895720751168737E-01    0.873032762647646265E+01   -0.398568156906774504E+02   -0.485871433171539167E+02
    0.105152449727058417E+01   -0.525289477407932304E+00    0.136891651153564470E+00   -0.558646838665008555E-01    0.873032762647646265E+01   -0.398532555237507893E+02   -0.485835831502272555E+02
    0.105152449727058417E+01   -0.525289477407932304E+00    0.136891651153564470E+00   -0.558646838665008555E-01    0.873032762647646265E+01   -0.398532555237507893E+02   -0.485835831502272555E+02
    0.134447034239769003E+01   -0.673640390634536734E+00    0.164459734559059156E+00   -0.518093563914299032E-01    0.873032762647646265E+01   -0.398500383340097102E+02   -0.485803659604861764E+02
    0.102756291926041365E+01   -0.570173505514795287E+00    0.173237578305108914E+00   -0.481617297634931579E-01    0.873032762647646265E+01   -0.398491127791182009E+02   -0.485794404055946671E+02
    0.129576546776460466E+01   -0.620932622867283346E+00    0.137294607849245187E+00   -0.486394724426758712E-01    0.873032762647646265E+01   -0.398490419853365267E+02   -0.485793696118129859E+02
    0.968654742240905753E+00   -0.522922629117965720E+00    0.152290618121624005E+00   -0.475717325806617741E-01    0.873032762647646265E+01   -0.398488580134190755E+02   -0.485791856398955346E+02
    0.115673162067370261E+01   -0.590140060948514678E+00    0.166979662414322771E+00   -0.491461513368957464E-01    0.873032762647646265E+01   -0.398469067340443956E+02   -0.485772343605208548E+02
    0.115673162067370261E+01   -0.590140060948514678E+00    0.166979662414322771E+00   -0.491461513368957464E-01    0.873032762647646265E+01   -0.398469067340443956E+02   -0.485772343605208548E+02
    0.134012873530387888E+01   -0.638408577442169167E+00    0.157110702991485607E+00   -0.471577392816543567E-01    0.873032762647646265E+01   -0.398423498121839827E+02   -0.485726774386604419E+02
    0.124131146788597113E+01   -0.661640613377094233E+00    0.186233555376529691E+00   -0.492431325912475598E-01    0.873032762647646265E+01   -0.398397276239652740E+02   -0.485700552504417331E+02
    0.124131146788597113E+01   -0.661640613377094233E+00    0.186233555376529691E+00   -0.492431325912475598E-01    0.873032762647646265E+01   -0.398397276239652740E+02   -0.485700552504417331E+02
    0.126711796641349794E+01   -0.651126372218131966E+00    0.170693114399909973E+00   -0.548363707661628785E-01    0.873032762647646265E+01   -0.398360660990488356E+02   -0.485663937255252947E+02
    0.126711796641349794E+01   -0.651126372218131966E+00    0.170693114399909973E+00   -0.548363707661628785E-01    0.873032762647646265E+01   -0.398360660990488356E+02   -0.485663937255252947E+02
    0.131262562990188614E+01   -0.686373257040977403E+00    0.188325616419315334E+00   -0.495133136510848976E-01    0.873032762647646265E+01   -0.398355090378556298E+02   -0.485658366643320960E+02
    0.945124881267547678E+00   -0.550527272820472757E+00    0.194250272512435929E+00   -0.570680041909217839E-01    0.873032762647646265E+01   -0.398316542436387238E+02   -0.485619818701151900E+02
    0.107944904685020449E+01   -0.574794754981994616E+00    0.163119528293609622E+00   -0.511860598921775878E-01    0.873032762647646265E+01   -0.398311871059752605E+02   -0.485615147324517196E+02
    0.113141577695256101E+01   -0.611326181108658440E+00    0.191996066535993659E+00   -0.571684432200181974E-01    0.873032762647646265E+01   -0.398196360113503971E+02   -0.485499636378268562E+02
    0.117500895890295998E+01   -0.559744742070016121E+00    0.137841856950253666E+00   -0.672082950680389229E-01    0.873032762647646265E+01   -0.398155169285225270E+02   -0.485458445549989932E+02
    0.117500895890295998E+01   -0.559744742070016121E+00    0.137841856950253666E+00   -0.672082950680389229E-01    0.873032762647646265E+01   -0.398155169285225270E+02   -0.485458445549989932E+02
    0.116393356561660766E+01   -0.597951320707797995E+00    0.175034839212894450E+00   -0.544886909723281895E-01    0.873032762647646265E+01   -0.398131142993875358E+02   -0.485434419258640020E+02
    0.135825681209564220E+01   -0.670666040778160055E+00    0.161624098122119919E+00   -0.543666884899139391E-01    0.873032762647646265E+01   -0.398016623278675041E+02   -0.485319899543439632E+02
    0.121959421992301942E+01   -0.538527327477931972E+00    0.139457477331161511E+00   -0.629469311237335211E-01    0.873032762647646265E+01   -0.398009973098783405E+02   -0.485313249363547996E+02
    0.109913534306152938E+01   -0.619107378628458438E+00    0.197679660744247893E+00   -0.596165556048283141E-01    0.873032762647646265E+01   -0.397993380458663353E+02   -0.485296656723428015E+02
    0.125046814046804822E+01   -0.575545702307958984E+00    0.160114080983839613E+00   -0.682747083851096698E-01    0.873032762647646265E+01   -0.397988764732971987E+02   -0.485292040997736578E+02
    0.119558826377199523E+01   -0.617694000183631742E+00    0.168529501441073648E+00   -0.584265978078707671E-01    0.873032762647646265E+01   -0.397895004155129755E+02   -0.485198280419894346E+02
    0.131917230262781682E+01   -0.659659294582996769E+00    0.194072735898263515E+00   -0.676919339313991758E-01    0.873032762647646265E+01   -0.397890105061008512E+02   -0.485193381325773174E+02
    0.131917230262781682E+01   -0.659659294582996769E+00    0.194072735898263515E+00   -0.676919339313991758E-01    0.873032762647646265E+01   -0.397890105061008512E+02   -0.485193381325773174E+02
    0.133713621020317097E+01   -0.661819007694721240E+00    0.170956373214721680E+00   -0.501736863255500820E-01    0.873032762647646265E+01   -0.397882311568345699E+02   -0.485185587833110361E+02
    0.120938195109367386E+01   -0.615185996294021598E+00    0.165438604056835192E+00   -0.624194541573524497E-01    0.873032762647646265E+01   -0.397878621378627173E+02   -0.485181897643391764E+02
    0.120938195109367386E+01   -0.615185996294021598E+00    0.165438604056835192E+00   -0.624194541573524497E-01    0.873032762647646265E+01   -0.397878621378627173E+02   -0.485181897643391764E+02
    0.123362551797163489E+01   -0.616982497912981986E+00    0.171709000950952206E+00   -0.547172437379734380E-01    0.873032762647646265E+01   -0.397877095612252845E+02   -0.485180371877017507E+02
    0.123362551797163489E+01   -0.616982497912981986E+00    0.171709000950952206E+00   -0.547172437379734380E-01    0.873032762647646265E+01   -0.397877095612252845E+02   -0.485180371877017507E+02
    0.118288215756416326E+01   -0.621586858928203534E+00    0.194442759454250352E+00   -0.636874977350234961E-01    0.873032762647646265E+01   -0.397874583338266063E+02   -0.485177859603030726E+02
    0.105274986863136299E+01   -0.559821062088012633E+00    0.171806255578994760E+00   -0.697086918950080986E-01    0.873032762647646265E+01   -0.397873284803104497E+02   -0.485176561067869159E+02
    0.107575335621833812E+01   -0.559544309973716736E+00    0.169470427334308643E+00   -0.544317942261695886E-01    0.873032762647646265E+01   -0.397849192532457465E+02   -0.485152468797222056E+02
    0.107575335621833812E+01   -0.559544309973716736E+00    0.169470427334308643E+00   -0.544317942261695886E-01    0.873032762647646265E+01   -0.397849192532457465E+02   -0.485152468797222056E+02
    0.125826450777137699E+01   -0.651341464174332030E+00    0.176849220996973755E+00   -0.500592792734416772E-01    0.873032762647646265E+01   -0.397837219690969590E+02   -0.485140495955734252E+02
    0.928906888961792077E+00   -0.495529660582542442E+00    0.176961545050144220E+00   -0.685945613980293301E-01    0.873032762647646265E+01   -0.397815991389231698E+02   -0.485119267653996360E+02
    0.122550883293151869E+01   -0.624172413945198068E+00    0.186456862390041361E+00   -0.629334715604782102E-01    0.873032762647646265E+01   -0.397789799126034467E+02   -0.485093075390799129E+02
    0.125033386043605388E+01   -0.628788615109848070E+00    0.174025195268591032E+00   -0.543554280831176698E-01    0.873032762647646265E+01   -0.397754190538941401E+02   -0.485057466803705992E+02
    0.115274153709411631E+01   -0.584783450067043242E+00    0.171357599794864673E+00   -0.570122823119163513E-01    0.873032762647646265E+01   -0.397723773305733346E+02   -0.485027049570498008E+02
    0.116689683556556711E+01   -0.608963752090930899E+00    0.194782830178737654E+00   -0.682002323865890520E-01    0.873032762647646265E+01   -0.397664265656709262E+02   -0.484967541921473924E+02
    0.136211262464523331E+01   -0.656609868407249442E+00    0.152439131736755384E+00   -0.558578087687492397E-01    0.873032762647646265E+01   -0.397657606002884734E+02   -0.484960882267649396E+02
    0.136211262464523331E+01   -0.656609868407249442E+00    0.152439131736755384E+00   -0.558578087687492397E-01    0.873032762647646265E+01   -0.397657606002884734E+02   -0.484960882267649396E+02
    0.960169075727462795E+00   -0.550963719785213524E+00    0.190211459994316101E+00   -0.578094207644462635E-01    0.873032762647646265E+01   -0.397645578947352760E+02   -0.484948855212117422E+02
    0.113824036654207172E+01   -0.566136957166594290E+00    0.141769233789846183E+00   -0.497080698762397896E-01    0.873032762647646265E+01   -0.397640044046376460E+02   -0.484943320311141122E+02
    0.101747002005577092E+01   -0.478822688162326870E+00    0.141563206911087036E+00   -0.614585320949554495E-01    0.873032762647646265E+01   -0.397630206811295039E+02   -0.484933483076059630E+02
    0.113430788516998304E+01   -0.608769207596778883E+00    0.178647474646568299E+00   -0.552173306941986103E-01    0.873032762647646265E+01   -0.397603143104760619E+02   -0.484906419369525210E+02
    0.133051300287246721E+01   -0.645651028156280504E+00    0.161690569519996663E+00   -0.498217416405677821E-01    0.873032762647646265E+01   -0.397596402152169475E+02   -0.484899678416934137E+02
    0.105288408041000370E+01   -0.491759904026985217E+00    0.138802065551280995E+00   -0.583509714603424115E-01    0.873032762647646265E+01   -0.397580158919106736E+02   -0.484883435183871399E+02
    0.133988105797120327E+01   -0.688879941920920502E+00    0.185089792092144351E+00   -0.602870463705259957E-01    0.873032762647646265E+01   -0.397559202746257228E+02   -0.484862479011021819E+02
    0.103216149242490962E+01   -0.542721536394415338E+00    0.153477769452209617E+00   -0.500013812181176326E-01    0.873032762647646265E+01   -0.397552121427245595E+02   -0.484855397692010257E+02
    0.100924183023736269E+01   -0.545604634678302003E+00    0.179306092665938166E+00   -0.592156994050831650E-01    0.873032762647646265E+01   -0.397551308313931600E+02   -0.484854584578696191E+02
    0.107047835350036635E+01   -0.539544284343719482E+00    0.168234896957874303E+00   -0.634424166083335933E-01    0.873032762647646265E+01   -0.397542230544594446E+02   -0.484845506809359037E+02
    0.109384873855003750E+01   -0.529447848649731601E+00    0.153452805747307713E+00   -0.594673165731169628E-01    0.873032762647646265E+01   -0.397510636867166482E+02   -0.484813913131931145E+02
    0.119902487645251998E+01   -0.647317484333332804E+00    0.195569829018788999E+00   -0.665576484665793972E-01    0.873032762647646265E+01   -0.397500624001326912E+02   -0.484803900266091503E+02
    0.117668267011642458E+01   -0.627550672292709333E+00    0.189881667792797110E+00   -0.579040654301643393E-01    0.873032762647646265E+01   -0.397488940752410116E+02   -0.484792217017174707E+02
    0.112653843522071839E+01   -0.562337141931056994E+00    0.162144680321216594E+00   -0.562578243017196680E-01    0.873032762647646265E+01   -0.397482224618158853E+02   -0.484785500882923515E+02
    0.122749150839757482E+01   -0.574444045011819227E+00    0.145556353708426012E+00   -0.528994975262909034E-01    0.873032762647646265E+01   -0.397424177274590420E+02   -0.484727453539355011E+02
    0.119943958904845971E+01   -0.574513981780392591E+00    0.144326714788164001E+00   -0.475569864356834016E-01    0.873032762647646265E+01   -0.397402777314788835E+02   -0.484706053579553426E+02
    0.126371144014973269E+01   -0.665015311482815341E+00    0.199124237904719614E+00   -0.623053823402211215E-01    0.873032762647646265E+01   -0.397400094911046722E+02   -0.484703371175811384E+02
    0.131794208884239206E+01   -0.627553291618824005E+00    0.165569547712802911E+00   -0.598164831995964125E-01    0.873032762647646265E+01   -0.397394859987980453E+02   -0.484698136252745115E+02
    0.132753136277198802E+01   -0.633003254830837192E+00    0.164899061024188998E+00   -0.582375741600990315E-01    0.873032762647646265E+01   -0.397385420099301570E+02   -0.484688696364066232E+02
    0.131921031475067152E+01   -0.680377227365970616E+00    0.190529226362705251E+00   -0.580760895609855679E-01    0.873032762647646265E+01   -0.397380350972334213E+02   -0.484683627237098804E+02
    0.105033703481686436E+01   -0.563028535598199542E+00    0.185478070094751341E+00   -0.634604303189935659E-01    0.873032762647646265E+01   -0.397380173701423303E+02   -0.484683449966187894E+02
    0.935245386362075881E+00   -0.528490097820758842E+00    0.174226973652839678E+00   -0.536429387927055412E-01    0.873032762647646265E+01   -0.397337705941832269E+02   -0.484640982206596931E+02
    0.133066299824675549E+01   -0.658315958170335946E+00    0.189864761715980906E+00   -0.684906974777685917E-01    0.873032762647646265E+01   -0.397316908282877677E+02   -0.484620184547642268E+02
    0.117829551520714060E+01   -0.594528321986450115E+00    0.171463175474453861E+00   -0.579773296641414720E-01    0.873032762647646265E+01   -0.397310000183527308E+02   -0.484613276448291970E+02
    0.131050308227539070E+01   -0.683819484114646881E+00    0.193393524885177637E+00   -0.595246884226799042E-01    0.873032762647646265E+01   -0.397276236271665653E+02   -0.484579512536430315E+02
    0.121254012015249479E+01   -0.642985412743847906E+00    0.187203203963342529E+00   -0.620722764746110267E-01    0.873032762647646265E+01   -0.397265288870442674E+02   -0.484568565135207265E+02
    0.107280119614049663E+01   -0.548875941169648107E+00    0.149080100993826098E+00   -0.525077589470827402E-01    0.873032762647646265E+01   -0.397248625830061428E+02   -0.484551902094826019E+02
    0.101711968818645193E+01   -0.540327232339614549E+00    0.164086969882126871E+00   -0.516263248205406783E-01    0.873032762647646265E+01   -0.397240906118218646E+02   -0.484544182382983237E+02
    0.996438427981170105E+00   -0.534459017533033043E+00    0.166921744130182292E+00   -0.531369225613796542E-01    0.873032762647646265E+01   -0.397230303456627212E+02   -0.484533579721391803E+02
    0.133542021870613103E+01   -0.630352034568786634E+00    0.159969407021999355E+00   -0.573169828057289166E-01    0.873032762647646265E+01   -0.397187208218144860E+02   -0.484490484482909523E+02
    0.102924150787902247E+01   -0.560088390403124414E+00    0.172652074099877345E+00   -0.541052753899780928E-01    0.873032762647646265E+01   -0.397171864585536412E+02   -0.484475140850301003E+02
    0.973525920511078557E+00   -0.473341195378278345E+00    0.145457573229916287E+00   -0.609642123988830831E-01    0.873032762647646265E+01   -0.397155964728168129E+02   -0.484459240992932720E+02
    0.136477980403830967E+01   -0.670900010862709339E+00    0.168068998221031107E+00   -0.529877942012880881E-01    0.873032762647646265E+01   -0.397153288935489570E+02   -0.484456565200254232E+02
    0.116614652298907151E+01   -0.614838702427912165E+00    0.177655805024009711E+00   -0.591600663181345715E-01    0.873032762647646265E+01   -0.397132787923944903E+02   -0.484436064188709565E+02
    0.106923507809638973E+01   -0.592007635533809640E+00    0.195620613098144547E+00   -0.624815356731414848E-01    0.873032762647646265E+01   -0.397114198077710938E+02   -0.484417474342475600E+02
    0.131066136662910671E+01   -0.633639363208341244E+00    0.164117905110744450E+00   -0.559664804833047633E-01    0.873032762647646265E+01   -0.397084307650538477E+02   -0.484387583915303068E+02
    0.119108371734619145E+01   -0.624738132357597342E+00    0.182006765604019183E+00   -0.576740423440933250E-01    0.873032762647646265E+01   -0.397038531258156411E+02   -0.484341807522921002E+02
    0.120643705107689714E+01   -0.592332161065799667E+00    0.146285453646052888E+00   -0.500534058149139094E-01    0.873032762647646265E+01   -0.397020627533981525E+02   -0.484323903798746187E+02
    0.122023742198944096E+01   -0.634129817187786049E+00    0.178700816035270715E+00   -0.582558661699295044E-01    0.873032762647646265E+01   -0.396997221911093021E+02   -0.484300498175857612E+02
    0.132056502833373335E+01   -0.677178373626860952E+00    0.185324632866380234E+00   -0.615879271320103686E-01    0.873032762647646265E+01   -0.396986515618764173E+02   -0.484289791883528835E+02
    0.967213463914393556E+00   -0.482454223423756545E+00    0.156107653232509663E+00   -0.652049232739924239E-01    0.873032762647646265E+01   -0.396983248279734227E+02   -0.484286524544498818E+02
    0.109516188740730280E+01   -0.528791824579238900E+00    0.140384961962699895E+00   -0.499942044615745568E-01    0.873032762647646265E+01   -0.396982308246656288E+02   -0.484285584511420879E+02
    0.107940371340169561E+01   -0.524792791144179760E+00    0.135857465328170918E+00   -0.615610502476708760E-01    0.873032762647646265E+01   -0.396980928190357361E+02   -0.484284204455121952E+02
    0.125150063286091040E+01   -0.647086082809092300E+00    0.183292114094857572E+00   -0.675365948188992871E-01    0.873032762647646265E+01   -0.396938035945740069E+02   -0.484241312210504731E+02
    0.131460835110798113E+01   -0.675327710879448651E+00    0.197419409038066040E+00   -0.659846942140346615E-01    0.873032762647646265E+01   -0.396928441469072908E+02   -0.484231717733837499E+02
    0.128914122732459457E+01   -0.672951985956614762E+00    0.192184761271953219E+00   -0.631527303282721220E-01    0.873032762647646265E+01   -0.396918967344401210E+02   -0.484222243609165801E+02
    0.126223502638522200E+01   -0.589195372138793250E+00    0.155774162797003513E+00   -0.623769170840376558E-01    0.873032762647646265E+01   -0.396900661852153291E+02   -0.484203938116917882E+02
    0.128462465457563080E+01   -0.582428764016004630E+00    0.141812354282660424E+00   -0.571956934752308049E-01    0.873032762647646265E+01   -0.396886995837235474E+02   -0.484190272102000137E+02
    0.991490131615405446E+00   -0.510085107196356691E+00    0.149929158571385834E+00   -0.503897550414549589E-01    0.873032762647646265E+01   -0.396885604629151345E+02   -0.484188880893915936E+02
    0.109289953435343978E+01   -0.545754840266816865E+00    0.161976219672198662E+00   -0.603140997314348809E-01    0.873032762647646265E+01   -0.396876305436471881E+02   -0.484179581701236472E+02
    0.946921235322952359E+00   -0.514919579327106525E+00    0.161593576371669767E+00   -0.576448667049408031E-01    0.873032762647646265E+01   -0.396863990491104346E+02   -0.484167266755868937E+02
    0.120257858816794871E+01   -0.600673263198318930E+00    0.163415441427958302E+00   -0.691939354771463483E-01    0.873032762647646265E+01   -0.396843035885254665E+02   -0.484146312150019256E+02
    0.105808596354099071E+01   -0.570878297248494926E+00    0.183192965061319712E+00   -0.608804008506531463E-01    0.873032762647646265E+01   -0.396832408053360837E+02   -0.484135684318125428E+02
    0.110395962005523063E+01   -0.573086327575425325E+00    0.166626437170828312E+00   -0.546872503427470250E-01    0.873032762647646265E+01   -0.396803465791579413E+02   -0.484106742056344004E+02
    0.131045074105262760E+01   -0.598913103640079436E+00    0.143081882894039170E+00   -0.555203477144241356E-01    0.873032762647646265E+01   -0.396705245077039166E+02   -0.484008521341803828E+02
    0.978990314566518971E+00   -0.512882639590967138E+00    0.171378107895020892E+00   -0.656243839438113291E-01    0.873032762647646265E+01   -0.396679764913130697E+02   -0.483983041177895288E+02
    0.111139325147028756E+01   -0.585404228709883179E+00    0.173548054287297387E+00   -0.576466574875053317E-01    0.873032762647646265E+01   -0.396662318440838959E+02   -0.483965594705603621E+02
    0.117206704616546631E+01   -0.581997551620006548E+00    0.153171522021293638E+00   -0.595649533271789614E-01    0.873032762647646265E+01   -0.396573905923998069E+02   -0.483877182188762660E+02
    0.135353134900529715E+01   -0.670962788548930877E+00    0.184371673651255841E+00   -0.650351515980820694E-01    0.873032762647646265E+01   -0.396566469552528247E+02   -0.483869745817292838E+02
    0.128173734251838267E+01   -0.592725843153932175E+00    0.143165337576757645E+00   -0.547663001741050398E-01    0.873032762647646265E+01   -0.396519557051306890E+02   -0.483822833316071552E+02
    0.129161962943921460E+01   -0.660012937660486521E+00    0.190663283799120981E+00   -0.658292139943209287E-01    0.873032762647646265E+01   -0.396506294375417667E+02   -0.483809570640182258E+02
    0.124131135972854834E+01   -0.649796140766119468E+00    0.194302182850641492E+00   -0.660085111050143086E-01    0.873032762647646265E+01   -0.396482861062441572E+02   -0.483786137327206234E+02
    0.120521466319100767E+01   -0.607888161548540085E+00    0.169895458776096880E+00   -0.589202940443819198E-01    0.873032762647646265E+01   -0.396473774554792726E+02   -0.483777050819557388E+02
    0.121577416608574262E+01   -0.604296391397992960E+00    0.176107544694951074E+00   -0.663963016814794749E-01    0.873032762647646265E+01   -0.396453429965441160E+02   -0.483756706230205822E+02
    0.112785616824596291E+01   -0.573263971380859161E+00    0.158244093422818088E+00   -0.566840725785542274E-01    0.873032762647646265E+01   -0.396445391395494511E+02   -0.483748667660259173E+02
    0.125787020748136613E+01   -0.587644321466089248E+00    0.137385006945762972E+00   -0.621516407042174215E-01    0.873032762647646265E+01   -0.396382478599043395E+02   -0.483685754863808057E+02
    0.113716802994951438E+01   -0.554173578635281605E+00    0.150730744630030694E+00   -0.561453505790100588E-01    0.873032762647646265E+01   -0.396335980804275607E+02   -0.483639257069040198E+02
    0.134495912415126995E+01   -0.607699115084473496E+00    0.135023119423557436E+00   -0.527471372398703245E-01    0.873032762647646265E+01   -0.396329140552331154E+02   -0.483632416817095745E+02
    0.106353338409812914E+01   -0.530451266630384000E+00    0.141985675773395437E+00   -0.509997137827396946E-01    0.873032762647646265E+01   -0.396317350146828886E+02   -0.483620626411593477E+02
    0.986869820295579570E+00   -0.517087681843080516E+00    0.154080196218256332E+00   -0.534817028799775135E-01    0.873032762647646265E+01   -0.396306459613699218E+02   -0.483609735878463809E+02
    0.996358219385147126E+00   -0.528640758097171815E+00    0.160592758953571335E+00   -0.578787694573402456E-01    0.873032762647646265E+01   -0.396287755725617075E+02   -0.483591031990381737E+02
    0.106804675767338253E+01   -0.499699452091208141E+00    0.142311664307911284E+00   -0.636368378796907108E-01    0.873032762647646265E+01   -0.396251773323784988E+02   -0.483555049588549650E+02
    0.135067553603151547E+01   -0.663534802148791236E+00    0.172069493804283769E+00   -0.665771341309928655E-01    0.873032762647646265E+01   -0.396249611509311421E+02   -0.483552887774076012E+02
    0.135290545277428542E+01   -0.609563695819541396E+00    0.138717416918341829E+00   -0.561670767107555202E-01    0.873032762647646265E+01   -0.396241816794423727E+02   -0.483545093059188389E+02
    0.133257671657268717E+01   -0.614901013354366310E+00    0.155652420838783445E+00   -0.642944961242505192E-01    0.873032762647646265E+01   -0.396234889032113102E+02   -0.483538165296877764E+02
    0.127444807997436382E+01   -0.599259607728536259E+00    0.139979898120102642E+00   -0.557464964052234238E-01    0.873032762647646265E+01   -0.396218365301860018E+02   -0.483521641566624680E+02
    0.124577743162375909E+01   -0.560233739538342990E+00    0.145609557616632662E+00   -0.676008841200543414E-01    0.873032762647646265E+01   -0.396170138446571087E+02   -0.483473414711335749E+02
    0.124865750324991298E+01   -0.570899095030600101E+00    0.138281140020204141E+00   -0.567229767934625748E-01    0.873032762647646265E+01   -0.396164161318132670E+02   -0.483467437582897261E+02
    0.100847270724914129E+01   -0.542147983023116065E+00    0.173810036497041298E+00   -0.696761537566241845E-01    0.873032762647646265E+01   -0.396144368933598372E+02   -0.483447645198363034E+02
    0.136354244681497949E+01   -0.670215582367366114E+00    0.175857701659602128E+00   -0.664377000593602968E-01    0.873032762647646265E+01   -0.396071286530448674E+02   -0.483374562795213336E+02
    0.108823336562792994E+01   -0.534744218456498110E+00    0.145163427689882829E+00   -0.541477631573784382E-01    0.873032762647646265E+01   -0.396054005454307969E+02   -0.483357281719072560E+02
    0.130180001912623933E+01   -0.640910061036787715E+00    0.169590956148949756E+00   -0.648036992620791563E-01    0.873032762647646265E+01   -0.395984706794314434E+02   -0.483287983059079096E+02
    0.115835460058464634E+01   -0.585219568432865489E+00    0.171275902832944082E+00   -0.639175287596974312E-01    0.873032762647646265E+01   -0.395973094637730583E+02   -0.483276370902495174E+02
    0.109256916610375310E+01   -0.576312032641092764E+00    0.175710633099614905E+00   -0.642693581091923899E-01    0.873032762647646265E+01   -0.395956857148763390E+02   -0.483260133413528052E+02
    0.122852663755416880E+01   -0.576952897608280169E+00    0.139225065708160400E+00   -0.629863076806068400E-01    0.873032762647646265E+01   -0.395929972420052820E+02   -0.483233248684817411E+02
    0.128758582988886383E+01   -0.595336876968113327E+00    0.155633110205557951E+00   -0.673429417404867170E-01    0.873032762647646265E+01   -0.395907205473504860E+02   -0.483210481738269522E+02
    0.126397302502112252E+01   -0.627728378879338522E+00    0.173016234082306736E+00   -0.650109318168465566E-01    0.873032762647646265E+01   -0.395891941715018874E+02   -0.483195217979783465E+02
    0.107610014163752821E+01   -0.522020669715933083E+00    0.142171984331594142E+00   -0.555489752557808414E-01    0.873032762647646265E+01   -0.395887026987376345E+02   -0.483190303252141007E+02
    0.135699212441157213E+01   -0.642710014303620292E+00    0.164512791165943972E+00   -0.652624768918294712E-01    0.873032762647646265E+01   -0.395883806584547813E+02   -0.483187082849312404E+02
    0.103186895464623318E+01   -0.534023129081679038E+00    0.158127727983835981E+00   -0.587271094818970565E-01    0.873032762647646265E+01   -0.395838475659010953E+02   -0.483141751923775544E+02
    0.123527079083803426E+01   -0.606766493460493939E+00    0.168147064902345322E+00   -0.650029596436580287E-01    0.873032762647646265E+01   -0.395810518165578458E+02   -0.483113794430343049E+02
    0.936245196701539939E+00   -0.501544055999344818E+00    0.161004081398208432E+00   -0.649966544585805078E-01    0.873032762647646265E+01   -0.395795091127363889E+02   -0.483098367392128480E+02
    0.124011745883600621E+01   -0.569773279965515633E+00    0.147543043458558537E+00   -0.650205197781256461E-01    0.873032762647646265E+01   -0.395793890045441401E+02   -0.483097166310205992E+02
    0.129320515498787691E+01   -0.588080266894746240E+00    0.146501165959906365E+00   -0.646597792408655642E-01    0.873032762647646265E+01   -0.395751343205758559E+02   -0.483054619470523221E+02
    0.135417656164843470E+01   -0.636911023879029203E+00    0.155182276689803111E+00   -0.635691025449947461E-01    0.873032762647646265E+01   -0.395715198361501734E+02   -0.483018474626266325E+02
    0.112346656672430645E+01   -0.579415954450370418E+00    0.172367065504353545E+00   -0.699829708588506905E-01    0.873032762647646265E+01   -0.395712844106254806E+02   -0.483016120371019397E+02
    0.104584981008568079E+01   -0.527004236681111071E+00    0.162341562431894459E+00   -0.651822316144228669E-01    0.873032762647646265E+01   -0.395710461598092849E+02   -0.483013737862857511E+02
    0.104612896875817740E+01   -0.510218805797731489E+00    0.135013824870577032E+00   -0.536102592462427141E-01    0.873032762647646265E+01   -0.395680790968607283E+02   -0.482984067233371945E+02
    0.129793176255948106E+01   -0.613538321092933492E+00    0.152694398449366969E+00   -0.694474965132849675E-01    0.873032762647646265E+01   -0.395640198054640990E+02   -0.482943474319405581E+02
    0.115075915385567429E+01   -0.558076211814337309E+00    0.148484045454774588E+00   -0.672970225708291181E-01    0.873032762647646265E+01   -0.395618344069096253E+02   -0.482921620333860915E+02
    0.127560849906944673E+01   -0.593496714735374353E+00    0.141536006154040994E+00   -0.599929393000918146E-01    0.873032762647646265E+01   -0.395613508465224584E+02   -0.482916784729989175E+02
    0.111116417548593649E+01   -0.533073080511196173E+00    0.136157496552533952E+00   -0.574617460457030396E-01    0.873032762647646265E+01   -0.395611753212107971E+02   -0.482915029476872633E+02
    0.122283064283135534E+01   -0.580073186248932338E+00    0.144427471130479351E+00   -0.612405255631144549E-01    0.873032762647646265E+01   -0.395605320166850589E+02   -0.482908596431615180E+02
    0.136572721613875592E+01   -0.617924463735541996E+00    0.137407084823853748E+00   -0.628064813078708234E-01    0.873032762647646265E+01   -0.395563419283162858E+02   -0.482866695547927449E+02
    0.128198638018267341E+01   -0.626961076104917137E+00    0.167760861973903663E+00   -0.687784472139118530E-01    0.873032762647646265E+01   -0.395540982631411850E+02   -0.482844258896176441E+02
    0.936849097098301109E+00   -0.490900648648936289E+00    0.152616139545205809E+00   -0.576768721387579189E-01    0.873032762647646265E+01   -0.395493279763234540E+02   -0.482796556027999202E+02
    0.969674782082715514E+00   -0.506738324644986249E+00    0.160397822251006905E+00   -0.614903386982960237E-01    0.873032762647646265E+01   -0.395432310532540612E+02   -0.482735586797305274E+02
    0.111618321271514964E+01   -0.536396893327134250E+00    0.141936239191229080E+00   -0.583470643255530816E-01    0.873032762647646265E+01   -0.395421055299625266E+02   -0.482724331564389857E+02
    0.121188916786260492E+01   -0.583588868983946130E+00    0.152626465417448065E+00   -0.638662412647159061E-01    0.873032762647646265E+01   -0.395404586238771429E+02   -0.482707862503536020E+02
    0.954182448427549401E+00   -0.469044125169236548E+00    0.146252233788327440E+00   -0.646927795957277230E-01    0.873032762647646265E+01   -0.395352729155686689E+02   -0.482656005420451351E+02
    0.947289220317033331E+00   -0.493691414390678429E+00    0.167176747269939890E+00   -0.692679438143697368E-01    0.873032762647646265E+01   -0.395331386905339741E+02   -0.482634663170104403E+02
    0.115724997391944862E+01   -0.539247722100008708E+00    0.146816250196591169E+00   -0.668636685207041753E-01    0.873032762647646265E+01   -0.395272639386351727E+02   -0.482575915651116318E+02
    0.107393064882263234E+01   -0.495114072439180597E+00    0.139933703710246132E+00   -0.679953818708653457E-01    0.873032762647646265E+01   -0.395233947424408854E+02   -0.482537223689173516E+02
    0.955993176096947228E+00   -0.470842606122525931E+00    0.141850077804377694E+00   -0.610490082104472101E-01    0.873032762647646265E+01   -0.395118682112122031E+02   -0.482421958376886693E+02
    0.104213877937614496E+01   -0.508239341752970919E+00    0.151680765419059671E+00   -0.665873994931219376E-01    0.873032762647646265E+01   -0.395075412020234324E+02   -0.482378688284998915E+02
    0.125589050113086342E+01   -0.568826834475290144E+00    0.142086717905708010E+00   -0.669971274776292453E-01    0.873032762647646265E+01   -0.395062591397419993E+02   -0.482365867662184584E+02
    0.107131463519900927E+01   -0.513306472477195630E+00    0.141506854243260455E+00   -0.614235752929526285E-01    0.873032762647646265E+01   -0.395046284309943019E+02   -0.482349560574707610E+02
    0.102515328653506033E+01   -0.513172861376162359E+00    0.157592694938542749E+00   -0.666061600812623555E-01    0.873032762647646265E+01   -0.395005509467009261E+02   -0.482308785731773924E+02
    0.934288689694859675E+00   -0.487360808159567394E+00    0.153545457913065259E+00   -0.656154007445290677E-01    0.873032762647646265E+01   -0.394954803345770102E+02   -0.482258079610534693E+02
    0.928229212781848889E+00   -0.485747049121228791E+00    0.153104926293468696E+00   -0.624522270350131511E-01    0.873032762647646265E+01   -0.394942716393966293E+02   -0.482245992658730955E+02
    0.109356136110628666E+01   -0.517446249955967885E+00    0.149255805872892000E+00   -0.699138421378963509E-01    0.873032762647646265E+01   -0.394840703646292326E+02   -0.482143979911056988E+02
    0.107936825509496903E+01   -0.494561047620305783E+00    0.135416763547603486E+00   -0.668018301325678798E-01    0.873032762647646265E+01   -0.394794935415865211E+02   -0.482098211680629873E+02
    0.120869449990162581E+01   -0.558385218831610963E+00    0.139904799805474572E+00   -0.659780299362367484E-01    0.873032762647646265E+01   -0.394782652927435436E+02   -0.482085929192200098E+02
    0.983315826159905204E+00   -0.472723616573098193E+00    0.141436140578386965E+00   -0.658241549264419190E-01    0.873032762647646265E+01   -0.394715571079925240E+02   -0.482018847344689902E+02
    0.100719289328583983E+01   -0.486076461832832929E+00    0.136438134718555287E+00   -0.623892980644325523E-01    0.873032762647646265E+01   -0.394480358136268734E+02   -0.481783634401033325E+02
    0.111232109033317084E+01   -0.518702130598935884E+00    0.137772781774765818E+00   -0.663111968384907380E-01    0.873032762647646265E+01   -0.394410944455673302E+02   -0.481714220720437964E+02
    0.100606507277726420E+01   -0.505042902335825383E+00    0.156323926922831147E+00   -0.682728370143956126E-01    0.873032762647646265E+01   -0.394471334550077444E+02   -0.481774610814842106E+02
