4.764518149540630247e+02
5.065599243298160559e+02
5.385690686201528479e+02
5.725985005352860071e+02
6.087748609880485446e+02
6.472326281431238613e+02
6.881145930245794489e+02
7.315723631939068810e+02
7.777668960924230532e+02
8.268690637275254858e+02
8.790602504723037782e+02
9.345329642223063047e+02
9.934908911791798118e+02
1.056149337948790389e+03
1.122736466924314755e+03
1.193494061446448995e+03
1.268678294482551792e+03
1.348559692419823705e+03
1.433422581773926140e+03
1.523567186588520144e+03
1.619310679033388624e+03
1.720988028879294006e+03
1.828951873522717051e+03
1.943568836277261198e+03
2.065222685314939099e+03
2.194316394381089140e+03
2.331272817242123892e+03
2.476534524587223132e+03
2.630554522398982044e+03
2.793797427444666937e+03
2.966745097249729497e+03
3.149896606848071769e+03
3.343767673818050298e+03
3.548875704655513800e+03
3.765729560910127020e+03
3.994842761002219959e+03
4.236732606972264875e+03
4.491917808922739823e+03
4.760903617586746805e+03
5.044152163002826455e+03
5.342099761986532940e+03
5.655156893611018859e+03
5.983702536744567624e+03
6.328074970401808059e+03
6.688547169341309200e+03
7.065327452357347283e+03
7.458558144223191448e+03
7.868307277978199636e+03
8.294558309350433774e+03
8.737174274004752078e+03
9.195887459601022783e+03
9.670308195431089189e+03
1.015991569735972553e+04
1.066404808387609592e+04
1.118185435548124769e+04
1.171225130359502691e+04
1.225396373521219721e+04
1.280552238946555372e+04
1.336525817734326301e+04
1.393126725042513863e+04
1.450132395797734171e+04
1.507295041875643074e+04
1.564344125842957510e+04
1.620987085671529712e+04
1.676902117066729261e+04
1.731714337988264742e+04
1.785286946592518871e+04
1.836710652085805486e+04
1.885788076105956861e+04
1.932010897402250703e+04
1.974758165296662992e+04
2.013677222525146499e+04
2.048149947338584388e+04
2.077613324935320270e+04
2.101429267204847201e+04
2.118928531621959337e+04
2.129435876164562796e+04
2.132334877459015843e+04
2.126970098216962288e+04
2.112697750608526985e+04
2.088916733713139911e+04
2.055077792827838130e+04
2.010720919928572403e+04
1.955527789319694057e+04
1.889350713470127448e+04
1.812240237495968540e+04
1.724534122020664654e+04
1.626898637557376424e+04
1.520367252325292611e+04
1.406398021212363710e+04
1.286889975967502141e+04
1.164158191208624703e+04
1.040899818249625059e+04
9.200724446004098354e+03
8.047401166473438934e+03
6.977631745979369953e+03
6.006367454353098765e+03
5.171545481338575883e+03
4.491096385894054947e+03
3.961531500234693794e+03
3.571890541224042863e+03
3.307417575691482853e+03
3.153217769165798472e+03
3.090967892517383461e+03
3.091241459186529482e+03
3.105644225875188113e+03
3.069198800493666567e+03
2.912767199191529016e+03
2.622583405375961320e+03
2.224773879732718342e+03
1.781088596099743427e+03
1.373323910572532441e+03
1.071504259427948909e+03
9.061818441654501157e+02
8.675361073739089761e+02
9.072819013229774328e+02
9.401987596216063139e+02
8.881398625576146060e+02
7.289140636445840755e+02
5.402826682318304847e+02
4.155392910520576493e+02
3.820319423042288918e+02
3.989508306104175972e+02
3.868235136183897680e+02
3.113674953457004904e+02
2.354261172102518458e+02
2.094396278383619006e+02
2.082653937772989821e+02
1.816305285367774900e+02
1.427823974784505197e+02
1.274082755395333635e+02
1.180199206405452230e+02
9.736315653656083668e+01
8.424277029374682968e+01
7.545839053185684975e+01
6.342951547597251505e+01
5.575780921185418748e+01
4.799323390365620412e+01
4.146951248476865715e+01
3.583525793117172498e+01
3.089970192883374978e+01
2.663101503192003250e+01
2.288518579579398704e+01
1.969820478184211865e+01
1.696308823344749683e+01
1.459713704769605869e+01
1.254287480173509906e+01
1.076473094310928857e+01
9.231026539280367871e+00
7.912069649827761175e+00
6.778876209721068413e+00
5.805201640209476821e+00
4.968583355322397033e+00
4.249930804822827035e+00
3.633107119205831292e+00
3.104128443306405138e+00
2.650840534503355439e+00
2.262653449065658684e+00
1.930389725786998190e+00
1.646138453708827498e+00
1.403087869632302365e+00
1.195378750624487951e+00
1.017967053893044316e+00
8.665123864973698353e-01
7.372815715949863069e-01
6.270667141078544171e-01
5.331139993173542591e-01
4.530607329683883910e-01
3.848808074989086281e-01
3.268383288176854862e-01
2.774469915319533464e-01
2.354350477171635869e-01
1.997148108842143055e-01
1.693563621773669647e-01
1.435649844041317902e-01
1.216616935813469302e-01
1.030670419453783987e-01
8.728682856501081277e-02
7.389979481927980154e-02
6.254698070878275673e-02
5.292258659721242597e-02
4.476620029793145633e-02
3.785613069093082816e-02
3.200377908785125708e-02
2.704877395755938760e-02
2.285478704019947363e-02
1.930597786981001762e-02
1.630396394229961105e-02
1.376521897424098570e-02
1.161885324892028212e-02
9.804723053647646652e-03
8.271818639695831255e-03
6.976885185347948305e-03
5.883257885165206133e-03
4.959875158881493773e-03
4.180429629375821687e-03
3.522645225455784280e-03
2.967666803432163561e-03
2.499539617718157282e-03
2.104764104426105637e-03
