   -0.102648603916168213E+01   -0.592289686203002930E+00    0.445187091827392578E-02   -0.105786418914794900E+00   -0.336037538714190065E+01   -0.598889327116685166E+02   -0.565285573245266164E+02
    0.121642845869064331E+01   -0.358382821083068848E+00    0.489757776260375977E+00    0.101553916931151900E-01   -0.336037538714190065E+01   -0.595224483349189200E+02   -0.561620729477770197E+02
    0.957103192806243896E+00   -0.133212625980377197E+00   -0.781604051589965820E-01    0.205406188964843750E+00   -0.336037538714190065E+01   -0.588063229276693207E+02   -0.554459475405274205E+02
    0.104805207252502441E+01    0.200045049190521240E+00    0.923120975494384766E-02   -0.225349617004394598E+00   -0.336037538714190065E+01   -0.579661923331959628E+02   -0.546058169460540626E+02
   -0.127944499254226685E+01    0.315492153167724609E+00    0.612481355667114258E+00   -0.396376228332519565E+00   -0.336037538714190065E+01   -0.575065932195886873E+02   -0.541462178324467871E+02
    0.147653388977050781E+01    0.346175372600555420E+00    0.944544792175292969E+00    0.394786167144775435E+00   -0.336037538714190065E+01   -0.574338150218570362E+02   -0.540734396347151360E+02
    0.131103122234344482E+01   -0.721163570880889893E+00    0.464174509048461914E+00   -0.208526420593261763E+00   -0.336037538714190065E+01   -0.565172066741154708E+02   -0.531568312869735706E+02
   -0.139069515466690063E+01    0.176351845264434814E+00   -0.109904050827026367E+00    0.165640354156494141E+00   -0.336037538714190065E+01   -0.559715130196779569E+02   -0.526111376325360567E+02
    0.635424497555313827E+00   -0.207419942635415078E+00    0.182005966086862259E+00   -0.261804563783365918E+00   -0.336037538714190065E+01   -0.554066275123133423E+02   -0.520462521251714421E+02
   -0.635004043579101562E+00    0.371303915977478027E+00   -0.319949746131896973E+00    0.206943321228027388E+00   -0.336037538714190065E+01   -0.552827598139418868E+02   -0.519223844267999866E+02
    0.963537633419036865E+00   -0.756336987018585205E+00    0.660227060317993164E+00   -0.352685356140136741E+00   -0.336037538714190065E+01   -0.552356430856501532E+02   -0.518752676985082530E+02
    0.840185523033142090E+00    0.277568042278289795E+00   -0.744699239730834961E-01   -0.341341876983642600E+00   -0.336037538714190065E+01   -0.551429024703187594E+02   -0.517825270831768592E+02
   -0.146550196409225464E+01    0.900059401988983154E+00   -0.628910541534423828E+00    0.335403823852538974E+00   -0.336037538714190065E+01   -0.550640208300844947E+02   -0.517036454429425945E+02
   -0.104240558705937514E+01   -0.319259430428586288E+00    0.383274454198696546E-01    0.455812341416743205E+00   -0.336037538714190065E+01   -0.550280098943240787E+02   -0.516676345071821785E+02
    0.122172081470489502E+01   -0.417486190795898438E+00   -0.648698806762695312E-01    0.154867839813232377E+00   -0.336037538714190065E+01   -0.548379403914425083E+02   -0.514775650043006081E+02
   -0.142651641368865967E+01   -0.192420601844787598E+00   -0.167209863662719727E+00    0.630585956573486373E+00   -0.336037538714190065E+01   -0.546761175614676702E+02   -0.513157421743257700E+02
   -0.119448077173834522E+01   -0.250853744334234907E+00    0.170469488774797728E+00    0.261853093521977387E+00   -0.336037538714190065E+01   -0.546050402989468608E+02   -0.512446649118049606E+02
    0.124156326055526733E+01   -0.100541245937347412E+01    0.541970968246459961E+00   -0.142874336242675759E+00   -0.336037538714190065E+01   -0.543957574716041137E+02   -0.510353820844622135E+02
    0.138581709967642119E+01   -0.185777479964872150E+00    0.253665025102880692E+00   -0.400571436756769095E+00   -0.336037538714190065E+01   -0.543933773262987756E+02   -0.510330019391568754E+02
    0.149516755342483521E+01   -0.482763111591339111E+00   -0.492644309997558594E-02    0.782666206359863281E-01   -0.336037538714190065E+01   -0.540898875919298874E+02   -0.507295122047879872E+02
   -0.921954810619354248E+00   -0.888526439666748047E-02    0.590455532073974609E-02    0.182437419891357422E+00   -0.336037538714190065E+01   -0.538524450008915494E+02   -0.504920696137496492E+02
   -0.120313918590545654E+01   -0.476452410221099854E+00    0.276249527931213379E+00    0.456719398498535156E+00   -0.336037538714190065E+01   -0.538272933180605406E+02   -0.504669179309186404E+02
   -0.863031939111498891E+00    0.203019119031746964E+00    0.457748632313977222E+00   -0.338657138960716197E+00   -0.336037538714190065E+01   -0.537608342177439624E+02   -0.504004588306020622E+02
    0.147895395755767822E+01    0.117013692855834961E+00   -0.670304894447326660E+00    0.862435340881347878E-01   -0.336037538714190065E+01   -0.537545411028303022E+02   -0.503941657156884020E+02
   -0.119055968232529907E+01    0.596134476963694038E+00   -0.147869309346026268E+00   -0.405053557095425010E-02   -0.336037538714190065E+01   -0.536688496245240287E+02   -0.503084742373821285E+02
   -0.120342626654948770E+01   -0.406297854021477889E+00    0.268043115305320434E+00    0.388518331688678664E+00   -0.336037538714190065E+01   -0.535988581628182459E+02   -0.502384827756763457E+02
    0.109429067373275757E+01   -0.402040243148803711E+00    0.399372816085815430E+00   -0.390009975433349643E+00   -0.336037538714190065E+01   -0.535203148594700338E+02   -0.501599394723281335E+02
    0.144700759649276733E+01   -0.670039057731628418E-01   -0.257684707641601562E+00   -0.153896331787108931E-01   -0.336037538714190065E+01   -0.534754940222024473E+02   -0.501151186350605471E+02
   -0.101232958229303560E+01   -0.169833951952246265E+00    0.162422243778002073E+00    0.161090657847742791E+00   -0.336037538714190065E+01   -0.534409876476928716E+02   -0.500806122605509714E+02
   -0.148320293426513672E+01    0.789238572120666504E+00   -0.159598350524902344E+00    0.112950325012206587E-01   -0.336037538714190065E+01   -0.534384272383959527E+02   -0.500780518512540525E+02
   -0.127825713157653809E+01   -0.242044687271118164E+00    0.303677439689636230E+00    0.142871189117431685E+00   -0.336037538714190065E+01   -0.534381967424591551E+02   -0.500778213553172549E+02
    0.103049213977089504E+01    0.276962456465534856E-01   -0.920259775493258436E-01   -0.101001113674952459E+00   -0.336037538714190065E+01   -0.534295994919516488E+02   -0.500692241048097486E+02
   -0.135271284077558218E+01   -0.142187614104886784E+00    0.592820709686406433E+00   -0.231827156641166710E-01   -0.336037538714190065E+01   -0.534003781131519304E+02   -0.500400027260100302E+02
   -0.132246860761067930E+01    0.910957654337693157E+00   -0.531150728047672271E+00    0.278832965978500491E+00   -0.336037538714190065E+01   -0.533750065105093867E+02   -0.500146311233674865E+02
   -0.764770637153683319E+00    0.714005990343701491E+00   -0.510921896768635753E+00    0.203298730470379940E+00   -0.336037538714190065E+01   -0.533661104828776587E+02   -0.500057350957357585E+02
   -0.125971180200576782E+01    0.246216773986816406E+00    0.164353609085083008E+00   -0.133194637298583940E+00   -0.336037538714190065E+01   -0.533530261326025439E+02   -0.499926507454606437E+02
   -0.134049022819584285E+01   -0.666535168126337951E+00    0.403146824339158494E+00    0.590794174146483275E+00   -0.336037538714190065E+01   -0.533428335497589501E+02   -0.499824581626170499E+02
    0.143680232763290405E+01    0.422069728374481201E+00   -0.370937824249267578E+00   -0.293556785583496072E+00   -0.336037538714190065E+01   -0.532985455856644847E+02   -0.499381701985225845E+02
   -0.129043400287628174E+01    0.237303435802459717E+00   -0.283508539199829102E+00    0.417187309265136808E+00   -0.336037538714190065E+01   -0.532834832549832527E+02   -0.499231078678413525E+02
   -0.146134740114212036E+01    0.489231884479522705E+00   -0.617438554763793945E+00    0.669116687774658159E+00   -0.336037538714190065E+01   -0.532211673781418355E+02   -0.498607919909999353E+02
    0.102321285009384155E+01    0.277170538902282715E-01    0.108011364936828613E+00   -0.378772640228271507E+00   -0.336037538714190065E+01   -0.531587875694027048E+02   -0.497984121822608046E+02
   -0.147364505125312695E+01    0.811979899829702312E+00   -0.545372653324491585E+00    0.347543344333457904E+00   -0.336037538714190065E+01   -0.531534329875255551E+02   -0.497930576003836549E+02
    0.100719594955444336E+01   -0.246688663959503174E+00   -0.366996407508850098E+00    0.216098308563232422E+00   -0.336037538714190065E+01   -0.531518068632850600E+02   -0.497914314761431598E+02
    0.123149353265762329E+01    0.596080899238586426E+00   -0.148266434669494629E+00   -0.717022895812988725E-01   -0.336037538714190065E+01   -0.531088584779093011E+02   -0.497484830907674009E+02
   -0.121516776670851612E+01   -0.299585236314072745E-01   -0.202331408376790534E+00    0.538613265916334738E+00   -0.336037538714190065E+01   -0.530442859686432726E+02   -0.496839105815013724E+02
   -0.133333986997604370E+01   -0.237596333026885986E+00   -0.240594148635864258E-01    0.560807132720947399E+00   -0.336037538714190065E+01   -0.530275374253723939E+02   -0.496671620382304937E+02
    0.140186655521392822E+01    0.156862556934356689E+00   -0.185245275497436523E+00   -0.653950691223144087E-01   -0.336037538714190065E+01   -0.530103120448175744E+02   -0.496499366576756742E+02
   -0.782472431659698486E+00   -0.104427158832550049E+00    0.117323160171508789E+00    0.740010261535644087E-01   -0.336037538714190065E+01   -0.530089680740802152E+02   -0.496485926869383150E+02
   -0.782472431659698486E+00   -0.104427158832550049E+00    0.117323160171508789E+00    0.740010261535644087E-01   -0.336037538714190065E+01   -0.530089680740802152E+02   -0.496485926869383150E+02
    0.132324228344055772E+01    0.137919539775819500E+00   -0.271871844866950374E+00   -0.397451822786636377E-01   -0.336037538714190065E+01   -0.530088180556718953E+02   -0.496484426685299951E+02
    0.132961504355617866E+01   -0.106820637290587772E+00   -0.156130985245097165E+00   -0.131512674342869507E+00   -0.336037538714190065E+01   -0.530053315805888303E+02   -0.496449561934469301E+02
    0.913070142851238664E+00   -0.228119371261271908E+00   -0.378782149195408202E+00    0.257660609662466511E+00   -0.336037538714190065E+01   -0.530025115087698069E+02   -0.496421361216279067E+02
   -0.117695617383571949E+01    0.563113477632173343E+00   -0.229277499479009439E+00    0.111452617085864958E+00   -0.336037538714190065E+01   -0.529487530429879811E+02   -0.495883776558460809E+02
   -0.136326313018798828E+01   -0.314102768898010254E-01    0.356983423233032227E+00   -0.364418983459472434E-01   -0.336037538714190065E+01   -0.528965184712682230E+02   -0.495361430841263228E+02
   -0.140048018119803053E+01    0.118382227930607264E+00   -0.421783633470437458E+00    0.722129715295315666E+00   -0.336037538714190065E+01   -0.528858788594501732E+02   -0.495255034723082730E+02
   -0.852911819317025421E+00    0.234050336694704653E+00    0.302573157250669356E+00   -0.211304554799697675E+00   -0.336037538714190065E+01   -0.528503191301982653E+02   -0.494899437430563651E+02
    0.139386919097637296E+01   -0.131256027522375973E+00    0.286414567971277068E+00   -0.547707452033844855E+00   -0.336037538714190065E+01   -0.527684676127588332E+02   -0.494080922256169330E+02
   -0.136088770929586822E+01    0.346645503109015873E+00    0.737123782747131084E-01    0.395857867885748282E-01   -0.336037538714190065E+01   -0.527395801785354408E+02   -0.493792047913935406E+02
   -0.136088770929586822E+01    0.346645503109015873E+00    0.737123782747131084E-01    0.395857867885748282E-01   -0.336037538714190065E+01   -0.527395801785354408E+02   -0.493792047913935406E+02
    0.809525833296407704E+00   -0.329204290014676992E+00    0.299084367268180884E-01    0.192081500951994943E-01   -0.336037538714190065E+01   -0.527376241174587648E+02   -0.493772487303168646E+02
   -0.149729646963518293E+01   -0.158235739659120744E+00    0.645196332702468789E+00   -0.906736888592751811E-02   -0.336037538714190065E+01   -0.527338406649728881E+02   -0.493734652778309879E+02
    0.842571102740174105E+00   -0.162683348002011563E+00   -0.402100170881134145E+00    0.248167804695301530E+00   -0.336037538714190065E+01   -0.527027642410621127E+02   -0.493423888539202125E+02
    0.890904222043999994E+00    0.227023773329934953E+00   -0.145564494845651371E-01   -0.419650283940194935E+00   -0.336037538714190065E+01   -0.526822603346159681E+02   -0.493218849474740679E+02
   -0.121823094772504459E+01   -0.397590713677211438E+00    0.546806415576797100E-01    0.628876176032518108E+00   -0.336037538714190065E+01   -0.526752574833046268E+02   -0.493148820961627266E+02
    0.147241181508611074E+01    0.354164635489407020E+00   -0.296204962344699618E+00   -0.358812494988934472E+00   -0.336037538714190065E+01   -0.526717569876345664E+02   -0.493113816004926662E+02
    0.116381514072418213E+01    0.778845548629760742E-01   -0.351129412651062012E+00    0.471528053283691850E-01   -0.336037538714190065E+01   -0.526652694953632903E+02   -0.493048941082213901E+02
   -0.113309615850448608E+01    0.268076241016387939E+00    0.115730047225952148E+00   -0.848100662231445757E-01   -0.336037538714190065E+01   -0.526394184877642459E+02   -0.492790431006223457E+02
   -0.113309615850448608E+01    0.268076241016387939E+00    0.115730047225952148E+00   -0.848100662231445757E-01   -0.336037538714190065E+01   -0.526394184877642459E+02   -0.492790431006223457E+02
    0.825700700283050537E+00   -0.313968837261199951E+00    0.181215286254882812E+00   -0.160112857818603516E+00   -0.336037538714190065E+01   -0.525924276354282441E+02   -0.492320522482863439E+02
    0.710755062758917866E+00   -0.381017262076021934E+00    0.305199594826117693E+00   -0.266287604643481224E+00   -0.336037538714190065E+01   -0.525899135150380488E+02   -0.492295381278961486E+02
    0.149526233035755896E+01   -0.260359648000952237E+00    0.378348879831214457E+00   -0.585004881500805651E+00   -0.336037538714190065E+01   -0.525395005628660243E+02   -0.491791251757241241E+02
   -0.914207962110723416E+00    0.351176713594471224E+00   -0.311683698240949436E+00    0.307835835511293343E+00   -0.336037538714190065E+01   -0.525198468350904690E+02   -0.491594714479485688E+02
    0.978322148323059082E+00    0.241527736186981201E+00   -0.157908678054809570E+00   -0.300870704650878951E+00   -0.336037538714190065E+01   -0.525074151684263768E+02   -0.491470397812844766E+02
    0.129748239772581631E+01    0.688643085862086224E-01    0.176425676550820310E+00   -0.581364873931145665E+00   -0.336037538714190065E+01   -0.525039452109814206E+02   -0.491435698238395204E+02
    0.104366903942345690E+01   -0.302455309912218917E+00    0.632105888746397060E-01   -0.765789835736546687E-01   -0.336037538714190065E+01   -0.525032047918981135E+02   -0.491428294047562133E+02
    0.104366903942345690E+01   -0.302455309912218917E+00    0.632105888746397060E-01   -0.765789835736546687E-01   -0.336037538714190065E+01   -0.525032047918981135E+02   -0.491428294047562133E+02
    0.116818696968311553E+01    0.580661517075191203E+00   -0.204049152030089997E+00   -0.951070410958424484E-01   -0.336037538714190065E+01   -0.524925343885848719E+02   -0.491321590014429717E+02
    0.123768120377148483E+01    0.451388336350857511E+00   -0.301587682700096060E+00   -0.448656736229195330E+00   -0.336037538714190065E+01   -0.524841068197486607E+02   -0.491237314326067604E+02
    0.123768120377148483E+01    0.451388336350857511E+00   -0.301587682700096060E+00   -0.448656736229195330E+00   -0.336037538714190065E+01   -0.524841068197486607E+02   -0.491237314326067604E+02
   -0.101732875830785519E+01   -0.237100210177604964E+00    0.382033781888613255E-01    0.438111943587929265E+00   -0.336037538714190065E+01   -0.524635328014687090E+02   -0.491031574143268088E+02
   -0.101732875830785519E+01   -0.237100210177604964E+00    0.382033781888613255E-01    0.438111943587929265E+00   -0.336037538714190065E+01   -0.524635328014687090E+02   -0.491031574143268088E+02
   -0.149526021050553926E+01   -0.233250576135217713E+00    0.309206909623903181E+00    0.356437135993054266E+00   -0.336037538714190065E+01   -0.523950396781111607E+02   -0.490346642909692605E+02
    0.127401030063629150E+01    0.219451010227203369E+00   -0.627283096313476562E+00   -0.101608276367187722E-01   -0.336037538714190065E+01   -0.523908411342025531E+02   -0.490304657470606529E+02
   -0.130140025619715649E+01   -0.157978609291818728E+00   -0.116080834222262119E+00    0.601292703682342555E+00   -0.336037538714190065E+01   -0.523813443616481180E+02   -0.490209689745062178E+02
   -0.130140025619715649E+01   -0.157978609291818728E+00   -0.116080834222262119E+00    0.601292703682342555E+00   -0.336037538714190065E+01   -0.523813443616481180E+02   -0.490209689745062178E+02
   -0.131706744432449341E+01    0.364411532878875732E+00    0.204958915710449219E-01   -0.153350830078125000E-02   -0.336037538714190065E+01   -0.523780901584074883E+02   -0.490177147712655881E+02
   -0.131706744432449341E+01    0.364411532878875732E+00    0.204958915710449219E-01   -0.153350830078125000E-02   -0.336037538714190065E+01   -0.523780901584074883E+02   -0.490177147712655881E+02
    0.149311959743499756E+01    0.344393312931060791E+00   -0.586920976638793945E+00   -0.100118637084960938E+00   -0.336037538714190065E+01   -0.523678566826767025E+02   -0.490074812955348023E+02
    0.146127104759216309E+01   -0.377520203590393066E+00   -0.115296363830566406E+00    0.293346405029296653E-01   -0.336037538714190065E+01   -0.523329050550370454E+02   -0.489725296678951452E+02
   -0.120974600315093994E+01    0.144358456134796143E+00   -0.332636475563049316E+00    0.568143749237060680E+00   -0.336037538714190065E+01   -0.523288962478227688E+02   -0.489685208606808686E+02
   -0.120974600315093994E+01    0.144358456134796143E+00   -0.332636475563049316E+00    0.568143749237060680E+00   -0.336037538714190065E+01   -0.523288962478227688E+02   -0.489685208606808686E+02
   -0.146907980984245401E+01    0.540618575590142925E+00   -0.875056947799625062E-01    0.120365570631192242E+00   -0.336037538714190065E+01   -0.523167231425023900E+02   -0.489563477553604898E+02
    0.116277176422058348E+01   -0.399382035757053888E+00    0.472186368375917098E+00   -0.525946740724629214E+00   -0.336037538714190065E+01   -0.523104178115953573E+02   -0.489500424244534571E+02
    0.116277176422058348E+01   -0.399382035757053888E+00    0.472186368375917098E+00   -0.525946740724629214E+00   -0.336037538714190065E+01   -0.523104178115953573E+02   -0.489500424244534571E+02
   -0.861298457312262844E+00    0.145946715482682787E+00    0.353544756438408658E+00   -0.156910803485932560E+00   -0.336037538714190065E+01   -0.522848753674713222E+02   -0.489244999803294220E+02
    0.800867012747617846E+00   -0.292344556240724973E+00    0.158726803207868361E+00   -0.148912734701755922E+00   -0.336037538714190065E+01   -0.522823183039044395E+02   -0.489219429167625393E+02
    0.123220348233715882E+01   -0.114556304624932714E+00   -0.110381286668918444E+00   -0.150022903217878589E+00   -0.336037538714190065E+01   -0.522676206792384050E+02   -0.489072452920965048E+02
    0.123220348233715882E+01   -0.114556304624932714E+00   -0.110381286668918444E+00   -0.150022903217878589E+00   -0.336037538714190065E+01   -0.522676206792384050E+02   -0.489072452920965048E+02
    0.149834129385308179E+01   -0.148624119195210902E+00   -0.308660386318293511E+00    0.114805661009944382E+00   -0.336037538714190065E+01   -0.522454048188961480E+02   -0.488850294317542478E+02
   -0.109146916866302490E+01    0.413655638694763184E+00   -0.468207120895385742E+00    0.494317722320556596E+00   -0.336037538714190065E+01   -0.522420011638813548E+02   -0.488816257767394546E+02
   -0.109146916866302490E+01    0.413655638694763184E+00   -0.468207120895385742E+00    0.494317722320556596E+00   -0.336037538714190065E+01   -0.522420011638813548E+02   -0.488816257767394546E+02
   -0.690239528630394839E+00    0.440326503156589499E-01    0.115579174210683977E+00   -0.373889885147057344E-01   -0.336037538714190065E+01   -0.522206847551700193E+02   -0.488603093680281191E+02
   -0.105362516641616821E+01   -0.336613476276397705E+00    0.227871179580688477E+00    0.135036087036132790E+00   -0.336037538714190065E+01   -0.522192377811766519E+02   -0.488588623940347517E+02
   -0.149969647418791707E+01    0.126206044307544563E+00   -0.114553791831522034E-01    0.260737808348705524E+00   -0.336037538714190065E+01   -0.521716810569054559E+02   -0.488113056697635557E+02
   -0.149969647418791707E+01    0.126206044307544563E+00   -0.114553791831522034E-01    0.260737808348705524E+00   -0.336037538714190065E+01   -0.521716810569054559E+02   -0.488113056697635557E+02
   -0.139408824977776202E+01   -0.267877240650386872E+00   -0.139815956011981823E+00    0.767797598395522973E+00   -0.336037538714190065E+01   -0.521643467282360689E+02   -0.488039713410941687E+02
   -0.893653395678807749E+00    0.971691936543135348E-01    0.239099600718698957E+00   -0.879417945885084817E-01   -0.336037538714190065E+01   -0.521118859359307507E+02   -0.487515105487888505E+02
   -0.893653395678807749E+00    0.971691936543135348E-01    0.239099600718698957E+00   -0.879417945885084817E-01   -0.336037538714190065E+01   -0.521118859359307507E+02   -0.487515105487888505E+02
    0.135731911835158314E+01    0.497637184122601495E+00   -0.221905344495591850E+00   -0.615291539962993239E+00   -0.336037538714190065E+01   -0.520984781093208227E+02   -0.487381027221789225E+02
    0.135731911835158314E+01    0.497637184122601495E+00   -0.221905344495591850E+00   -0.615291539962993239E+00   -0.336037538714190065E+01   -0.520984781093208227E+02   -0.487381027221789225E+02
   -0.128329248806168539E+01   -0.132896888224272480E+00    0.474810283453415138E-01    0.390151198667521015E+00   -0.336037538714190065E+01   -0.520936219358856221E+02   -0.487332465487437219E+02
   -0.128329248806168539E+01   -0.132896888224272480E+00    0.474810283453415138E-01    0.390151198667521015E+00   -0.336037538714190065E+01   -0.520936219358856221E+02   -0.487332465487437219E+02
   -0.139525834414512362E+01   -0.135099806489880514E+00    0.646035994784173173E+00    0.223353484146887604E-01   -0.336037538714190065E+01   -0.520346816929520983E+02   -0.486743063058101981E+02
   -0.139525834414512362E+01   -0.135099806489880514E+00    0.646035994784173173E+00    0.223353484146887604E-01   -0.336037538714190065E+01   -0.520346816929520983E+02   -0.486743063058101981E+02
    0.146483963727951050E+01   -0.204303324222564697E+00   -0.408383607864379883E+00    0.177941513061523393E+00   -0.336037538714190065E+01   -0.520323831045049303E+02   -0.486720077173630301E+02
    0.146483963727951050E+01   -0.204303324222564697E+00   -0.408383607864379883E+00    0.177941513061523393E+00   -0.336037538714190065E+01   -0.520323831045049303E+02   -0.486720077173630301E+02
    0.110665713764463991E+01   -0.981185649667604132E-02   -0.237331746653791864E+00    0.458017225809962403E-01   -0.336037538714190065E+01   -0.520126656774818628E+02   -0.486522902903399626E+02
   -0.700406894579785666E+00    0.148452365331370073E+00   -0.111971192674082953E-01    0.603280568179975774E-01   -0.336037538714190065E+01   -0.520086400129767483E+02   -0.486482646258348481E+02
    0.104960685968399048E+01   -0.141659975051879883E-01    0.888736248016357422E-01   -0.354796695709228560E+00   -0.336037538714190065E+01   -0.520044298955415414E+02   -0.486440545083996412E+02
    0.104960685968399048E+01   -0.141659975051879883E-01    0.888736248016357422E-01   -0.354796695709228560E+00   -0.336037538714190065E+01   -0.520044298955415414E+02   -0.486440545083996412E+02
   -0.983700042337165570E+00   -0.854742971426334375E-01    0.512227599945387801E+00   -0.911434621268003564E-01   -0.336037538714190065E+01   -0.520008833456833059E+02   -0.486405079585414057E+02
   -0.983700042337165570E+00   -0.854742971426334375E-01    0.512227599945387801E+00   -0.911434621268003564E-01   -0.336037538714190065E+01   -0.520008833456833059E+02   -0.486405079585414057E+02
    0.913674349973537581E+00   -0.167047084741856811E+00    0.145940528753681686E+00   -0.258943958954936271E+00   -0.336037538714190065E+01   -0.519954080066232081E+02   -0.486350326194813078E+02
    0.913674349973537581E+00   -0.167047084741856811E+00    0.145940528753681686E+00   -0.258943958954936271E+00   -0.336037538714190065E+01   -0.519954080066232081E+02   -0.486350326194813078E+02
   -0.109195079071323264E+01    0.612156712945209236E+00   -0.262388351399648667E+00    0.114474917072744709E+00   -0.336037538714190065E+01   -0.519928361784212356E+02   -0.486324607912793354E+02
   -0.109195079071323264E+01    0.612156712945209236E+00   -0.262388351399648667E+00    0.114474917072744709E+00   -0.336037538714190065E+01   -0.519928361784212356E+02   -0.486324607912793354E+02
   -0.867110482172055219E+00    0.204330753259774234E+00   -0.112511183533901327E+00    0.178347928767276898E+00   -0.336037538714190065E+01   -0.519851558677877605E+02   -0.486247804806458603E+02
    0.140972936153411865E+01    0.522385239601135254E-01    0.263447999954223633E+00   -0.718259811401367188E+00   -0.336037538714190065E+01   -0.519663398868707347E+02   -0.486059644997288345E+02
    0.618583713178189498E+00    0.520985967324332222E-01   -0.928674655559728057E-01   -0.546018327922872526E-01   -0.336037538714190065E+01   -0.519472925688791918E+02   -0.485869171817372916E+02
   -0.139841303770488667E+01   -0.638141364253290044E+00    0.564793374406540316E+00    0.475099799375370502E+00   -0.336037538714190065E+01   -0.519432530753233550E+02   -0.485828776881814548E+02
   -0.139841303770488667E+01   -0.638141364253290044E+00    0.564793374406540316E+00    0.475099799375370502E+00   -0.336037538714190065E+01   -0.519432530753233550E+02   -0.485828776881814548E+02
    0.831312640172933381E+00    0.191091835810156097E+00   -0.155133649688753872E+00   -0.493028741321064334E-01   -0.336037538714190065E+01   -0.519418141899527939E+02   -0.485814388028108937E+02
    0.831312640172933381E+00    0.191091835810156097E+00   -0.155133649688753872E+00   -0.493028741321064334E-01   -0.336037538714190065E+01   -0.519418141899527939E+02   -0.485814388028108937E+02
   -0.136854679737205576E+01   -0.540203698671199994E-01    0.111181916954944615E+00    0.249223857786828651E+00   -0.336037538714190065E+01   -0.519358638875851639E+02   -0.485754885004432637E+02
   -0.136854679737205576E+01   -0.540203698671199994E-01    0.111181916954944615E+00    0.249223857786828651E+00   -0.336037538714190065E+01   -0.519358638875851639E+02   -0.485754885004432637E+02
   -0.121929206375859023E+01    0.196769105329268168E+00   -0.421138793650105425E-01    0.272142207114468793E+00   -0.336037538714190065E+01   -0.519300791132823250E+02   -0.485697037261404247E+02
   -0.121929206375859023E+01    0.196769105329268168E+00   -0.421138793650105425E-01    0.272142207114468793E+00   -0.336037538714190065E+01   -0.519300791132823250E+02   -0.485697037261404247E+02
   -0.135444702006058026E+01    0.466082754515348308E+00   -0.196487321173459462E+00    0.280495245953256811E+00   -0.336037538714190065E+01   -0.519035237308365822E+02   -0.485431483436946820E+02
   -0.135444702006058026E+01    0.466082754515348308E+00   -0.196487321173459462E+00    0.280495245953256811E+00   -0.336037538714190065E+01   -0.519035237308365822E+02   -0.485431483436946820E+02
   -0.133622410772026479E+01   -0.311788095167679469E+00    0.582916355149081689E+00    0.115532161832893387E+00   -0.336037538714190065E+01   -0.518875613935327138E+02   -0.485271860063908136E+02
    0.142685973644256592E+01    0.369907021522521973E-01   -0.229375600814819336E+00    0.474405288696289062E-02   -0.336037538714190065E+01   -0.518653783607284495E+02   -0.485050029735865493E+02
    0.108515349531889616E+01   -0.561009319748332125E+00    0.335667534738048445E+00   -0.230131102535050536E+00   -0.336037538714190065E+01   -0.518449945924854418E+02   -0.484846192053435416E+02
    0.108515349531889616E+01   -0.561009319748332125E+00    0.335667534738048445E+00   -0.230131102535050536E+00   -0.336037538714190065E+01   -0.518449945924854418E+02   -0.484846192053435416E+02
    0.149354845145661397E+01   -0.343982587474465529E+00    0.392578744808412372E+00   -0.672735065583967784E+00   -0.336037538714190065E+01   -0.518335249730266412E+02   -0.484731495858847410E+02
   -0.145128202010830165E+01    0.469479326454232293E+00   -0.216484737671154615E+00    0.331830439479807726E+00   -0.336037538714190065E+01   -0.518108895774801184E+02   -0.484505141903382182E+02
   -0.145128202010830165E+01    0.469479326454232293E+00   -0.216484737671154615E+00    0.331830439479807726E+00   -0.336037538714190065E+01   -0.518108895774801184E+02   -0.484505141903382182E+02
    0.133876195625587968E+01    0.359534733215270297E+00   -0.120204149632216484E+00   -0.574310532293060172E+00   -0.336037538714190065E+01   -0.518082469454638641E+02   -0.484478715583219639E+02
    0.133876195625587968E+01    0.359534733215270297E+00   -0.120204149632216484E+00   -0.574310532293060172E+00   -0.336037538714190065E+01   -0.518082469454638641E+02   -0.484478715583219639E+02
   -0.129376602172851562E+01   -0.558591485023498535E+00    0.544552206993103027E+00    0.382303237915039062E+00   -0.336037538714190065E+01   -0.518064227697953754E+02   -0.484460473826534752E+02
   -0.129376602172851562E+01   -0.558591485023498535E+00    0.544552206993103027E+00    0.382303237915039062E+00   -0.336037538714190065E+01   -0.518064227697953754E+02   -0.484460473826534752E+02
   -0.141408384824056177E+01   -0.414313140884936537E-02    0.383381833750304768E-01    0.419925814056020918E+00   -0.336037538714190065E+01   -0.517685400007533474E+02   -0.484081646136114472E+02
   -0.140204045401014410E+01   -0.283207471474224537E+00    0.298462754827035770E-01    0.608802483897916913E+00   -0.336037538714190065E+01   -0.517679591039852056E+02   -0.484075837168433054E+02
   -0.140204045401014410E+01   -0.283207471474224537E+00    0.298462754827035770E-01    0.608802483897916913E+00   -0.336037538714190065E+01   -0.517679591039852056E+02   -0.484075837168433054E+02
    0.790220377237553784E+00    0.738479339115472033E-01   -0.322589571657581731E+00   -0.110989896953801459E-01   -0.336037538714190065E+01   -0.517546944772836284E+02   -0.483943190901417282E+02
    0.790220377237553784E+00    0.738479339115472033E-01   -0.322589571657581731E+00   -0.110989896953801459E-01   -0.336037538714190065E+01   -0.517546944772836284E+02   -0.483943190901417282E+02
    0.108430047221989945E+01   -0.172165756352745891E+00    0.247964982282987911E+00   -0.428412203548421744E+00   -0.336037538714190065E+01   -0.517496736506293118E+02   -0.483892982634874116E+02
    0.108430047221989945E+01   -0.172165756352745891E+00    0.247964982282987911E+00   -0.428412203548421744E+00   -0.336037538714190065E+01   -0.517496736506293118E+02   -0.483892982634874116E+02
    0.113782739639282227E+01   -0.292713046073913574E-01   -0.717422962188720703E-01   -0.251687240600586004E+00   -0.336037538714190065E+01   -0.517442383471119385E+02   -0.483838629599700383E+02
    0.113782739639282227E+01   -0.292713046073913574E-01   -0.717422962188720703E-01   -0.251687240600586004E+00   -0.336037538714190065E+01   -0.517442383471119385E+02   -0.483838629599700383E+02
    0.118321468573966815E+01   -0.422542499152542161E+00    0.267408538975244969E+00   -0.279208917478922736E+00   -0.336037538714190065E+01   -0.517371878316263221E+02   -0.483768124444844219E+02
    0.118321468573966815E+01   -0.422542499152542161E+00    0.267408538975244969E+00   -0.279208917478922736E+00   -0.336037538714190065E+01   -0.517371878316263221E+02   -0.483768124444844219E+02
    0.134990769490610463E+01    0.415334004870076434E+00   -0.594958954292102993E-01   -0.704881609390641595E+00   -0.336037538714190065E+01   -0.517268489352846075E+02   -0.483664735481427073E+02
    0.134990769490610463E+01    0.415334004870076434E+00   -0.594958954292102993E-01   -0.704881609390641595E+00   -0.336037538714190065E+01   -0.517268489352846075E+02   -0.483664735481427073E+02
    0.457426717330871480E+00   -0.181258537007499054E+00    0.632210984982906066E-01   -0.493923721107755176E-01   -0.336037538714190065E+01   -0.517239213572251373E+02   -0.483635459700832371E+02
    0.457426717330871480E+00   -0.181258537007499054E+00    0.632210984982906066E-01   -0.493923721107755176E-01   -0.336037538714190065E+01   -0.517239213572251373E+02   -0.483635459700832371E+02
    0.148011226633103821E+01   -0.266189535970216440E+00    0.471469173931308827E+00   -0.728103746622664749E+00   -0.336037538714190065E+01   -0.517201375964980343E+02   -0.483597622093561341E+02
    0.148011226633103821E+01   -0.266189535970216440E+00    0.471469173931308827E+00   -0.728103746622664749E+00   -0.336037538714190065E+01   -0.517201375964980343E+02   -0.483597622093561341E+02
   -0.115945498974843209E+01    0.216126657148736356E-01   -0.426721172644716207E-01    0.328063369194014465E+00   -0.336037538714190065E+01   -0.517144965991344421E+02   -0.483541212119925419E+02
   -0.115945498974843209E+01    0.216126657148736356E-01   -0.426721172644716207E-01    0.328063369194014465E+00   -0.336037538714190065E+01   -0.517144965991344421E+02   -0.483541212119925419E+02
   -0.126117986440658569E+01   -0.562564730644226074E-01    0.279855728149414062E-01    0.342874240875244096E+00   -0.336037538714190065E+01   -0.517125408971002756E+02   -0.483521655099583754E+02
   -0.126117986440658569E+01   -0.562564730644226074E-01    0.279855728149414062E-01    0.342874240875244096E+00   -0.336037538714190065E+01   -0.517125408971002756E+02   -0.483521655099583754E+02
   -0.128282117843627930E+01    0.451446175575256348E-01    0.358463525772094727E+00   -0.855977058410644087E-01   -0.336037538714190065E+01   -0.517019082797151910E+02   -0.483415328925732908E+02
   -0.128282117843627930E+01    0.451446175575256348E-01    0.358463525772094727E+00   -0.855977058410644087E-01   -0.336037538714190065E+01   -0.517019082797151910E+02   -0.483415328925732908E+02
    0.901183513224775634E+00   -0.337102046857237214E+00    0.237695034255387405E+00   -0.242519006594566155E+00   -0.336037538714190065E+01   -0.517004556552733519E+02   -0.483400802681314516E+02
    0.901183513224775634E+00   -0.337102046857237214E+00    0.237695034255387405E+00   -0.242519006594566155E+00   -0.336037538714190065E+01   -0.517004556552733519E+02   -0.483400802681314516E+02
   -0.146815303465347236E+01    0.900951050963440636E+00   -0.392859478686103714E+00    0.151608177359519702E+00   -0.336037538714190065E+01   -0.516570002670085202E+02   -0.482966248798666200E+02
   -0.117662912607192993E+01   -0.234196543693542480E+00    0.463662624359130859E+00    0.788701057434082475E-01   -0.336037538714190065E+01   -0.516406355454156767E+02   -0.482802601582737765E+02
   -0.117662912607192993E+01   -0.234196543693542480E+00    0.463662624359130859E+00    0.788701057434082475E-01   -0.336037538714190065E+01   -0.516406355454156767E+02   -0.482802601582737765E+02
    0.119565896747516742E+01    0.474799920496488781E+00   -0.469829458346184614E+00   -0.288622894221555848E+00   -0.336037538714190065E+01   -0.516365599861320632E+02   -0.482761845989901630E+02
    0.119565896747516742E+01    0.474799920496488781E+00   -0.469829458346184614E+00   -0.288622894221555848E+00   -0.336037538714190065E+01   -0.516365599861320632E+02   -0.482761845989901630E+02
   -0.148412013474851423E+01   -0.575449947935047557E+00    0.370379265377417166E+00    0.685255128074115927E+00   -0.336037538714190065E+01   -0.516300155979736672E+02   -0.482696402108317670E+02
   -0.148412013474851423E+01   -0.575449947935047557E+00    0.370379265377417166E+00    0.685255128074115927E+00   -0.336037538714190065E+01   -0.516300155979736672E+02   -0.482696402108317670E+02
   -0.146132981018847019E+01   -0.242191329225506458E+00    0.172830863963648884E+00    0.518054010802396547E+00   -0.336037538714190065E+01   -0.516266671829535468E+02   -0.482662917958116466E+02
   -0.146132981018847019E+01   -0.242191329225506458E+00    0.172830863963648884E+00    0.518054010802396547E+00   -0.336037538714190065E+01   -0.516266671829535468E+02   -0.482662917958116466E+02
    0.123838783325820057E+01   -0.423897989396911035E+00    0.337500239728477425E+00   -0.378638674027480193E+00   -0.336037538714190065E+01   -0.516265072074947895E+02   -0.482661318203528893E+02
   -0.125779186032048473E+01   -0.675657806772741898E+00    0.583136617782503031E+00    0.488694455255371363E+00   -0.336037538714190065E+01   -0.516165650932748505E+02   -0.482561897061329503E+02
   -0.125779186032048473E+01   -0.675657806772741898E+00    0.583136617782503031E+00    0.488694455255371363E+00   -0.336037538714190065E+01   -0.516165650932748505E+02   -0.482561897061329503E+02
    0.149978400743912488E+01    0.426409305875398603E+00   -0.297077124786008784E+00   -0.139605084172550908E+00   -0.336037538714190065E+01   -0.516147141567328376E+02   -0.482543387695909374E+02
   -0.141962828065613689E+01    0.122795657403416136E+00   -0.388201446759768309E+00    0.735155513784773396E+00   -0.336037538714190065E+01   -0.516039254609174094E+02   -0.482435500737755092E+02
   -0.141962828065613689E+01    0.122795657403416136E+00   -0.388201446759768309E+00    0.735155513784773396E+00   -0.336037538714190065E+01   -0.516039254609174094E+02   -0.482435500737755092E+02
   -0.988697596485631935E+00    0.706376886052874298E+00   -0.576127490218243610E+00    0.347887523069295268E+00   -0.336037538714190065E+01   -0.515758743917609905E+02   -0.482154990046190903E+02
   -0.988697596485631935E+00    0.706376886052874298E+00   -0.576127490218243610E+00    0.347887523069295268E+00   -0.336037538714190065E+01   -0.515758743917609905E+02   -0.482154990046190903E+02
   -0.128883627175127913E+01   -0.544099530236338946E+00    0.223768327861930683E+00    0.668491328325476974E+00   -0.336037538714190065E+01   -0.515623854210830075E+02   -0.482020100339411073E+02
   -0.128883627175127913E+01   -0.544099530236338946E+00    0.223768327861930683E+00    0.668491328325476974E+00   -0.336037538714190065E+01   -0.515623854210830075E+02   -0.482020100339411073E+02
   -0.148642660830941398E+01    0.749434098797917780E+00   -0.506405085977740033E+00    0.445193468726139630E+00   -0.336037538714190065E+01   -0.515427584384893578E+02   -0.481823830513474576E+02
   -0.148642660830941398E+01    0.749434098797917780E+00   -0.506405085977740033E+00    0.445193468726139630E+00   -0.336037538714190065E+01   -0.515427584384893578E+02   -0.481823830513474576E+02
   -0.130746367356523430E+01    0.494892075281170296E+00   -0.803976506250818623E-01    0.614423566556933087E-01   -0.336037538714190065E+01   -0.515311526281127001E+02   -0.481707772409707999E+02
   -0.130746367356523430E+01    0.494892075281170296E+00   -0.803976506250818623E-01    0.614423566556933087E-01   -0.336037538714190065E+01   -0.515311526281127001E+02   -0.481707772409707999E+02
    0.128111650256099319E+01    0.360684456273107301E+00   -0.101776470775697070E+00   -0.667666799265829947E+00   -0.336037538714190065E+01   -0.515296687568997172E+02   -0.481692933697578169E+02
   -0.132821631431579590E+01    0.236652910709381104E+00   -0.497000217437744141E-01    0.201109027862548917E+00   -0.336037538714190065E+01   -0.515017667129851375E+02   -0.481413913258432373E+02
   -0.132821631431579590E+01    0.236652910709381104E+00   -0.497000217437744141E-01    0.201109027862548917E+00   -0.336037538714190065E+01   -0.515017667129851375E+02   -0.481413913258432373E+02
    0.140725290951070381E+01   -0.134440124961863416E+00   -0.480876890468565188E+00    0.151949007531571034E+00   -0.336037538714190065E+01   -0.514974812760503013E+02   -0.481371058889084011E+02
   -0.106779509782791138E+01   -0.274508357048034668E+00    0.276240587234497070E+00    0.314532566070556685E+00   -0.336037538714190065E+01   -0.514913991444942525E+02   -0.481310237573523523E+02
   -0.106779509782791138E+01   -0.274508357048034668E+00    0.276240587234497070E+00    0.314532566070556685E+00   -0.336037538714190065E+01   -0.514913991444942525E+02   -0.481310237573523523E+02
   -0.136300532328172963E+01    0.347901658349176968E+00   -0.361237455166466992E+00    0.503479541684605847E+00   -0.336037538714190065E+01   -0.514751296456598411E+02   -0.481147542585179409E+02
   -0.136300532328172963E+01    0.347901658349176968E+00   -0.361237455166466992E+00    0.503479541684605847E+00   -0.336037538714190065E+01   -0.514751296456598411E+02   -0.481147542585179409E+02
    0.117158980096030207E+01   -0.765164037520694729E+00    0.577579027919335797E+00   -0.362687644439983581E+00   -0.336037538714190065E+01   -0.514685680209823815E+02   -0.481081926338404813E+02
    0.117158980096030207E+01   -0.765164037520694729E+00    0.577579027919335797E+00   -0.362687644439983581E+00   -0.336037538714190065E+01   -0.514685680209823815E+02   -0.481081926338404813E+02
   -0.136038547754287720E+01    0.268515586853027344E+00    0.562852621078491211E-01    0.105881023406982466E+00   -0.336037538714190065E+01   -0.514509069528195013E+02   -0.480905315656776011E+02
   -0.136038547754287720E+01    0.268515586853027344E+00    0.562852621078491211E-01    0.105881023406982466E+00   -0.336037538714190065E+01   -0.514509069528195013E+02   -0.480905315656776011E+02
    0.847446378880189144E+00   -0.131799092092133030E-01   -0.578225898814472838E-01   -0.186409272979655927E+00   -0.336037538714190065E+01   -0.514421049564825381E+02   -0.480817295693406379E+02
    0.847446378880189144E+00   -0.131799092092133030E-01   -0.578225898814472838E-01   -0.186409272979655927E+00   -0.336037538714190065E+01   -0.514421049564825381E+02   -0.480817295693406379E+02
    0.128917027675160512E+01    0.279325498454697119E+00   -0.223012730197969522E+00   -0.369482081364177484E+00   -0.336037538714190065E+01   -0.514272974771196445E+02   -0.480669220899777443E+02
    0.128917027675160512E+01    0.279325498454697119E+00   -0.223012730197969522E+00   -0.369482081364177484E+00   -0.336037538714190065E+01   -0.514272974771196445E+02   -0.480669220899777443E+02
   -0.124869239330291748E+01   -0.245967507362365723E-01    0.205459356307983398E+00    0.911966323852538840E-01   -0.336037538714190065E+01   -0.513974510067760448E+02   -0.480370756196341446E+02
   -0.124869239330291748E+01   -0.245967507362365723E-01    0.205459356307983398E+00    0.911966323852538840E-01   -0.336037538714190065E+01   -0.513974510067760448E+02   -0.480370756196341446E+02
   -0.659528785154467334E+00    0.202884694725457893E+00   -0.382295460507020568E-01    0.574016795955980541E-01   -0.336037538714190065E+01   -0.513919262874160268E+02   -0.480315509002741265E+02
   -0.126780319526674234E+01    0.840832905820402488E+00   -0.416311881389399785E+00    0.182280206263907507E+00   -0.336037538714190065E+01   -0.513835871853001009E+02   -0.480232117981582007E+02
   -0.126780319526674234E+01    0.840832905820402488E+00   -0.416311881389399785E+00    0.182280206263907507E+00   -0.336037538714190065E+01   -0.513835871853001009E+02   -0.480232117981582007E+02
    0.117939605636838296E+01   -0.297285439958793862E+00    0.463782089979098533E+00   -0.633130043526113240E+00   -0.336037538714190065E+01   -0.513813324139483711E+02   -0.480209570268064709E+02
    0.117939605636838296E+01   -0.297285439958793862E+00    0.463782089979098533E+00   -0.633130043526113240E+00   -0.336037538714190065E+01   -0.513813324139483711E+02   -0.480209570268064709E+02
   -0.140949076403202511E+01   -0.122947019601053587E+00    0.470105884280601849E+00   -0.636523849381986917E-02   -0.336037538714190065E+01   -0.513777752152852969E+02   -0.480173998281433967E+02
   -0.140949076403202511E+01   -0.122947019601053587E+00    0.470105884280601849E+00   -0.636523849381986917E-02   -0.336037538714190065E+01   -0.513777752152852969E+02   -0.480173998281433967E+02
    0.617699427109530852E+00    0.216678261350899515E+00   -0.882801115128855063E-01   -0.324366553890670262E+00   -0.336037538714190065E+01   -0.513723377101231478E+02   -0.480119623229812476E+02
    0.617699427109530852E+00    0.216678261350899515E+00   -0.882801115128855063E-01   -0.324366553890670262E+00   -0.336037538714190065E+01   -0.513723377101231478E+02   -0.480119623229812476E+02
    0.124750070600050744E+01   -0.222741148680223766E+00    0.941071349587976336E-01   -0.250929371449108873E+00   -0.336037538714190065E+01   -0.513691000006172516E+02   -0.480087246134753514E+02
    0.124750070600050744E+01   -0.222741148680223766E+00    0.941071349587976336E-01   -0.250929371449108873E+00   -0.336037538714190065E+01   -0.513691000006172516E+02   -0.480087246134753514E+02
    0.108163613592410091E+01   -0.346146819540577688E+00    0.373110268386806165E+00   -0.453742219392102242E+00   -0.336037538714190065E+01   -0.513625379150401358E+02   -0.480021625278982356E+02
    0.108163613592410091E+01   -0.346146819540577688E+00    0.373110268386806165E+00   -0.453742219392102242E+00   -0.336037538714190065E+01   -0.513625379150401358E+02   -0.480021625278982356E+02
    0.810087025165557861E+00    0.110294222831726074E-01    0.376832485198974609E-01   -0.272136974334716841E+00   -0.336037538714190065E+01   -0.513591113037355242E+02   -0.479987359165936240E+02
    0.810087025165557861E+00    0.110294222831726074E-01    0.376832485198974609E-01   -0.272136974334716841E+00   -0.336037538714190065E+01   -0.513591113037355242E+02   -0.479987359165936240E+02
   -0.139048478803445619E+01   -0.247228493254084913E+00    0.325573842090654431E+00    0.286852156469437958E+00   -0.336037538714190065E+01   -0.513435697540675520E+02   -0.479831943669256518E+02
   -0.139048478803445619E+01   -0.247228493254084913E+00    0.325573842090654431E+00    0.286852156469437958E+00   -0.336037538714190065E+01   -0.513435697540675520E+02   -0.479831943669256518E+02
   -0.534492987012316068E+00   -0.170218946547617378E+00    0.129192539818980379E+00    0.206991464282500814E+00   -0.336037538714190065E+01   -0.513413213191814464E+02   -0.479809459320395462E+02
    0.140270447731018066E+01    0.230999529361724854E+00   -0.573041439056396484E-01   -0.616155433654785201E+00   -0.336037538714190065E+01   -0.513381563029997707E+02   -0.479777809158578705E+02
    0.140270447731018066E+01    0.230999529361724854E+00   -0.573041439056396484E-01   -0.616155433654785201E+00   -0.336037538714190065E+01   -0.513381563029997707E+02   -0.479777809158578705E+02
   -0.140817850828170776E+01   -0.498547375202178955E+00    0.133601903915405273E+00    0.746264934539794922E+00   -0.336037538714190065E+01   -0.513381228755501837E+02   -0.479777474884082835E+02
   -0.140817850828170776E+01   -0.498547375202178955E+00    0.133601903915405273E+00    0.746264934539794922E+00   -0.336037538714190065E+01   -0.513381228755501837E+02   -0.479777474884082835E+02
   -0.133096987009048462E+01   -0.254923582077026367E+00    0.252548456192016602E+00    0.391201114654541104E+00   -0.336037538714190065E+01   -0.513370368373196868E+02   -0.479766614501777866E+02
   -0.133096987009048462E+01   -0.254923582077026367E+00    0.252548456192016602E+00    0.391201114654541104E+00   -0.336037538714190065E+01   -0.513370368373196868E+02   -0.479766614501777866E+02
   -0.135397481295155742E+01   -0.460345912776557231E+00    0.151514845828744527E+00    0.738223145630072741E+00   -0.336037538714190065E+01   -0.513303932032591916E+02   -0.479700178161172914E+02
   -0.135397481295155742E+01   -0.460345912776557231E+00    0.151514845828744527E+00    0.738223145630072741E+00   -0.336037538714190065E+01   -0.513303932032591916E+02   -0.479700178161172914E+02
   -0.143247552002137812E+01   -0.384901314706758146E-01    0.210841613046184317E+00    0.101837445432919060E+00   -0.336037538714190065E+01   -0.513116382629039691E+02   -0.479512628757620689E+02
    0.137492222710159595E+01    0.434335438967550669E+00   -0.312707118706245013E+00   -0.547846310780209400E+00   -0.336037538714190065E+01   -0.512975795131759043E+02   -0.479372041260340040E+02
   -0.112732585460069989E+01   -0.398159382365252057E+00    0.574019108936235867E+00    0.205005132225968278E+00   -0.336037538714190065E+01   -0.512859009170508600E+02   -0.479255255299089598E+02
   -0.112732585460069989E+01   -0.398159382365252057E+00    0.574019108936235867E+00    0.205005132225968278E+00   -0.336037538714190065E+01   -0.512859009170508600E+02   -0.479255255299089598E+02
    0.148339787672610868E+01   -0.556963354678759792E+00    0.332008986361409075E+00   -0.401935331120132744E+00   -0.336037538714190065E+01   -0.512845860144524437E+02   -0.479242106273105435E+02
    0.148339787672610868E+01   -0.556963354678759792E+00    0.332008986361409075E+00   -0.401935331120132744E+00   -0.336037538714190065E+01   -0.512845860144524437E+02   -0.479242106273105435E+02
   -0.136349685707936685E+01    0.786505095451701663E-01   -0.612291897580741207E-01    0.368097227847624220E+00   -0.336037538714190065E+01   -0.512811198123598260E+02   -0.479207444252179258E+02
   -0.136349685707936685E+01    0.786505095451701663E-01   -0.612291897580741207E-01    0.368097227847624220E+00   -0.336037538714190065E+01   -0.512811198123598260E+02   -0.479207444252179258E+02
   -0.144170063735832010E+01    0.103080287387275282E+01   -0.666337616336039051E+00    0.330507367698512855E+00   -0.336037538714190065E+01   -0.512718042865282158E+02   -0.479114288993863155E+02
   -0.144170063735832010E+01    0.103080287387275282E+01   -0.666337616336039051E+00    0.330507367698512855E+00   -0.336037538714190065E+01   -0.512718042865282158E+02   -0.479114288993863155E+02
   -0.143311822414398193E+01    0.619643926620483398E-02    0.179726719856262207E+00    0.126312637329101585E+00   -0.336037538714190065E+01   -0.512671502859628276E+02   -0.479067748988209274E+02
   -0.143311822414398193E+01    0.619643926620483398E-02    0.179726719856262207E+00    0.126312637329101585E+00   -0.336037538714190065E+01   -0.512671502859628276E+02   -0.479067748988209274E+02
    0.129124216025836702E+01   -0.256328243651682275E+00    0.939921305570146082E-01   -0.240393370264027406E+00   -0.336037538714190065E+01   -0.512416950633237960E+02   -0.478813196761818958E+02
    0.129124216025836702E+01   -0.256328243651682275E+00    0.939921305570146082E-01   -0.240393370264027406E+00   -0.336037538714190065E+01   -0.512416950633237960E+02   -0.478813196761818958E+02
    0.121194135425434846E+01   -0.490679347604467964E-01   -0.297534626679982761E-01   -0.301763146469575805E+00   -0.336037538714190065E+01   -0.512405207525934756E+02   -0.478801453654515754E+02
   -0.110905050602064659E+01    0.573314302994625713E+00   -0.515899409456483604E+00    0.442582384517048899E+00   -0.336037538714190065E+01   -0.511991397986279964E+02   -0.478387644114860962E+02
   -0.145003188027509600E+01   -0.135490277127471526E+00    0.151926857127285819E+00    0.341494273033633888E+00   -0.336037538714190065E+01   -0.511898155793398928E+02   -0.478294401921979926E+02
    0.139278371042030225E+01   -0.783191619786459792E+00    0.556220723160733677E+00   -0.399734762430464352E+00   -0.336037538714190065E+01   -0.511814440691014951E+02   -0.478210686819595949E+02
    0.139278371042030225E+01   -0.783191619786459792E+00    0.556220723160733677E+00   -0.399734762430464352E+00   -0.336037538714190065E+01   -0.511814440691014951E+02   -0.478210686819595949E+02
    0.799528598785400391E+00   -0.252594351768493652E+00    0.100648522377014160E+00   -0.130695056915283159E+00   -0.336037538714190065E+01   -0.511670403724841094E+02   -0.478066649853422092E+02
    0.799528598785400391E+00   -0.252594351768493652E+00    0.100648522377014160E+00   -0.130695056915283159E+00   -0.336037538714190065E+01   -0.511670403724841094E+02   -0.478066649853422092E+02
   -0.910542166039958301E+00   -0.383115288390647457E-01    0.490295053445209739E+00   -0.109437287015321294E+00   -0.336037538714190065E+01   -0.511582584379778353E+02   -0.477978830508359351E+02
   -0.910542166039958301E+00   -0.383115288390647457E-01    0.490295053445209739E+00   -0.109437287015321294E+00   -0.336037538714190065E+01   -0.511582584379778353E+02   -0.477978830508359351E+02
   -0.149116961937751391E+01    0.703844672058963283E+00   -0.462540470928306191E+00    0.387443780175868113E+00   -0.336037538714190065E+01   -0.511562882938855310E+02   -0.477959129067436308E+02
   -0.149116961937751391E+01    0.703844672058963283E+00   -0.462540470928306191E+00    0.387443780175868113E+00   -0.336037538714190065E+01   -0.511562882938855310E+02   -0.477959129067436308E+02
    0.116978627315183159E+01    0.511437898101914534E+00   -0.300173385542485516E+00   -0.548229817759544824E+00   -0.336037538714190065E+01   -0.511538771448305454E+02   -0.477935017576886452E+02
    0.148477808583843229E+01    0.464633550151543062E-01   -0.699892503092986007E+00    0.820438739909533643E-01   -0.336037538714190065E+01   -0.511475517201568195E+02   -0.477871763330149193E+02
    0.148477808583843229E+01    0.464633550151543062E-01   -0.699892503092986007E+00    0.820438739909533643E-01   -0.336037538714190065E+01   -0.511475517201568195E+02   -0.477871763330149193E+02
    0.146730315685272217E+01   -0.484060049057006836E-01   -0.185982108116149902E+00   -0.120250988006591841E+00   -0.336037538714190065E+01   -0.511458620947586056E+02   -0.477854867076167054E+02
    0.146730315685272217E+01   -0.484060049057006836E-01   -0.185982108116149902E+00   -0.120250988006591841E+00   -0.336037538714190065E+01   -0.511458620947586056E+02   -0.477854867076167054E+02
    0.110132943767707525E+01   -0.437636945070017047E+00    0.270258222425578509E+00   -0.267283632633957935E+00   -0.336037538714190065E+01   -0.511453537617466552E+02   -0.477849783746047549E+02
    0.110132943767707525E+01   -0.437636945070017047E+00    0.270258222425578509E+00   -0.267283632633957935E+00   -0.336037538714190065E+01   -0.511453537617466552E+02   -0.477849783746047549E+02
   -0.143854798522302008E+01   -0.629568903789783363E-01    0.236676726507073276E+00    0.123322394457215601E+00   -0.336037538714190065E+01   -0.511443699226530839E+02   -0.477839945355111837E+02
   -0.143854798522302008E+01   -0.629568903789783363E-01    0.236676726507073276E+00    0.123322394457215601E+00   -0.336037538714190065E+01   -0.511443699226530839E+02   -0.477839945355111837E+02
   -0.144260626822859517E+01    0.430490455025608565E+00   -0.726046706132705832E-01    0.154600802066138021E+00   -0.336037538714190065E+01   -0.511436237487568235E+02   -0.477832483616149233E+02
   -0.132367604430445152E+01   -0.392391434162140840E+00    0.683996536598452831E+00    0.201498909298368556E+00   -0.336037538714190065E+01   -0.511418438041346803E+02   -0.477814684169927801E+02
   -0.134798479542433736E+01   -0.264499946373840666E+00    0.326719070014469537E-01    0.656374769060176222E+00   -0.336037538714190065E+01   -0.511336329031823453E+02   -0.477732575160404451E+02
   -0.134512914923552462E+01    0.902761957903086554E+00   -0.667143318253246242E+00    0.405592942961492176E+00   -0.336037538714190065E+01   -0.511322230787812728E+02   -0.477718476916393726E+02
    0.138749930011914024E+01   -0.572553378789752987E-01    0.368307522290758804E+00   -0.785507534723088985E+00   -0.336037538714190065E+01   -0.511243610943942457E+02   -0.477639857072523455E+02
    0.138749930011914024E+01   -0.572553378789752987E-01    0.368307522290758804E+00   -0.785507534723088985E+00   -0.336037538714190065E+01   -0.511243610943942457E+02   -0.477639857072523455E+02
    0.128467273179966579E+01   -0.704092092838580097E+00    0.579939492166200887E+00   -0.459970456634346547E+00   -0.336037538714190065E+01   -0.511238745227848526E+02   -0.477634991356429524E+02
    0.128467273179966579E+01   -0.704092092838580097E+00    0.579939492166200887E+00   -0.459970456634346547E+00   -0.336037538714190065E+01   -0.511238745227848526E+02   -0.477634991356429524E+02
    0.148227039416411976E+01    0.223079087488933236E+00   -0.238317149874618162E+00   -0.340799011071962088E+00   -0.336037538714190065E+01   -0.511193419446069512E+02   -0.477589665574650510E+02
    0.148227039416411976E+01    0.223079087488933236E+00   -0.238317149874618162E+00   -0.340799011071962088E+00   -0.336037538714190065E+01   -0.511193419446069512E+02   -0.477589665574650510E+02
    0.129547858923248027E+01   -0.148413357800241119E+00    0.374572001359243956E+00   -0.743169436824024809E+00   -0.336037538714190065E+01   -0.511168079495857555E+02   -0.477564325624438553E+02
    0.129547858923248027E+01   -0.148413357800241119E+00    0.374572001359243956E+00   -0.743169436824024809E+00   -0.336037538714190065E+01   -0.511168079495857555E+02   -0.477564325624438553E+02
   -0.745819201850835167E+00   -0.424493056411123781E-01   -0.973879971802915634E-01    0.396833788366605322E+00   -0.336037538714190065E+01   -0.511162220667263085E+02   -0.477558466795844083E+02
    0.126447481163738429E+01   -0.367884827483266896E+00    0.126290877967283777E+00   -0.194615096718603775E+00   -0.336037538714190065E+01   -0.511052483501289814E+02   -0.477448729629870812E+02
    0.126447481163738429E+01   -0.367884827483266896E+00    0.126290877967283777E+00   -0.194615096718603775E+00   -0.336037538714190065E+01   -0.511052483501289814E+02   -0.477448729629870812E+02
   -0.100204896159833612E+01    0.221225571187657621E+00   -0.240145614856820622E+00    0.378405802270079139E+00   -0.336037538714190065E+01   -0.511047794700787676E+02   -0.477444040829368674E+02
    0.149484011659747740E+01   -0.679313201160027913E+00    0.406469432862216262E+00   -0.345052610913553381E+00   -0.336037538714190065E+01   -0.511041060573239463E+02   -0.477437306701820461E+02
    0.149484011659747740E+01   -0.679313201160027913E+00    0.406469432862216262E+00   -0.345052610913553381E+00   -0.336037538714190065E+01   -0.511041060573239463E+02   -0.477437306701820461E+02
    0.131272868077053939E+01   -0.245210333870639507E+00    0.200134952300696334E+00   -0.444578267574650576E+00   -0.336037538714190065E+01   -0.510969350452833595E+02   -0.477365596581414593E+02
    0.131272868077053939E+01   -0.245210333870639507E+00    0.200134952300696334E+00   -0.444578267574650576E+00   -0.336037538714190065E+01   -0.510969350452833595E+02   -0.477365596581414593E+02
   -0.145725816641757633E+01   -0.394610035399129755E+00    0.354396038379867662E+00    0.194050869542269466E+00   -0.336037538714190065E+01   -0.510919254155373537E+02   -0.477315500283954535E+02
   -0.145725816641757633E+01   -0.394610035399129755E+00    0.354396038379867662E+00    0.194050869542269466E+00   -0.336037538714190065E+01   -0.510919254155373537E+02   -0.477315500283954535E+02
    0.143358996163938324E+01   -0.543215806657640465E+00    0.337308548168566258E+00   -0.353560920598696260E+00   -0.336037538714190065E+01   -0.510834171495633527E+02   -0.477230417624214525E+02
   -0.113203657800819801E+01    0.389731241527227379E+00   -0.242955544313556260E+00    0.281860087922821689E+00   -0.336037538714190065E+01   -0.510730547322301902E+02   -0.477126793450882900E+02
   -0.113203657800819801E+01    0.389731241527227379E+00   -0.242955544313556260E+00    0.281860087922821689E+00   -0.336037538714190065E+01   -0.510730547322301902E+02   -0.477126793450882900E+02
   -0.117969440649683510E+01    0.244390572552665608E+00   -0.374126806579502036E+00    0.578056887356372950E+00   -0.336037538714190065E+01   -0.510562237672272516E+02   -0.476958483800853514E+02
   -0.117969440649683510E+01    0.244390572552665608E+00   -0.374126806579502036E+00    0.578056887356372950E+00   -0.336037538714190065E+01   -0.510562237672272516E+02   -0.476958483800853514E+02
    0.133786823719036363E+01   -0.301183311917287755E+00    0.361315117827118559E+00   -0.554805469567132170E+00   -0.336037538714190065E+01   -0.510477550025761886E+02   -0.476873796154342884E+02
    0.133786823719036363E+01   -0.301183311917287755E+00    0.361315117827118559E+00   -0.554805469567132170E+00   -0.336037538714190065E+01   -0.510477550025761886E+02   -0.476873796154342884E+02
    0.969208598913656516E+00   -0.227273257776998916E+00    0.680359582890441850E-01   -0.184380363241874123E+00   -0.336037538714190065E+01   -0.510413910813652691E+02   -0.476810156942233689E+02
    0.969208598913656516E+00   -0.227273257776998916E+00    0.680359582890441850E-01   -0.184380363241874123E+00   -0.336037538714190065E+01   -0.510413910813652691E+02   -0.476810156942233689E+02
   -0.723459099034772679E+00    0.548496078863720538E-01    0.331777736443146232E-01    0.109325491322295298E+00   -0.336037538714190065E+01   -0.510253382582173529E+02   -0.476649628710754527E+02
   -0.723459099034772679E+00    0.548496078863720538E-01    0.331777736443146232E-01    0.109325491322295298E+00   -0.336037538714190065E+01   -0.510253382582173529E+02   -0.476649628710754527E+02
    0.132569561886270515E+01   -0.475458982990235812E+00    0.218469241666295222E+00   -0.241421015818500062E+00   -0.336037538714190065E+01   -0.510197391325555145E+02   -0.476593637454136143E+02
   -0.128294468951944074E+01    0.732605606248333707E+00   -0.341909697931219170E+00    0.188813330340963814E+00   -0.336037538714190065E+01   -0.510181065716478557E+02   -0.476577311845059555E+02
   -0.128294468951944074E+01    0.732605606248333707E+00   -0.341909697931219170E+00    0.188813330340963814E+00   -0.336037538714190065E+01   -0.510181065716478557E+02   -0.476577311845059555E+02
   -0.122142454542865631E+01   -0.290597160946671984E+00    0.292709793647103256E+00    0.294310407650977934E+00   -0.336037538714190065E+01   -0.510175190583052185E+02   -0.476571436711633183E+02
    0.770147016181939037E+00   -0.994371697771789798E-01    0.167461700606902131E+00   -0.332149277865648906E+00   -0.336037538714190065E+01   -0.510116906380999779E+02   -0.476513152509580777E+02
    0.140536151888108396E+01   -0.145355206057381947E+00    0.758284459285820667E-01   -0.352305256639157016E+00   -0.336037538714190065E+01   -0.510040493087350342E+02   -0.476436739215931340E+02
   -0.138459417668574059E+01   -0.564154297663105209E+00    0.437762462375254735E+00    0.531755012732292309E+00   -0.336037538714190065E+01   -0.510009448050972409E+02   -0.476405694179553407E+02
    0.145543737059551237E+01    0.551085996130913358E-01    0.811372392354405836E-01   -0.558293359637973885E+00   -0.336037538714190065E+01   -0.509972555532605227E+02   -0.476368801661186225E+02
    0.145543737059551237E+01    0.551085996130913358E-01    0.811372392354405836E-01   -0.558293359637973885E+00   -0.336037538714190065E+01   -0.509972555532605227E+02   -0.476368801661186225E+02
    0.131339246263691400E+01   -0.828280069129470053E-01   -0.109193041163715976E+00   -0.168141576633290879E+00   -0.336037538714190065E+01   -0.509902193806750574E+02   -0.476298439935331572E+02
   -0.124657425153226842E+01    0.234547816087524286E+00   -0.303713107658467818E+00    0.517309616970190733E+00   -0.336037538714190065E+01   -0.509851673265599601E+02   -0.476247919394180599E+02
   -0.144004072890118340E+01   -0.169380094964701744E+00    0.155485940499029640E+00    0.434590476574110429E+00   -0.336037538714190065E+01   -0.509843452906393892E+02   -0.476239699034974890E+02
    0.763026447932543483E+00   -0.159762240030440150E+00    0.910708444914418713E-01   -0.209274181579890528E+00   -0.336037538714190065E+01   -0.509804130262770201E+02   -0.476200376391351199E+02
    0.763026447932543483E+00   -0.159762240030440150E+00    0.910708444914418713E-01   -0.209274181579890528E+00   -0.336037538714190065E+01   -0.509804130262770201E+02   -0.476200376391351199E+02
    0.147825555987525803E+01    0.241099820833349243E+00   -0.278853337689612069E+00   -0.312643704502769570E+00   -0.336037538714190065E+01   -0.509800112743704830E+02   -0.476196358872285828E+02
   -0.108326287277615729E+01   -0.453317391347174414E-01    0.101813940941839043E+00    0.219905787236982508E+00   -0.336037538714190065E+01   -0.509774375074289594E+02   -0.476170621202870592E+02
    0.791698663822888893E+00   -0.356310800779277681E+00    0.143574296027298320E+00   -0.113113479958569796E+00   -0.336037538714190065E+01   -0.509651045578858017E+02   -0.476047291707439015E+02
   -0.147301659188107137E+01    0.863605844368849684E+00   -0.702133880486205730E+00    0.524331844125714541E+00   -0.336037538714190065E+01   -0.509622563460780285E+02   -0.476018809589361283E+02
   -0.147301659188107137E+01    0.863605844368849684E+00   -0.702133880486205730E+00    0.524331844125714541E+00   -0.336037538714190065E+01   -0.509622563460780285E+02   -0.476018809589361283E+02
   -0.135913659635169282E+01   -0.638712740279227531E+00    0.623489711604193753E+00    0.462218280414901095E+00   -0.336037538714190065E+01   -0.509598611734161082E+02   -0.475994857862742080E+02
   -0.107969699764017824E+01   -0.260865416090585445E+00    0.445849274682816876E-01    0.518486041346166715E+00   -0.336037538714190065E+01   -0.509595773894550490E+02   -0.475992020023131488E+02
   -0.107969699764017824E+01   -0.260865416090585445E+00    0.445849274682816876E-01    0.518486041346166715E+00   -0.336037538714190065E+01   -0.509595773894550490E+02   -0.475992020023131488E+02
    0.126352023416328851E+01    0.369939745164550748E+00   -0.363715898073866395E+00   -0.213298132073894364E+00   -0.336037538714190065E+01   -0.509594780636397005E+02   -0.475991026764978002E+02
    0.126352023416328851E+01    0.369939745164550748E+00   -0.363715898073866395E+00   -0.213298132073894364E+00   -0.336037538714190065E+01   -0.509594780636397005E+02   -0.475991026764978002E+02
    0.148654037845351183E+01    0.617042846527491307E+00   -0.412310678861754987E+00   -0.641078192036501404E+00   -0.336037538714190065E+01   -0.509584453945907114E+02   -0.475980700074488112E+02
    0.138575566737257594E+01    0.125855217953614984E+00    0.193190041491746900E+00   -0.789196875176933599E+00   -0.336037538714190065E+01   -0.509576787745444193E+02   -0.475973033874025191E+02
    0.138575566737257594E+01    0.125855217953614984E+00    0.193190041491746900E+00   -0.789196875176933599E+00   -0.336037538714190065E+01   -0.509576787745444193E+02   -0.475973033874025191E+02
    0.149590783050452369E+01    0.418283790171008141E+00   -0.468854062912049896E+00   -0.334731331495598416E+00   -0.336037538714190065E+01   -0.509567759479829547E+02   -0.475964005608410545E+02
    0.149590783050452369E+01    0.418283790171008141E+00   -0.468854062912049896E+00   -0.334731331495598416E+00   -0.336037538714190065E+01   -0.509567759479829547E+02   -0.475964005608410545E+02
    0.968525966631196056E+00   -0.507963158679089810E+00    0.529489332102527355E+00   -0.474019724162256684E+00   -0.336037538714190065E+01   -0.509564671077429239E+02   -0.475960917206010237E+02
    0.149389132178809447E+01    0.337577291427351156E-01   -0.189824467395394159E-02   -0.450620360646020790E+00   -0.336037538714190065E+01   -0.509512617318933820E+02   -0.475908863447514818E+02
    0.137033575595797741E+01   -0.188564176417028495E+00    0.537749354504604149E-01   -0.318827913787721018E+00   -0.336037538714190065E+01   -0.509494081481319938E+02   -0.475890327609900936E+02
    0.142259289624350016E+01   -0.358847843270925670E+00    0.958089491988263209E-01   -0.217874761634237024E+00   -0.336037538714190065E+01   -0.509484086893485824E+02   -0.475880333022066822E+02
    0.142259289624350016E+01   -0.358847843270925670E+00    0.958089491988263209E-01   -0.217874761634237024E+00   -0.336037538714190065E+01   -0.509484086893485824E+02   -0.475880333022066822E+02
    0.105954262711834124E+01   -0.585598427858831094E-01   -0.711631349971937333E-01   -0.173559145916576729E+00   -0.336037538714190065E+01   -0.509481422308442120E+02   -0.475877668437023118E+02
    0.100333802287316809E+01   -0.131856128208240886E+00    0.257383214630293455E-01   -0.196361720051353661E+00   -0.336037538714190065E+01   -0.509443784600065257E+02   -0.475840030728646255E+02
    0.100333802287316809E+01   -0.131856128208240886E+00    0.257383214630293455E-01   -0.196361720051353661E+00   -0.336037538714190065E+01   -0.509443784600065257E+02   -0.475840030728646255E+02
    0.136065548658370972E+01    0.135265767574310303E+00   -0.297486782073974609E-01   -0.524556541442871116E+00   -0.336037538714190065E+01   -0.509411345239746396E+02   -0.475807591368327394E+02
    0.145518966396174054E+01   -0.625460197676641849E+00    0.380551381366210251E+00   -0.385509609970075606E+00   -0.336037538714190065E+01   -0.509370783537094454E+02   -0.475767029665675452E+02
   -0.142423655888277412E+01    0.363671445975894514E+00   -0.362680648812983897E+00    0.533352767583248566E+00   -0.336037538714190065E+01   -0.509357881513811890E+02   -0.475754127642392888E+02
    0.149920804839346022E+01   -0.285744261464908167E+00    0.808784855555155779E-01   -0.304907195600442049E+00   -0.336037538714190065E+01   -0.509340717271310552E+02   -0.475736963399891550E+02
   -0.138240284959410875E+01   -0.605012343328995339E+00    0.668774231797679031E+00    0.404589809418024471E+00   -0.336037538714190065E+01   -0.509309683714474630E+02   -0.475705929843055628E+02
   -0.123044972175486711E+01   -0.377104410684606206E+00    0.322537339823061764E+00    0.422103596395175140E+00   -0.336037538714190065E+01   -0.509284409717537372E+02   -0.475680655846118370E+02
   -0.123044972175486711E+01   -0.377104410684606206E+00    0.322537339823061764E+00    0.422103596395175140E+00   -0.336037538714190065E+01   -0.509284409717537372E+02   -0.475680655846118370E+02
    0.134632311963554629E+01   -0.145409117346563921E+00    0.388912644615249992E+00   -0.770000178135391122E+00   -0.336037538714190065E+01   -0.509241096649670340E+02   -0.475637342778251337E+02
    0.912181324573350771E+00   -0.296379624277090858E+00    0.178770164824191724E+00   -0.225351943828425716E+00   -0.336037538714190065E+01   -0.509202269068974047E+02   -0.475598515197555045E+02
    0.882269439125278776E+00   -0.156172832819364116E+00    0.668129634728336086E-01   -0.215273798717585785E+00   -0.336037538714190065E+01   -0.509195293489374023E+02   -0.475591539617955021E+02
   -0.149967300966691020E+01    0.309634742665201301E-01   -0.304474603474325090E-01    0.432819524596738336E+00   -0.336037538714190065E+01   -0.509112990771759257E+02   -0.475509236900340255E+02
   -0.122237079412260119E+01    0.305912660053330621E+00   -0.449913266511720589E+00    0.642652358997249706E+00   -0.336037538714190065E+01   -0.509059974490129505E+02   -0.475456220618710503E+02
    0.139170452088991059E+01    0.275303096272652592E+00   -0.113265955961476594E+00   -0.581272274221341312E+00   -0.336037538714190065E+01   -0.509017083092421245E+02   -0.475413329221002243E+02
    0.123354274034500122E+01   -0.389057993888854980E+00    0.517220020294189453E+00   -0.657176113128662198E+00   -0.336037538714190065E+01   -0.509009763228707826E+02   -0.475406009357288823E+02
   -0.626084991588542361E+00   -0.148743909082689862E+00    0.172374872841156490E+00    0.133704819547651788E+00   -0.336037538714190065E+01   -0.508988292034794512E+02   -0.475384538163375510E+02
   -0.144146536737585063E+01    0.104577171272252745E+00    0.106033358093347019E-01    0.331229903823023308E+00   -0.336037538714190065E+01   -0.508966320032611605E+02   -0.475362566161192603E+02
    0.817074257777259394E+00   -0.277107230721085340E+00    0.245986612562752782E+00   -0.316829395676770986E+00   -0.336037538714190065E+01   -0.508919123672806535E+02   -0.475315369801387533E+02
    0.817074257777259394E+00   -0.277107230721085340E+00    0.245986612562752782E+00   -0.316829395676770986E+00   -0.336037538714190065E+01   -0.508919123672806535E+02   -0.475315369801387533E+02
   -0.108630979774841463E+01    0.291255435373377836E+00   -0.196398739694113145E+00    0.298151552956180677E+00   -0.336037538714190065E+01   -0.508918331897168486E+02   -0.475314578025749483E+02
   -0.141449184083932988E+01    0.256680138739806551E-01   -0.409449435193066646E-01    0.428220451052117257E+00   -0.336037538714190065E+01   -0.508881807904265031E+02   -0.475278054032846029E+02
   -0.127655472008218895E+01    0.672921033046805839E+00   -0.674419169344178226E+00    0.598697172248735976E+00   -0.336037538714190065E+01   -0.508848759436100622E+02   -0.475245005564681620E+02
    0.592926078465109807E+00    0.223033876024595124E+00   -0.160936037229590601E+00   -0.233670635036918206E+00   -0.336037538714190065E+01   -0.508844431261962455E+02   -0.475240677390543453E+02
   -0.139850150399454320E+01    0.807377139631449303E+00   -0.653657114767024594E+00    0.496811018863256182E+00   -0.336037538714190065E+01   -0.508800639977082270E+02   -0.475196886105663268E+02
    0.114762489833023817E+01   -0.474123544899133886E+00    0.377828475718632539E+00   -0.387141193821045171E+00   -0.336037538714190065E+01   -0.508799800658619930E+02   -0.475196046787200927E+02
    0.143369643399414226E+01   -0.489826644850346771E+00    0.186940818329386804E+00   -0.240215262518710282E+00   -0.336037538714190065E+01   -0.508795434327127296E+02   -0.475191680455708294E+02
    0.138924222459248359E+01   -0.575471190651704045E+00    0.642986416130764127E+00   -0.690209790296049341E+00   -0.336037538714190065E+01   -0.508791291689489142E+02   -0.475187537818070140E+02
   -0.125273939564529613E+01    0.378302862486115110E+00   -0.133642870600518826E+00    0.211358986591422049E+00   -0.336037538714190065E+01   -0.508779602256237382E+02   -0.475175848384818380E+02
   -0.813291294780081442E+00    0.591900889258274443E-01    0.338733848655214942E-01    0.143745641735123941E+00   -0.336037538714190065E+01   -0.508760068929732441E+02   -0.475156315058313439E+02
    0.129614221682082320E+01   -0.121524005999962714E+00   -0.323761014681585024E-01   -0.232425592411530046E+00   -0.336037538714190065E+01   -0.508725282465905977E+02   -0.475121528594486975E+02
    0.901496503402109184E+00   -0.416531539900477421E+00    0.383198685570487196E+00   -0.368733364160853949E+00   -0.336037538714190065E+01   -0.508721930007401255E+02   -0.475118176135982253E+02
   -0.149980565190089798E+01   -0.606616564819910220E+00    0.624852414670381773E+00    0.433141600740484689E+00   -0.336037538714190065E+01   -0.508681397936375674E+02   -0.475077644064956672E+02
    0.132475682566040298E+01    0.236717746063058287E+00   -0.220915454265185329E+00   -0.390755113109602537E+00   -0.336037538714190065E+01   -0.508649420768387017E+02   -0.475045666896968015E+02
    0.145812702593632171E+01   -0.309763614535215392E+00    0.133896253517939101E+00   -0.337321584742553471E+00   -0.336037538714190065E+01   -0.508630050202982531E+02   -0.475026296331563529E+02
   -0.125634728220390191E+01    0.582036321988506966E+00   -0.298603359221404796E+00    0.242864425987633137E+00   -0.336037538714190065E+01   -0.508621397082531601E+02   -0.475017643211112599E+02
    0.147213099851481388E+01    0.156976320067574449E-01    0.264086256841421285E+00   -0.763130064852696743E+00   -0.336037538714190065E+01   -0.508605785381042494E+02   -0.475002031509623492E+02
    0.134440119497262778E+01    0.902892520437132973E-01    0.665268145338142602E-01   -0.585490418939615509E+00   -0.336037538714190065E+01   -0.508593043909971669E+02   -0.474989290038552667E+02
    0.139194684628744181E+01   -0.275396572954573315E+00    0.497434595055927797E+00   -0.794992418940120849E+00   -0.336037538714190065E+01   -0.508575489059187973E+02   -0.474971735187768971E+02
    0.129548401242201683E+01    0.452050934132756765E+00   -0.439079025890274144E+00   -0.263953827606668745E+00   -0.336037538714190065E+01   -0.508548622173053673E+02   -0.474944868301634671E+02
    0.136215405455559457E+01    0.241775941366888958E+00    0.421841852633191294E-01   -0.683129506020515254E+00   -0.336037538714190065E+01   -0.508542702801711002E+02   -0.474938948930292000E+02
    0.916496168635720920E+00    0.776476643775956266E-01    0.150714887366823369E+00   -0.524310330773605893E+00   -0.336037538714190065E+01   -0.508525452214309652E+02   -0.474921698342890650E+02
    0.989966552463057869E+00    0.127430711905367477E-01    0.392272358139518218E-01   -0.366895094194253202E+00   -0.336037538714190065E+01   -0.508496300156437897E+02   -0.474892546285018895E+02
    0.106895005702972412E+01   -0.311085999011993408E+00    0.342228651046752930E+00   -0.461262416839599620E+00   -0.336037538714190065E+01   -0.508490914427360678E+02   -0.474887160555941676E+02
    0.119106920709124342E+01   -0.492245456773787726E-01   -0.237976178868566368E-01   -0.267329552076613353E+00   -0.336037538714190065E+01   -0.508486252930717626E+02   -0.474882499059298624E+02
   -0.140163743168180077E+01   -0.254713312698406913E-01   -0.274908841575224994E+00    0.768704583960260646E+00   -0.336037538714190065E+01   -0.508482980941748082E+02   -0.474879227070329080E+02
   -0.963347950698954625E+00    0.246294199929407043E+00   -0.127398851924922174E+00    0.220273145396820969E+00   -0.336037538714190065E+01   -0.508482232998172137E+02   -0.474878479126753135E+02
    0.140012048967935909E+01    0.414940392359075760E+00   -0.380643756727135241E+00   -0.443268577196809899E+00   -0.336037538714190065E+01   -0.508465945601314857E+02   -0.474862191729895855E+02
   -0.668189021177994391E+00   -0.656500968761450920E-01   -0.600548938543292721E-01    0.342417849702827182E+00   -0.336037538714190065E+01   -0.508451914330629506E+02   -0.474848160459210504E+02
   -0.703555513791458531E+00   -0.279529068996998031E+00    0.107725941173861806E+00    0.380996678063399097E+00   -0.336037538714190065E+01   -0.508438424186095688E+02   -0.474834670314676686E+02
    0.106619245887367953E+01    0.299873093321597839E+00   -0.364725947587027921E-01   -0.589150049128215336E+00   -0.336037538714190065E+01   -0.508433851198913018E+02   -0.474830097327494016E+02
    0.130950694705756288E+01   -0.557006441201207347E+00    0.609058008527926020E+00   -0.651422468733302895E+00   -0.336037538714190065E+01   -0.508406360939883015E+02   -0.474802607068464013E+02
   -0.139518979667237830E+01   -0.181446766621243594E+00    0.365783359978211209E-01    0.538495301223364420E+00   -0.336037538714190065E+01   -0.508405215527849279E+02   -0.474801461656430277E+02
    0.104421762456636058E+01   -0.310494698360834320E+00    0.144353482184956139E+00   -0.214398197858736816E+00   -0.336037538714190065E+01   -0.508380256699933923E+02   -0.474776502828514921E+02
    0.147679836736745029E+01    0.337641412724452472E+00   -0.117034900286320354E+00   -0.635109125307688815E+00   -0.336037538714190065E+01   -0.508373949463993213E+02   -0.474770195592574211E+02
    0.730533433087347195E+00   -0.219867102331155584E+00    0.287815636041789169E+00   -0.384104725973528294E+00   -0.336037538714190065E+01   -0.508371670233053692E+02   -0.474767916361634690E+02
   -0.129760471661725529E+01   -0.128532816943329742E-01    0.112511066751567190E+00    0.251460321865879299E+00   -0.336037538714190065E+01   -0.508362970798747895E+02   -0.474759216927328893E+02
   -0.102046788076085715E+01    0.548867199309152731E+00   -0.428174661594869721E+00    0.344148780306755775E+00   -0.336037538714190065E+01   -0.508350810551307504E+02   -0.474747056679888502E+02
   -0.140274087407647774E+01   -0.240136180116544473E+00    0.665154337856028288E+00    0.865910172362130970E-01   -0.336037538714190065E+01   -0.508347065933960494E+02   -0.474743312062541492E+02
    0.586292105087477200E+00    0.952934345469436117E-02    0.112082815885984788E+00   -0.326019550545154524E+00   -0.336037538714190065E+01   -0.508346302988886762E+02   -0.474742549117467760E+02
    0.137361418347178743E+01   -0.334670643124600486E+00    0.223513508606913103E+00   -0.405469025538129857E+00   -0.336037538714190065E+01   -0.508317135640614808E+02   -0.474713381769195806E+02
   -0.140194942199415684E+01   -0.145641047182608396E+00   -0.145179385263918492E+00    0.723516142782314686E+00   -0.336037538714190065E+01   -0.508307155716686268E+02   -0.474703401845267265E+02
    0.115054111875725606E+01   -0.947965864330809094E+00    0.663409510552146031E+00   -0.304384911887033927E+00   -0.336037538714190065E+01   -0.508272647849406809E+02   -0.474668893977987807E+02
    0.140138794137050571E+01   -0.515673729510758960E+00    0.600036976982008419E+00   -0.708882093188895279E+00   -0.336037538714190065E+01   -0.508272475852330317E+02   -0.474668721980911315E+02
   -0.128850046961126519E+01   -0.514372472323893715E+00    0.236779948440320798E+00    0.663695467426949737E+00   -0.336037538714190065E+01   -0.508267196576483187E+02   -0.474663442705064185E+02
   -0.944338993391859116E+00   -0.313125802799565367E+00    0.247455575681640561E+00    0.348906182391575337E+00   -0.336037538714190065E+01   -0.508265322490957061E+02   -0.474661568619538059E+02
   -0.135707357514134452E+01    0.599811304664386924E+00   -0.312107840794281555E+00    0.274454215351108477E+00   -0.336037538714190065E+01   -0.508245674021441971E+02   -0.474641920150022969E+02
   -0.135529529552794825E+01   -0.573951384587153335E+00    0.487975592611084252E+00    0.507650014715932407E+00   -0.336037538714190065E+01   -0.508245079604767653E+02   -0.474641325733348651E+02
    0.846073612095594729E+00   -0.183401670496195157E+00    0.901513515313552283E-01   -0.207187604705900807E+00   -0.336037538714190065E+01   -0.508243052374777662E+02   -0.474639298503358660E+02
   -0.107890587906630842E+01    0.644396035577502246E+00   -0.502321280372942991E+00    0.363645304264771152E+00   -0.336037538714190065E+01   -0.508222177811031059E+02   -0.474618423939612057E+02
   -0.147477367081003852E+01   -0.308823853693386940E+00    0.226991269065764723E+00    0.508334255939954849E+00   -0.336037538714190065E+01   -0.508216530149029850E+02   -0.474612776277610848E+02
    0.899187053903550471E+00   -0.317328749098631624E+00    0.159797530093578555E+00   -0.188982613776061847E+00   -0.336037538714190065E+01   -0.508178820280854708E+02   -0.474575066409435706E+02
    0.147707252290278390E+01    0.319481105676768129E+00   -0.351083245202866712E-01   -0.710898522494306295E+00   -0.336037538714190065E+01   -0.508173351304116423E+02   -0.474569597432697421E+02
    0.114385111662984729E+01   -0.501606187451745344E+00    0.304688122071849143E+00   -0.280734544543297049E+00   -0.336037538714190065E+01   -0.508158972819106509E+02   -0.474555218947687507E+02
   -0.119669535469325150E+01   -0.597437513635208362E-01   -0.187433937614444823E+00    0.636455604189934743E+00   -0.336037538714190065E+01   -0.508119617908178469E+02   -0.474515864036759467E+02
    0.124620254102275929E+01   -0.626718541765699966E+00    0.577912867470742775E+00   -0.523208881054185282E+00   -0.336037538714190065E+01   -0.508117078605852441E+02   -0.474513324734433439E+02
    0.536514863845674039E+00    0.754938498742436792E-01   -0.383274376062351374E-01   -0.185653894053167456E+00   -0.336037538714190065E+01   -0.508084196906011698E+02   -0.474480443034592696E+02
   -0.125281327782758867E+01    0.406528266847849817E+00   -0.311657326313011573E+00    0.418590944435144330E+00   -0.336037538714190065E+01   -0.508071550103025373E+02   -0.474467796231606371E+02
   -0.136437899735684964E+01    0.619625377495136132E+00   -0.360453835028737513E+00    0.333176497096652424E+00   -0.336037538714190065E+01   -0.508056552599693987E+02   -0.474452798728274985E+02
    0.113807272911071777E+01    0.344750225543975830E+00   -0.179479718208312988E+00   -0.504553985595703081E+00   -0.336037538714190065E+01   -0.508052832239740795E+02   -0.474449078368321793E+02
    0.507648290527922263E+00   -0.196249865030313497E-01    0.706529641191497859E-01   -0.215913207867033163E+00   -0.336037538714190065E+01   -0.508043310454983938E+02   -0.474439556583564936E+02
   -0.119627946487569159E+01    0.459718969063615646E+00   -0.364145039121868352E+00    0.419580622633654698E+00   -0.336037538714190065E+01   -0.508041435677321047E+02   -0.474437681805902045E+02
   -0.962379928338686130E+00   -0.244047882917549419E+00    0.691659791539025459E-01    0.450704014779577777E+00   -0.336037538714190065E+01   -0.508018710786382783E+02   -0.474414956914963781E+02
   -0.892205396495779013E+00   -0.173112766084794423E+00   -0.263007241644862555E-01    0.465705231941673237E+00   -0.336037538714190065E+01   -0.508002368200407162E+02   -0.474398614328988160E+02
    0.142549108624430021E+01    0.296584049559424967E+00   -0.236860937539824956E+00   -0.467041594625669410E+00   -0.336037538714190065E+01   -0.507998370156585395E+02   -0.474394616285166393E+02
    0.115344893737919296E+01    0.141578376045680798E+00    0.893488042265797588E-01   -0.584172206553961182E+00   -0.336037538714190065E+01   -0.507957606464336422E+02   -0.474353852592917420E+02
    0.128186301363901656E+01   -0.636892022863146390E+00    0.592888760796378644E+00   -0.544668326337235609E+00   -0.336037538714190065E+01   -0.507949070046217841E+02   -0.474345316174798839E+02
   -0.136573983679161870E+01    0.219672946896217081E+00   -0.954518277463146658E-01    0.321105817210900035E+00   -0.336037538714190065E+01   -0.507946280173192619E+02   -0.474342526301773617E+02
    0.139338873269099528E+01    0.516480882476320957E+00   -0.271449337103475408E+00   -0.660081271116083945E+00   -0.336037538714190065E+01   -0.507942535296481168E+02   -0.474338781425062166E+02
    0.626122398015917625E+00    0.162977463736231343E+00   -0.130047571812528795E+00   -0.203511640010511252E+00   -0.336037538714190065E+01   -0.507942309234331049E+02   -0.474338555362912047E+02
    0.111938487839326317E+01    0.190216945478535404E+00   -0.181849104889077795E+00   -0.302492518888151929E+00   -0.336037538714190065E+01   -0.507931623963266006E+02   -0.474327870091847004E+02
   -0.106443292970400383E+01   -0.426402025490245862E+00    0.360863725136452818E+00    0.391760308892745490E+00   -0.336037538714190065E+01   -0.507930422583775822E+02   -0.474326668712356820E+02
   -0.465310188054576468E+00   -0.143170288440450655E-01    0.575117819375758899E-02    0.142368044315562825E+00   -0.336037538714190065E+01   -0.507905906865860430E+02   -0.474302152994441428E+02
    0.124034983011286482E+01   -0.256891490168783099E+00    0.182018360175027372E+00   -0.375926759127821031E+00   -0.336037538714190065E+01   -0.507839427608502163E+02   -0.474235673737083161E+02
    0.135048483713168377E+01    0.242748636433261833E+00    0.636996598679715476E-01   -0.718337962757088277E+00   -0.336037538714190065E+01   -0.507835536507786713E+02   -0.474231782636367711E+02
   -0.102404935946439979E+01    0.288045941079477563E+00   -0.304183984627672599E+00    0.437332575565908099E+00   -0.336037538714190065E+01   -0.507823371066792930E+02   -0.474219617195373928E+02
   -0.135214417230578765E+01   -0.343506983929727783E+00    0.836279541845101893E-01    0.663647694260701249E+00   -0.336037538714190065E+01   -0.507809719551953478E+02   -0.474205965680534476E+02
   -0.140899698382407768E+01   -0.149215727501550433E-02   -0.187478027326953844E-01    0.436216941123561908E+00   -0.336037538714190065E+01   -0.507790604874511118E+02   -0.474186851003092116E+02
   -0.811820480382904330E+00    0.308302670998453987E+00   -0.323535172661761239E+00    0.371874973502003048E+00   -0.336037538714190065E+01   -0.507780212989901401E+02   -0.474176459118482398E+02
    0.115731965130871206E+01    0.177951625922549983E+00    0.367972908100111518E-01   -0.561251892815107345E+00   -0.336037538714190065E+01   -0.507771088879255501E+02   -0.474167335007836499E+02
    0.121708629634775045E+01   -0.102398934493578508E+00    0.629799312496133190E-01   -0.339454296633075192E+00   -0.336037538714190065E+01   -0.507769638717466876E+02   -0.474165884846047874E+02
   -0.144229432247510969E+01    0.745353275459835540E+00   -0.672511596204103612E+00    0.600853616255749401E+00   -0.336037538714190065E+01   -0.507765366384881105E+02   -0.474161612513462103E+02
   -0.127553146471863932E+01   -0.503054782504221198E+00    0.534682021457728140E+00    0.328522524465287180E+00   -0.336037538714190065E+01   -0.507758904199758732E+02   -0.474155150328339730E+02
    0.137442905058104525E+01    0.112394992671035476E+00   -0.146427248413427580E+00   -0.342386148401293777E+00   -0.336037538714190065E+01   -0.507756049618223102E+02   -0.474152295746804100E+02
    0.571190407944162093E+00   -0.648176866879892621E-01    0.818673294478851066E-01   -0.216302215702192324E+00   -0.336037538714190065E+01   -0.507737249045577954E+02   -0.474133495174158952E+02
    0.128270798198372304E+01    0.301678168694125004E+00   -0.951858278364895449E-01   -0.574796103047014006E+00   -0.336037538714190065E+01   -0.507736611178765713E+02   -0.474132857307346711E+02
    0.135029996046539003E+01    0.782178169925140665E-01    0.164104613464882032E+00   -0.676422161379866105E+00   -0.336037538714190065E+01   -0.507732589260413150E+02   -0.474128835388994148E+02
    0.128876480989117193E+01    0.340881886346091179E+00   -0.278188037438726887E+00   -0.433152225630526522E+00   -0.336037538714190065E+01   -0.507730767394652389E+02   -0.474127013523233387E+02
    0.144073615892647666E+01    0.404811143764140180E+00   -0.215284627635291770E+00   -0.599064495141981124E+00   -0.336037538714190065E+01   -0.507728133361298788E+02   -0.474124379489879786E+02
   -0.142426714034181723E+01    0.115479129855461382E+00   -0.545601767218724110E-01    0.388857119534773421E+00   -0.336037538714190065E+01   -0.507720181921592015E+02   -0.474116428050173013E+02
   -0.118122001915434449E+01    0.269445766211913185E+00   -0.152153053719862097E+00    0.297920945887553135E+00   -0.336037538714190065E+01   -0.507717013312440173E+02   -0.474113259441021171E+02
   -0.911499162332854662E+00    0.233155774652012537E+00   -0.238980437339158525E+00    0.358522951805151147E+00   -0.336037538714190065E+01   -0.507707886448388166E+02   -0.474104132576969164E+02
   -0.148751190821644430E+01    0.108266387938601882E+00   -0.634095424972360711E-01    0.415370277189734294E+00   -0.336037538714190065E+01   -0.507685229336135038E+02   -0.474081475464716036E+02
    0.137763633332226298E+01    0.247375233045717291E+00    0.186583427974551519E-01   -0.683539664839164729E+00   -0.336037538714190065E+01   -0.507677432299686870E+02   -0.474073678428267868E+02
   -0.116168271159784342E+01   -0.142598569366451766E+00   -0.749321550240449330E-01    0.577160127601463513E+00   -0.336037538714190065E+01   -0.507665712893207086E+02   -0.474061959021788084E+02
    0.979760102345668571E+00    0.266117633366099948E+00   -0.284511908186952045E+00   -0.229007631137936762E+00   -0.336037538714190065E+01   -0.507618281665391109E+02   -0.474014527793972107E+02
    0.125335076726659622E+01   -0.133539213846825211E+00    0.221675603630679507E+00   -0.521602827274077363E+00   -0.336037538714190065E+01   -0.507605608947850513E+02   -0.474001855076431511E+02
    0.736764032741800357E+00   -0.280699035272033104E+00    0.167418107148623374E+00   -0.190301297444008699E+00   -0.336037538714190065E+01   -0.507605515373666236E+02   -0.474001761502247234E+02
   -0.127527978878268278E+01   -0.287488706397788896E+00    0.635447726383384648E-01    0.601679123094790658E+00   -0.336037538714190065E+01   -0.507598475844516841E+02   -0.473994721973097839E+02
   -0.121208225009715465E+01    0.155885235228979679E+00   -0.984742949084828068E-01    0.343953692857922100E+00   -0.336037538714190065E+01   -0.507589563108102197E+02   -0.473985809236683195E+02
    0.131579501354802186E+01   -0.216999987165903407E+00    0.150743782439673790E+00   -0.378519595110199114E+00   -0.336037538714190065E+01   -0.507578057671485752E+02   -0.473974303800066750E+02
    0.117655567085024293E+01    0.263430042222744021E+00   -0.199680303060399411E+00   -0.398768337989671484E+00   -0.336037538714190065E+01   -0.507566891859933165E+02   -0.473963137988514163E+02
   -0.120616147424083686E+01   -0.411924713368870155E+00    0.397272176477779126E+00    0.369178222333340855E+00   -0.336037538714190065E+01   -0.507564946113044684E+02   -0.473961192241625682E+02
   -0.749374270524596153E+00   -0.162366356499602960E+00    0.141792429474149717E+00    0.229921883316760001E+00   -0.336037538714190065E+01   -0.507546649198985804E+02   -0.473942895327566802E+02
   -0.888729602733033919E+00   -0.217560093695086998E+00    0.163737002794968944E+00    0.307907337081715138E+00   -0.336037538714190065E+01   -0.507524982477653523E+02   -0.473921228606234521E+02
    0.130736163888829537E+01   -0.332389053456007444E+00    0.199816744879046659E+00   -0.343090859668600423E+00   -0.336037538714190065E+01   -0.507503483782333618E+02   -0.473899729910914616E+02
    0.766950677844235429E+00   -0.439713573621356879E+00    0.303248068124511772E+00   -0.216452850109124184E+00   -0.336037538714190065E+01   -0.507499646099914514E+02   -0.473895892228495512E+02
    0.126088933333993225E+01    0.390173746410425348E+00   -0.372552005953121990E+00   -0.378759987321971747E+00   -0.336037538714190065E+01   -0.507498594675964796E+02   -0.473894840804545794E+02
   -0.115719285755837653E+01    0.519103767140304484E+00   -0.469780671594644872E+00    0.472681710030141700E+00   -0.336037538714190065E+01   -0.507498315382784639E+02   -0.473894561511365637E+02
   -0.144115449914081384E+01   -0.418741982717898420E+00    0.248375705612962294E+00    0.589731263672669037E+00   -0.336037538714190065E+01   -0.507483213153459118E+02   -0.473879459282040116E+02
    0.135387349357056319E+01    0.437667061521490375E+00   -0.399367257251559971E+00   -0.431919077446102917E+00   -0.336037538714190065E+01   -0.507480112326900041E+02   -0.473876358455481039E+02
    0.142478659159602872E+01   -0.604569434094275326E+00    0.470588961167333064E+00   -0.477148698995772003E+00   -0.336037538714190065E+01   -0.507478633264815002E+02   -0.473874879393396000E+02
   -0.106434199000168617E+01   -0.153197242174463177E+00    0.644796099414590707E-01    0.399080595243914926E+00   -0.336037538714190065E+01   -0.507462462223528448E+02   -0.473858708352109446E+02
   -0.920196179443212081E+00   -0.186521567534389199E+00    0.747387829494223777E-01    0.375676398139959566E+00   -0.336037538714190065E+01   -0.507448876844532180E+02   -0.473845122973113178E+02
   -0.141092604763568086E+01    0.635711359023483080E-01   -0.955607880483341221E-01    0.477497243847717856E+00   -0.336037538714190065E+01   -0.507438894683698294E+02   -0.473835140812279292E+02
    0.128130745492482934E+01   -0.524015301448725324E+00    0.475604282350408303E+00   -0.516311710676079061E+00   -0.336037538714190065E+01   -0.507422996803969042E+02   -0.473819242932550040E+02
   -0.116275969538324819E+01   -0.152396446423873400E+00    0.537256017659462071E-01    0.433874859876782981E+00   -0.336037538714190065E+01   -0.507416982714789029E+02   -0.473813228843370027E+02
   -0.121693099757696110E+01    0.261342469544866729E+00   -0.176265648122247320E+00    0.351379934373312608E+00   -0.336037538714190065E+01   -0.507407863510252284E+02   -0.473804109638833282E+02
    0.149574962046594839E+01    0.457933563672907162E+00   -0.359216414831797892E+00   -0.530666234177331608E+00   -0.336037538714190065E+01   -0.507389758821630608E+02   -0.473786004950211606E+02
   -0.146695465911184719E+01    0.522084546777453973E+00   -0.326481289927604612E+00    0.398362472635041431E+00   -0.336037538714190065E+01   -0.507368060144531441E+02   -0.473764306273112439E+02
   -0.148327247862138001E+01   -0.333281430003412149E+00    0.198800666954201510E+00    0.556538456499740208E+00   -0.336037538714190065E+01   -0.507341566937881083E+02   -0.473737813066462081E+02
   -0.130194347899945173E+01    0.443154345123282667E+00   -0.392287951051351058E+00    0.490858729068936794E+00   -0.336037538714190065E+01   -0.507227455201900455E+02   -0.473623701330481452E+02
   -0.104640902602212860E+01    0.775639100542266480E+00   -0.541559633540963703E+00    0.284075123708554589E+00   -0.336037538714190065E+01   -0.507211310033203304E+02   -0.473607556161784302E+02
    0.102677905656861368E+01   -0.525381447777670041E+00    0.425528188765667892E+00   -0.372737439019977967E+00   -0.336037538714190065E+01   -0.507178093018992939E+02   -0.473574339147573937E+02
   -0.149881503654170345E+01    0.445759245298649187E+00   -0.339628905793780689E+00    0.479867034964542860E+00   -0.336037538714190065E+01   -0.507171841277537396E+02   -0.473568087406118394E+02
    0.119018577495126721E+01   -0.433240964033503761E+00    0.324660197507945947E+00   -0.386718805330262150E+00   -0.336037538714190065E+01   -0.507160484317274083E+02   -0.473556730445855081E+02
    0.114620181879543281E+01   -0.380012051839838438E+00    0.285498425886126839E+00   -0.365496477482921911E+00   -0.336037538714190065E+01   -0.507136779135878086E+02   -0.473533025264459084E+02
   -0.121013668122626128E+01    0.681801653366851390E+00   -0.431735526312568618E+00    0.304677154144404216E+00   -0.336037538714190065E+01   -0.506866690284654311E+02   -0.473262936413235309E+02
   -0.106275060122211995E+01    0.419151923757295597E+00   -0.270856885977854067E+00    0.294248466966922750E+00   -0.336037538714190065E+01   -0.507098241982071798E+02   -0.473494488110652796E+02
   -0.143898741483891723E+01    0.658485351578518951E+00   -0.502521290684792676E+00    0.481048991472569742E+00   -0.336037538714190065E+01   -0.506961323062742082E+02   -0.473357569191323080E+02
   -0.139747130845873158E+01    0.852000294179465545E+00   -0.556978254132674100E+00    0.361170564290857143E+00   -0.336037538714190065E+01   -0.506715637828172589E+02   -0.473111883956753587E+02
   -0.962037923465829281E+00    0.655883733690173720E+00   -0.448148935923845970E+00    0.258375564542475455E+00   -0.336037538714190065E+01   -0.506660106017774652E+02   -0.473056352146355650E+02
   -0.967895901328718611E+00    0.516051481939466594E+00   -0.412380592918323519E+00    0.343481920744498792E+00   -0.336037538714190065E+01   -0.507044357214605341E+02   -0.473440603343186339E+02
