#intrinsic_alignment_parameters--a halo_model_parameters--logt_agn nofz_shifts--uncorr_bias_1 nofz_shifts--uncorr_bias_2 nofz_shifts--uncorr_bias_3 nofz_shifts--uncorr_bias_4 nofz_shifts--uncorr_bias_5 chebyshev_coefficients--c1 chebyshev_coefficients--c2 chebyshev_coefficients--c3
0.08282211910290863  0.006572104679258343  -0.004363290721252768  0.0007164995103995425  0.0028520715982673413  -0.000847425804274197  -0.004986884572426393  0.007326427969883641  -0.0002541143383293611  0.004386799819158895
0.006572104679258344  0.08441683940446155  -0.004857121446901995  0.0025240948328093342  0.0006753813658504277  -0.0033910047484122826  -0.013240458546420692  -0.0011121129417201452  -9.241455254529436e-05  0.001795784788327454
-0.004363290721252767  -0.004857121446901995  0.07664615863562471  0.004952209261491936  -0.005275541933146543  0.004086369648534626  0.0010163795440221012  -0.0022904484096240387  0.00031685030682815075  -0.005091774295638898
0.0007164995103995421  0.0025240948328093334  0.004952209261491935  0.07963976890348029  -0.006938815464465679  0.0022646181137831985  -0.0027595842432993224  0.0012449108131452303  -0.005868312057840143  -0.006231267028275416
0.0028520715982673396  0.0006753813658504281  -0.005275541933146543  -0.00693881546446568  0.08095645277980547  0.005992685565480546  -0.0070401017132549  -0.0047130161837570525  -0.0004060282358417792  -0.0002928791481457571
-0.0008474258042741979  -0.0033910047484122826  0.0040863696485346265  0.002264618113783199  0.005992685565480546  0.0821876730281774  -0.0011726824258245824  0.0034657697723095415  -0.0002888278767761985  3.3175496847582387e-06
-0.004986884572426394  -0.013240458546420688  0.001016379544022101  -0.0027595842432993224  -0.007040101713254901  -0.0011726824258245817  0.08147118681865197  -0.0027157610028974775  -1.5425596954837666e-05  0.000887645214643515
0.007326427969883641  -0.001112112941720145  -0.0022904484096240383  0.0012449108131452307  -0.004713016183757053  0.0034657697723095406  -0.0027157610028974775  0.06941596075734308  -0.008127927198723692  -0.008480693418873732
-0.00025411433832936284  -9.241455254529523e-05  0.00031685030682815184  -0.005868312057840142  -0.00040602823584177965  -0.00028882787677619827  -1.5425596954837882e-05  -0.008127927198723694  0.0890414724974053  -0.0006516668305419456
0.004386799819158894  0.001795784788327454  -0.005091774295638898  -0.006231267028275418  -0.00029287914814575745  3.3175496847578584e-06  0.0008876452146435135  -0.008480693418873732  -0.0006516668305419439  0.08745569217627541
