2.290463956035009574e-01
2.300617608369664169e-01
2.310854966678993483e-01
2.321177082145218229e-01
2.331585028519533309e-01
2.342079889922206171e-01
2.352662779546163263e-01
2.363334829035257101e-01
2.374097181209427754e-01
2.384950998948660583e-01
2.395897467802255154e-01
2.406937790917650644e-01
2.418073192299107221e-01
2.429304916526666691e-01
2.440634234780424960e-01
2.452062429626067352e-01
2.463590813686059866e-01
2.475220719455663299e-01
2.486953502540767968e-01
2.498790542116877123e-01
2.510733240769873476e-01
2.522783025208970020e-01
2.534941349279554723e-01
2.547209691239618601e-01
2.559589554609392192e-01
2.572082469104756686e-01
2.584689992002989767e-01
2.597413710301061385e-01
2.610255237990900534e-01
2.623216217798676198e-01
2.636298321889730123e-01
2.649503253208004838e-01
2.662832745464278061e-01
2.676288563576965651e-01
2.689872504521785834e-01
2.703586398367126553e-01
2.717432109604483448e-01
2.731411536030868836e-01
2.745526610752969110e-01
2.759779302899882381e-01
2.774171618758762836e-01
2.788705601603780893e-01
2.803383332981639886e-01
2.818206933606274833e-01
2.833178564266521371e-01
2.848300426666560692e-01
2.863574764307345588e-01
2.879003863711029343e-01
2.894590055338081558e-01
2.910335714637303783e-01
2.926243263082267121e-01
2.942315167541277310e-01
2.958553942729565955e-01
2.974962152811430061e-01
2.991542412004241647e-01
3.008297385734223783e-01
3.025229791590759443e-01
3.042342400439048133e-01
3.059638038060290555e-01
3.077119586226300108e-01
3.094789983994049032e-01
3.112652228837999857e-01
3.130709377914465685e-01
3.148964549785196465e-01
3.167420925678317012e-01
3.186081750932378553e-01
3.204950336202377348e-01
3.224030059141691495e-01
3.243324366049917806e-01
3.262836773372974619e-01
3.282570869197563024e-01
3.302530314675581335e-01
3.322718846196081044e-01
3.343140276934671862e-01
3.363798498613518873e-01
3.384697483320530664e-01
3.405841284970455574e-01
3.427234040641908841e-01
3.448879973737192239e-01
3.470783395437782581e-01
3.492948706675067516e-01
3.515380400141409067e-01
3.538083061571675181e-01
3.561061372506296174e-01
3.584320112588886831e-01
3.607864161527377656e-01
3.631698501307284999e-01
3.655828217801460056e-01
3.680258503298965422e-01
3.704994659238634025e-01
3.730042098270743289e-01
3.755406346592172206e-01
3.781093045642053840e-01
3.807107955056406312e-01
3.833456955196809512e-01
3.860146049437233051e-01
3.887181366380638159e-01
3.914569161897089589e-01
3.942315822322157159e-01
3.970427866658355343e-01
3.998911948879369516e-01
4.027774859645365524e-01
4.057023529784926641e-01
4.086665032469813941e-01
4.116706585553745468e-01
4.147155553874642964e-01
4.178019449700943744e-01
4.209305936657922742e-01
4.241022832112103513e-01
4.273178108856143242e-01
4.305779896950656105e-01
4.338836484000837546e-01
4.372356318677341203e-01
4.406348012127781488e-01
4.440820339244100357e-01
4.475782238928459611e-01
4.511242814771083687e-01
4.547211337456645852e-01
4.583697244680045579e-01
4.620710140831146284e-01
4.658259795754127741e-01
4.696356146386340136e-01
4.735009295375345872e-01
4.774229509027581031e-01
4.814027214783737629e-01
4.854413000957109037e-01
4.895397613341200271e-01
4.936991949172334082e-01
4.979207055590214037e-01
5.022054125866672880e-01
5.065544493624689615e-01
5.109689626189520828e-01
5.154501108670401788e-01
5.199990645537548861e-01
5.246170051100798037e-01
5.293051238482407994e-01
5.340646201758963985e-01
5.388967002995377342e-01
5.438025766270718764e-01
5.487834659080707000e-01
5.538405868621747441e-01
5.589751580406506770e-01
5.641883968064516086e-01
5.694815166917818194e-01
5.748557237655266272e-01
5.803122146343002719e-01
5.858521739681497031e-01
5.914767705983182688e-01
5.971871532138577354e-01
6.029844480437724918e-01
6.088697543161971648e-01
6.148441384665077614e-01
6.209086312211234970e-01
6.270642222338789207e-01
6.333118542642803828e-01
6.396524166672625800e-01
6.460867394406667463e-01
6.526155858934598042e-01
6.592396495368691989e-01
6.659595436088034948e-01
6.727757925991357801e-01
6.796888262789499979e-01
6.866989704007194772e-01
6.938064367115381881e-01
7.010113150317039965e-01
7.083135627430682257e-01
7.157129942561279989e-01
7.232092719840063078e-01
7.308018940740786951e-01
7.384901840890820690e-01
7.462732795262364549e-01
7.541501198974701614e-01
7.621194359593828072e-01
7.701797355969983716e-01
7.783292927346461276e-01
7.865661377338831750e-01
7.948880448865289772e-01
8.032925176978084059e-01
8.117767783550363658e-01
8.203377598964994855e-01
8.289720892919578699e-01
8.376760827984534030e-01
8.464457329535348684e-01
8.552767018381757236e-01
8.641643110958807661e-01
8.731035349302576076e-01
8.820889942786842575e-01
8.911149517541897547e-01
9.001753068030887706e-01
9.092635934757206106e-01
9.183729786292418318e-01
9.274962620251717693e-01
9.366258768526837253e-01
9.457538937619754948e-01
9.548720242790594837e-01
9.639716268688304224e-01
9.730437137793143121e-01
9.820789595285531748e-01
9.910677114943960975e-01
1.000000000000000000e+00
