-1.833047757944967936e-10
-4.549298375987593676e-10
-4.471931261081439299e-10
-2.139369496476710230e-10
-9.459358309757861968e-11
1.693140216273213908e-10
2.174658806272605964e-10
3.415341526804544122e-10
3.508948921018374326e-10
2.311422543102189782e-10
4.774091463427484847e-11
1.542808822525674391e-10
5.039547276656922584e-10
8.930394672633385657e-10
9.966837342187743440e-10
1.053777087551282413e-10
1.869536220827331524e-10
3.641534677772501769e-10
3.918974150587158898e-10
2.991734517088444848e-10
1.397026010261184753e-10
2.968284549112927286e-10
5.367229007139304645e-10
8.785614968759749619e-10
1.037010864933070073e-09
3.003390422823676887e-10
3.247800613303327600e-10
4.242830299982697048e-10
5.375816805138326609e-10
5.318083490959166522e-10
6.514983941183600486e-11
-2.254750611231529164e-11
-6.473648117411183047e-11
7.990458874913763614e-11
1.183847442958303743e-10
8.891182102991533992e-11
1.176287322526377128e-10
1.951307725162567930e-10
3.861791185842311778e-10
5.643257464314173583e-10
-2.118599691916288554e-11
-5.392637506204689148e-11
-1.306276555629004288e-11
9.840125495182541294e-11
1.681944633122860532e-10
-1.467518846793779249e-10
-1.629909129219591551e-10
-1.077134192125800649e-10
7.822824833927140552e-11
2.262434093898393746e-10
-1.971376560164452242e-10
-3.141651455104056396e-10
-2.534466375639666542e-10
-1.102619831962715578e-10
4.042076949058176936e-11
-6.915240628850438473e-11
-4.823379467795831945e-11
4.450550283424503032e-11
1.733999482032494815e-10
3.161138544564674423e-10
-3.467156178975218958e-10
-5.339360781916210848e-10
-5.902456867721719207e-10
-6.013848070871223178e-10
-5.668598873913983305e-10
-2.468976934708708330e-10
-2.100508950059241325e-10
-1.288378782755780330e-10
-2.797052022356437673e-11
7.380307004358540792e-11
-1.337051123179886666e-10
-2.798672426712568438e-10
-4.256287900211461428e-10
-4.097097018445021639e-10
-1.404019832383014953e-10
