#cosmological_parameters--h0 cosmological_parameters--omega_m cosmological_parameters--n_s cosmological_parameters--s_8_input intrinsic_alignment_parameters--a nofz_shifts--uncorr_bias_1 nofz_shifts--uncorr_bias_2 nofz_shifts--uncorr_bias_3 nofz_shifts--uncorr_bias_4 nofz_shifts--uncorr_bias_5
0.002408838243940163  -1.1671460450234612e-05  -0.0015011633549463356  0.007099138750157454  -0.02196349729572376  -0.09776970120797902  -0.0058013351825757144  -0.04451649326502591  0.027670589412980985  -0.0202970425270026
-1.1671460450234612e-05  5.8848891640323756e-06  7.119097129000676e-05  0.00015797895451507155  0.00036927217123691644  -0.0018160870980562292  -0.0006603307674088163  -3.773518138051051e-05  0.0016517118174065282  0.0004642458452700464
-0.0015011633549463354  7.119097129000676e-05  0.005536359829273577  0.002298083806612101  0.051216932656943145  0.08389965540632983  0.004400597622647356  0.06865578146256283  0.0716461249197196  0.020441480991878692
0.007099138750157454  0.00015797895451507153  0.002298083806612102  0.09387915100569195  0.08288377705772303  -0.2764311687240381  -0.10060751512484153  -0.10007511063814305  0.0851590952571387  0.02629757310377032
-0.02196349729572376  0.0003692721712369164  0.05121693265694316  0.082883777057723  2.0653976352478303  2.2352088190731725  -1.213529516281424  0.19112081310118043  -0.565428714602598  -0.2012506894814657
-0.09776970120797901  -0.0018160870980562295  0.08389965540632986  -0.2764311687240381  2.2352088190731725  8.754881511732965  -0.05531559019211231  2.3540522162133377  -0.24684961670497785  -0.11587896543717514
-0.0058013351825757144  -0.0006603307674088163  0.004400597622647349  -0.1006075151248415  -1.2135295162814244  -0.055315590192112435  7.813904605550381  1.1061742698475077  2.5166614408346373  1.9360925183189683
-0.04451649326502591  -3.7735181380510455e-05  0.06865578146256285  -0.10007511063814305  0.19112081310118048  2.3540522162133377  1.1061742698475077  2.9636571175842237  0.7657758223584108  0.7772074424125557
0.027670589412980985  0.0016517118174065285  0.07164612491971961  0.08515909525713872  -0.5654287146025978  -0.24684961670497785  2.5166614408346373  0.7657758223584108  6.028811303030138  0.2311835789331727
-0.020297042527002596  0.00046424584527004657  0.020441480991878692  0.026297573103770334  -0.20125068948146574  -0.11587896543717502  1.9360925183189683  0.7772074424125559  0.2311835789331726  2.404887889712501
