#uncorr_chebyshev_coefficients--c0 uncorr_chebyshev_coefficients--c1 cosmological_parameters--omch2 cosmological_parameters--ombh2 cosmological_parameters--s_8_input intrinsic_alignment_parameters--a nofz_shifts--uncorr_bias_1 nofz_shifts--uncorr_bias_2 nofz_shifts--uncorr_bias_3 nofz_shifts--uncorr_bias_4 nofz_shifts--uncorr_bias_5
0.7715565709298469  0.03555937352503463  -0.0029648921694711175  -0.00031931641279504727  -0.010525334088571961  -0.054998101524430056  0.05039838332900782  0.0866689967489566  -0.0111153878271868  -0.052881157633048265  -0.069353765927094
0.03555937352503463  0.8380922581689119  -0.0008433125617485274  -1.1002905784817811e-06  0.012089026194271643  0.054718245211526455  0.03796086641899481  -0.11161808140324112  -0.04991776364268223  0.04509823252688297  -0.08982981534651058
-0.0029648921694711175  -0.0008433125617485274  0.0021690200289476293  3.051210341627131e-06  -0.007199826470274022  0.025178659217196198  -0.002591059023910132  0.004335401490834287  0.0032512207198962034  0.0052631718924197575  0.007048125097711088
-0.0003193164127950472  -1.1002905784817705e-06  3.051210341627132e-06  3.818114980699398e-06  -6.492779482043177e-06  0.00019713838546932881  0.00015326233362474798  -3.78969158448013e-05  -0.00018289772079154644  -6.386910322462197e-05  -4.8858588982701016e-05
-0.010525334088571963  0.012089026194271643  -0.007199826470274022  -6.492779482043176e-06  0.041202208165314544  0.045898394820849384  0.020388555600806733  -0.03000052441954355  -0.017899905995084373  -0.015564286937032584  -0.028078914648921836
-0.05499810152443003  0.054718245211526434  0.025178659217196198  0.00019713838546932884  0.045898394820849384  2.626577247005749  0.03716306941108018  0.02039116094011412  0.026171183982364295  0.17343230541580398  0.14618860588009489
0.05039838332900781  0.03796086641899481  -0.0025910590239101323  0.00015326233362474798  0.020388555600806733  0.03716306941108019  0.8144022568952378  -0.057288081748030385  -0.07234218039681649  -0.03427539046777883  0.07856611525313222
0.0866689967489566  -0.11161808140324112  0.004335401490834288  -3.78969158448013e-05  -0.030000524419543553  0.020391160940114134  -0.057288081748030385  0.7982295211776126  -0.010691580087678914  0.000505702292884575  0.034986681754767206
-0.01111538782718679  -0.049917763642682224  0.003251220719896204  -0.00018289772079154644  -0.01789990599508438  0.0261711839823643  -0.07234218039681649  -0.010691580087678914  0.8011586322943276  -0.04572946484825036  0.029068502179151558
-0.052881157633048265  0.04509823252688296  0.005263171892419758  -6.386910322462196e-05  -0.01556428693703258  0.17343230541580398  -0.03427539046777883  0.0005057022928845741  -0.045729464848250356  0.8212295562615394  -0.055602785798443376
-0.06935376592709402  -0.08982981534651063  0.0070481250977110855  -4.8858588982700995e-05  -0.028078914648921836  0.14618860588009497  0.0785661152531322  0.03498668175476717  0.029068502179151554  -0.05560278579844339  0.7600793747050758
