#cosmological_parameters--h0 cosmological_parameters--omch2 cosmological_parameters--ombh2 cosmological_parameters--n_s cosmological_parameters--s_8_input intrinsic_alignment_parameters--a nofz_shifts--uncorr_bias_1 nofz_shifts--uncorr_bias_2 nofz_shifts--uncorr_bias_3 nofz_shifts--uncorr_bias_4 nofz_shifts--uncorr_bias_5 halo_model_parameters--logt_agn
0.001500184383012567  9.549183259875583e-06  -3.826079260538012e-06  2.319755852636269e-05  0.0005145770744639372  -0.0016963874118587833  0.0011664222143966834  0.00040512283365080426  0.000263796096733733  0.0021239389165652093  0.00014789932085974923  3.5303659121408143e-06
9.549183259875587e-06  5.628231931906518e-05  -5.39837939334314e-07  -3.7196485150274518e-06  -3.868725997629257e-05  2.106612483203677e-05  0.0003466328499559819  3.3350610312451175e-05  0.00043049127864074933  3.5232853013221646e-05  -0.000470201156488363  4.028240940792837e-05
-3.826079260538013e-06  -5.398379393343143e-07  3.3358494872957466e-06  1.5928599181869036e-06  -9.800652697897786e-08  -1.7491335987444104e-05  -2.10220396679129e-05  0.00017436332490879214  0.0001237117576375092  -0.00024290332847355984  0.00013907733216903453  -1.287642213875958e-05
2.3197558526362697e-05  -3.719648515027452e-06  1.5928599181869034e-06  9.796286993356391e-05  -1.1965650583198076e-05  -0.00017333483821382157  -0.0008024555862460646  0.00014079340438562756  0.00037428887132662746  -0.00021507810244033793  0.0007335800939930114  6.217848642478813e-05
0.0005145770744639371  -3.8687259976292566e-05  -9.800652697897808e-08  -1.1965650583198074e-05  0.0007945413436427681  0.0023261479855563065  0.0027060715827152506  0.0008979310299458849  -0.0037844778044017788  -0.003855127153932823  -0.0038567680713021907  -0.00013348272963305664
-0.0016963874118587833  2.1066124832036744e-05  -1.7491335987444104e-05  -0.00017333483821382157  0.0023261479855563065  0.07188961734252079  0.035451606764088144  0.058582685153321656  0.004282485237285764  -0.008761562742718923  -0.026585792139840286  0.0012327817135109648
0.0011664222143966843  0.0003466328499559817  -2.1022039667912885e-05  -0.0008024555862460649  0.0027060715827152506  0.03545160676408816  0.7798277558132554  -0.048358719557528414  0.033011755997791624  0.014535374170350194  -0.09721809710038429  -0.006802080325012156
0.00040512283365080404  3.335061031245117e-05  0.0001743633249087922  0.0001407934043856274  0.0008979310299458848  0.058582685153321656  -0.048358719557528414  0.7662764887384491  0.03289907718255255  0.08249181756742253  0.013285412150919189  0.0024396487341679547
0.00026379609673373333  0.0004304912786407492  0.0001237117576375092  0.00037428887132662735  -0.0037844778044017788  0.004282485237285766  0.03301175599779162  0.03289907718255255  0.896665990060997  -0.0593867065479825  -0.031241654688245662  -0.004906940788389683
0.0021239389165652097  3.523285301322159e-05  -0.0002429033284735598  -0.00021507810244033782  -0.003855127153932823  -0.008761562742718922  0.014535374170350208  0.08249181756742255  -0.05938670654798249  0.8377591474520067  0.09527123192765173  -0.011467967310220973
0.00014789932085974923  -0.00047020115648836296  0.00013907733216903458  0.0007335800939930114  -0.003856768071302191  -0.02658579213984029  -0.09721809710038429  0.013285412150919189  -0.031241654688245666  0.09527123192765174  0.8420383761045975  -0.006174684141396848
3.530365912140869e-06  4.028240940792837e-05  -1.2876422138759578e-05  6.217848642478812e-05  -0.00013348272963305667  0.0012327817135109654  -0.0068020803250121555  0.002439648734167954  -0.004906940788389682  -0.011467967310220973  -0.006174684141396844  0.012428506732183972
