#chebyshev_coefficients--c0 chebyshev_coefficients--c1 chebyshev_coefficients--c2 cosmological_parameters--omch2 cosmological_parameters--ombh2 cosmological_parameters--s_8_input intrinsic_alignment_parameters--a nofz_shifts--uncorr_bias_1 nofz_shifts--uncorr_bias_2 nofz_shifts--uncorr_bias_3 nofz_shifts--uncorr_bias_4 nofz_shifts--uncorr_bias_5
1.800731061970116e-05  -4.87720403674756e-07  -1.799294018892489e-07  1.6118250850515463e-05  3.109807922115572e-08  6.766459586988975e-05  0.00011588048238547237  0.0006747478745214217  4.826619490940519e-05  0.00028064831056269653  0.00026998263950271884  0.00014237225906711022
-4.877204036747561e-07  1.776382760115566e-05  -1.1324844562056557e-06  1.520582523532035e-05  4.1617260429265367e-07  0.0004557494928601472  0.00045998422913584564  -0.00031233402899853485  -0.00017752489657626302  0.00021410290436031843  0.0003744541367854146  -0.00010165092829823555
-1.799294018892488e-07  -1.1324844562056557e-06  4.3978256185564295e-06  9.491608062057345e-06  -4.405449257459468e-07  0.00010504719767196068  0.0003050756648864251  2.926194449324562e-06  2.7607771966786633e-06  8.857797858683985e-05  0.00010092908760601448  4.540506170770075e-05
1.6118250850515463e-05  1.5205825235320347e-05  9.491608062057345e-06  0.0026145076645047094  -2.3236227268707682e-06  -0.0073125532901641655  0.03157538059035898  -0.002417876454641333  -0.004557733105485196  -0.0013121319561955217  0.0012812659241488661  0.00353921423339058
3.109807922115585e-08  4.1617260429265377e-07  -4.4054492574594674e-07  -2.3236227268707674e-06  3.643390518358813e-06  -3.363539427801398e-05  -8.076277811785453e-05  -7.93177447517499e-05  9.344381959577693e-05  0.0001899648771375182  -2.2186363909827373e-05  0.0002253371531102743
6.766459586988976e-05  0.0004557494928601472  0.00010504719767196067  -0.0073125532901641655  -3.3635394278013984e-05  0.05547491556656286  0.01510409548967193  -0.005691445773920683  0.004042767525872942  0.012929692280956365  0.00646363777898927  -0.017359640697849742
0.00011588048238547248  0.00045998422913584575  0.0003050756648864251  0.03157538059035898  -8.076277811785452e-05  0.015104095489671926  2.048610459439355  -0.10057621413777866  -0.008961102009258537  -0.05112883262320833  0.0073941319986365805  0.042029379233882204
0.0006747478745214217  -0.00031233402899853496  2.926194449324557e-06  -0.0024178764546413326  -7.931774475174992e-05  -0.005691445773920683  -0.10057621413777867  0.9014880839349466  0.05217563280509029  -0.0654310989757901  -0.00619461888417311  0.0996228376114217
4.826619490940518e-05  -0.00017752489657626297  2.760777196678677e-06  -0.0045577331054851965  9.344381959577695e-05  0.004042767525872938  -0.008961102009258561  0.052175632805090306  0.8470552730279362  0.04916421763060016  0.05978954110473733  -0.0077045443540178895
0.00028064831056269653  0.00021410290436031838  8.857797858683985e-05  -0.0013121319561955206  0.00018996487713751818  0.012929692280956362  -0.051128832623208345  -0.06543109897579007  0.049164217630600165  0.8194555245632613  0.02041721580676772  0.02157120641829165
0.00026998263950271884  0.0003744541367854145  0.00010092908760601448  0.0012812659241488661  -2.2186363909827373e-05  0.006463637778989269  0.007394131998636586  -0.006194618884173115  0.05978954110473733  0.020417215806767714  0.8400863099135438  0.09582492708400954
0.00014237225906711028  -0.0001016509282982356  4.540506170770075e-05  0.003539214233390581  0.00022533715311027428  -0.017359640697849746  0.042029379233882204  0.0996228376114217  -0.0077045443540178895  0.02157120641829165  0.09582492708400953  0.7075123790489483
