   -0.132213842868804932E+01   -0.375901222229003906E+00   -0.861520290374755859E+00   -0.216335010528564520E+00   -0.336037538714190065E+01   -0.586703671433891500E+02   -0.553099917562472498E+02
   -0.141700297594070435E+01   -0.400893688201904297E+00   -0.533504486083984375E-01    0.106534385681152366E+00   -0.336037538714190065E+01   -0.586082860115802617E+02   -0.552479106244383615E+02
    0.138342994451522827E+01   -0.913774967193603516E-02    0.374534249305725098E+00    0.624444198608398393E+00   -0.336037538714190065E+01   -0.585120810583282278E+02   -0.551517056711863276E+02
   -0.897491097450256348E+00   -0.601503252983093262E-01    0.334099769592285156E+00   -0.200456428527832076E+00   -0.336037538714190065E+01   -0.576371473401323087E+02   -0.542767719529904085E+02
   -0.131031489372253418E+01   -0.659506380558013916E+00    0.170459389686584473E+00    0.116553306579589844E+00   -0.336037538714190065E+01   -0.566130715751957325E+02   -0.532526961880538323E+02
    0.132265359096333368E+01   -0.703366120007542506E-02   -0.413966580010357577E-01    0.376365421578540582E-01   -0.336037538714190065E+01   -0.555604232849833721E+02   -0.522000478978414719E+02
   -0.564118013585415801E+00   -0.790030534295376174E-01   -0.543981041419892009E-01    0.158999245018657254E+00   -0.336037538714190065E+01   -0.553190607988526679E+02   -0.519586854117107677E+02
   -0.111777893240838444E+01   -0.723802032753277258E+00   -0.117981511750292478E-01    0.270645197953760519E-01   -0.336037538714190065E+01   -0.548505638067953569E+02   -0.514901884196534567E+02
   -0.147382968664169312E+01   -0.843971729278564453E+00    0.322146415710449219E-01    0.302664756774901900E-01   -0.336037538714190065E+01   -0.548115175663069749E+02   -0.514511421791650747E+02
   -0.924016535282135010E+00   -0.149016022682189941E+00   -0.891481637954711914E-01    0.310741233825683638E+00   -0.336037538714190065E+01   -0.545688419651524441E+02   -0.512084665780105439E+02
   -0.126218015251517612E+01    0.874134362519174424E-01    0.474658490631263419E-01   -0.428817772159270083E-01   -0.336037538714190065E+01   -0.545460815939773127E+02   -0.511857062068354125E+02
    0.136037523512448999E+01   -0.754747522221258516E+00    0.332280477948345920E+00   -0.143305657626412453E-01   -0.336037538714190065E+01   -0.542721137731538406E+02   -0.509117383860119403E+02
   -0.830268502235412598E+00   -0.324649393558502197E+00    0.119509458541870117E+00    0.246691799163818448E+00   -0.336037538714190065E+01   -0.542688223620057784E+02   -0.509084469748638782E+02
    0.553071739978365784E+00    0.266635007664133283E-01    0.859390222924258929E-01   -0.187206882924619178E+00   -0.336037538714190065E+01   -0.542378173231608827E+02   -0.508774419360189825E+02
   -0.135979229128707835E+01    0.131684285500002218E-01   -0.219359819931498445E+00    0.408081017471115803E+00   -0.336037538714190065E+01   -0.542186676434423518E+02   -0.508582922563004516E+02
    0.115387344360351562E+01    0.147515416145324707E+00    0.187486171722412109E+00   -0.490128707885742199E+00   -0.336037538714190065E+01   -0.541101972652136212E+02   -0.507498218780717210E+02
   -0.149062018172599209E+01   -0.314012370965450760E+00    0.823862683629528192E-02    0.396190072877544042E+00   -0.336037538714190065E+01   -0.540258095976805350E+02   -0.506654342105386348E+02
   -0.147588282823562622E+01   -0.179687440395355225E+00   -0.294057965278625488E+00    0.709641170501708940E+00   -0.336037538714190065E+01   -0.540037836674953340E+02   -0.506434082803534338E+02
   -0.127835834026336670E+01    0.151014089584350586E+00   -0.920028686523437500E-01    0.338310623168945224E+00   -0.336037538714190065E+01   -0.539969987941137646E+02   -0.506366234069718644E+02
   -0.853334069252014160E+00    0.246495902538299561E+00   -0.138806939125061035E+00    0.175526142120361328E+00   -0.336037538714190065E+01   -0.538222963680134256E+02   -0.504619209808715254E+02
   -0.142898377595710269E+01    0.145047316185649589E+00    0.643426018814338585E+00   -0.469475325865162163E+00   -0.336037538714190065E+01   -0.538115567982598435E+02   -0.504511814111179433E+02
   -0.120123195648193359E+01    0.352887511253356934E+00   -0.240941762924194336E+00    0.172748279571533159E+00   -0.336037538714190065E+01   -0.537970773179741073E+02   -0.504367019308322071E+02
    0.507866491196589553E+00   -0.213886328523539948E+00    0.131965537850626369E+00   -0.581729147027384430E-01   -0.336037538714190065E+01   -0.537742650648036218E+02   -0.504138896776617216E+02
    0.146668659687561931E+01    0.674017127538359961E-01   -0.163012378735315044E+00    0.706641063026183236E-01   -0.336037538714190065E+01   -0.537465496217163121E+02   -0.503861742345744119E+02
   -0.137815868854522705E+01    0.719227015972137451E+00   -0.786802172660827637E+00    0.494105052947998002E+00   -0.336037538714190065E+01   -0.537336234243835662E+02   -0.503732480372416660E+02
    0.111373114585876465E+01   -0.165146470069885254E+00   -0.215212345123291016E+00    0.203157138824462846E+00   -0.336037538714190065E+01   -0.537244164716801293E+02   -0.503640410845382291E+02
   -0.136015099198214240E+01    0.272167781511014617E-01   -0.134749619572793744E-02    0.110547908454028176E+00   -0.336037538714190065E+01   -0.537092947399830152E+02   -0.503489193528411150E+02
   -0.146978187561035156E+01   -0.186937808990478516E+00    0.981262922286987305E-01    0.155456352233886763E+00   -0.336037538714190065E+01   -0.536821031114283400E+02   -0.503217277242864398E+02
   -0.140190428495407104E+01    0.185200631618499756E+00    0.903571844100952148E-01   -0.991167068481445535E-01   -0.336037538714190065E+01   -0.536340318462828378E+02   -0.502736564591409376E+02
    0.101362606817275580E+01   -0.436147150217108592E+00    0.248878293427757580E+00   -0.163083023317780795E+00   -0.336037538714190065E+01   -0.536251287470253075E+02   -0.502647533598834073E+02
   -0.877570654063042022E+00    0.337899673031942793E-01   -0.207839159047982891E+00    0.360246273103218773E+00   -0.336037538714190065E+01   -0.535491969065929183E+02   -0.501888215194510181E+02
   -0.126790251228478201E+01   -0.140582516813605229E+00    0.260148146269704617E+00    0.293047998403975773E-01   -0.336037538714190065E+01   -0.535273304952531888E+02   -0.501669551081112886E+02
    0.148516102305181219E+01   -0.372057696971843654E-01   -0.173717746235858783E+00    0.117132351500261023E+00   -0.336037538714190065E+01   -0.535189525460949511E+02   -0.501585771589530509E+02
    0.114637394139226911E+01    0.446966592106492477E+00   -0.275470216222242992E+00   -0.429703463936243146E+00   -0.336037538714190065E+01   -0.534959821091089154E+02   -0.501356067219670152E+02
    0.751248042623975376E+00    0.331653448481556978E-01   -0.120533285987077798E-01   -0.865079839573830167E-01   -0.336037538714190065E+01   -0.534780537317205287E+02   -0.501176783445786285E+02
   -0.149089626874626169E+01   -0.165686594049014424E+00    0.147574829777019634E+00    0.642855336997522064E-01   -0.336037538714190065E+01   -0.534225330462719867E+02   -0.500621576591300865E+02
   -0.871397137641906738E+00    0.883437395095825195E-01   -0.468629598617553711E-01    0.220396327972412154E+00   -0.336037538714190065E+01   -0.533703174742851800E+02   -0.500099420871432798E+02
   -0.143059290757247992E+01   -0.316450600345870248E+00    0.600511175365521233E-01    0.366388602554559961E+00   -0.336037538714190065E+01   -0.532727990401958849E+02   -0.499124236530539847E+02
   -0.135793733596801758E+01   -0.335506081581115723E+00    0.151612520217895508E+00    0.257626247406005815E+00   -0.336037538714190065E+01   -0.532637747945465847E+02   -0.499033994074046845E+02
    0.145489629006129118E+01   -0.277693182839716890E+00    0.125313397036517005E+00   -0.131400021949261037E+00   -0.336037538714190065E+01   -0.532599870564733777E+02   -0.498996116693314775E+02
   -0.110185576168093680E+01    0.789997072820877833E+00   -0.733457107082200244E+00    0.364206776060993054E+00   -0.336037538714190065E+01   -0.531059946455284475E+02   -0.497456192583865473E+02
    0.144562304019927979E+01    0.442805886268615723E+00   -0.345683097839355469E+00   -0.378160190582275402E+00   -0.336037538714190065E+01   -0.530823464893974801E+02   -0.497219711022555799E+02
    0.122737630735691639E+01    0.355974108802277200E+00   -0.170670018886009078E+00   -0.263802617097068315E+00   -0.336037538714190065E+01   -0.530370239964918966E+02   -0.496766486093499964E+02
    0.103970199337185409E+01    0.249269332209045125E+00    0.252040749165329814E-01   -0.587981888000147834E+00   -0.336037538714190065E+01   -0.530209570607086533E+02   -0.496605816735667531E+02
    0.976487159729003906E+00   -0.366234362125396729E+00    0.189605712890625000E+00   -0.149804782867431596E+00   -0.336037538714190065E+01   -0.530057223827971384E+02   -0.496453469956552382E+02
   -0.131934016942977905E+01    0.672167658805847168E+00   -0.781135797500610352E+00    0.526968288421630904E+00   -0.336037538714190065E+01   -0.529878942887173352E+02   -0.496275189015754350E+02
   -0.134043488576192549E+01    0.550582990482525680E+00   -0.166011995151566616E+00   -0.278696449285686931E-02   -0.336037538714190065E+01   -0.529773299836321598E+02   -0.496169545964902596E+02
    0.106694389695959480E+01    0.127497767075638091E+00   -0.569753267341344127E-02   -0.414450369662181572E+00   -0.336037538714190065E+01   -0.529675331131427711E+02   -0.496071577260008709E+02
    0.103402036428451538E+01    0.447946786880493164E-02   -0.912698507308959961E-01    0.345525741577146217E-02   -0.336037538714190065E+01   -0.529603327560908497E+02   -0.495999573689489495E+02
   -0.811319947242736816E+00   -0.164376854896545410E+00   -0.312477350234985352E-01    0.292786979675292880E+00   -0.336037538714190065E+01   -0.529565951677219147E+02   -0.495962197805800145E+02
   -0.132739291716556740E+01   -0.478781058064485787E+00    0.263683953031557783E+00    0.318262854283087204E+00   -0.336037538714190065E+01   -0.529375731950057116E+02   -0.495771978078638114E+02
   -0.969039724467791852E+00   -0.658921866228274755E-01    0.178286166304286731E-01    0.147107803127620285E+00   -0.336037538714190065E+01   -0.529324333889716598E+02   -0.495720580018297596E+02
   -0.125000437103227968E+01    0.108478471914115415E+00   -0.200194966166826416E+00    0.352371067859044595E+00   -0.336037538714190065E+01   -0.528905432683889174E+02   -0.495301678812470172E+02
   -0.112818897075360058E+01    0.499650644185182902E+00   -0.553380556005281021E+00    0.400807899316513394E+00   -0.336037538714190065E+01   -0.528513408300858032E+02   -0.494909654429439030E+02
   -0.103473707320455133E+01    0.265272005310661640E-01   -0.842606493865811768E-01    0.229184186223378328E+00   -0.336037538714190065E+01   -0.528389800045246432E+02   -0.494786046173827430E+02
   -0.142600411176681519E+01    0.225882053375244141E+00   -0.213923215866088867E+00    0.301926898956298873E+00   -0.336037538714190065E+01   -0.527731893140525941E+02   -0.494128139269106939E+02
   -0.684080767530968803E+00    0.105122295468186744E+00   -0.228692119079555223E+00    0.308907133027960024E+00   -0.336037538714190065E+01   -0.527642942152731891E+02   -0.494039188281312889E+02
    0.132957811169557294E+01    0.538633949793923428E+00   -0.198895878558590145E+00   -0.477250051010889575E+00   -0.336037538714190065E+01   -0.527499826106087824E+02   -0.493896072234668821E+02
    0.132957811169557294E+01    0.538633949793923428E+00   -0.198895878558590145E+00   -0.477250051010889575E+00   -0.336037538714190065E+01   -0.527499826106087824E+02   -0.493896072234668821E+02
   -0.140379556145476325E+01   -0.470168635135690405E-01    0.467807280814939164E+00   -0.100076389110929642E+00   -0.336037538714190065E+01   -0.526986040327199348E+02   -0.493382286455780346E+02
    0.138197720950103564E+01    0.495518371237189559E+00   -0.269097859659077399E+00   -0.346859397951492843E+00   -0.336037538714190065E+01   -0.526612703754184537E+02   -0.493008949882765535E+02
    0.138197720950103564E+01    0.495518371237189559E+00   -0.269097859659077399E+00   -0.346859397951492843E+00   -0.336037538714190065E+01   -0.526612703754184537E+02   -0.493008949882765535E+02
   -0.139426767826080322E+01    0.135569751262664795E+00    0.184493064880371094E+00   -0.708827018737793191E-01   -0.336037538714190065E+01   -0.526546035351326722E+02   -0.492942281479907720E+02
   -0.139426767826080322E+01    0.135569751262664795E+00    0.184493064880371094E+00   -0.708827018737793191E-01   -0.336037538714190065E+01   -0.526546035351326722E+02   -0.492942281479907720E+02
    0.136220186948776245E+01    0.329401731491088867E+00   -0.214564800262451172E+00   -0.406945228576660600E-01   -0.336037538714190065E+01   -0.526460227602676696E+02   -0.492856473731257694E+02
    0.136693617556307778E+01    0.528588109519726679E+00   -0.237107415714814751E+00   -0.428893754946810146E+00   -0.336037538714190065E+01   -0.526338847824778853E+02   -0.492735093953359851E+02
   -0.135204352919544890E+01    0.509993518608861329E+00   -0.693101915993373341E+00    0.675640714165780976E+00   -0.336037538714190065E+01   -0.526277676828276739E+02   -0.492673922956857737E+02
   -0.137010054185260310E+01    0.704169063135271500E-01    0.634724557333740558E+00   -0.358931543255565810E+00   -0.336037538714190065E+01   -0.525699246032455747E+02   -0.492095492161036745E+02
   -0.137010054185260310E+01    0.704169063135271500E-01    0.634724557333740558E+00   -0.358931543255565810E+00   -0.336037538714190065E+01   -0.525699246032455747E+02   -0.492095492161036745E+02
    0.138233299710744495E+01    0.379136402538754691E+00   -0.605723583835902857E+00   -0.701080553700313969E-01   -0.336037538714190065E+01   -0.525421006075829737E+02   -0.491817252204410735E+02
    0.138233299710744495E+01    0.379136402538754691E+00   -0.605723583835902857E+00   -0.701080553700313969E-01   -0.336037538714190065E+01   -0.525421006075829737E+02   -0.491817252204410735E+02
    0.108033638829978518E+01    0.579039370676551535E+00   -0.420729943950525653E+00   -0.453888542938654105E+00   -0.336037538714190065E+01   -0.525279779759283230E+02   -0.491676025887864228E+02
    0.108033638829978518E+01    0.579039370676551535E+00   -0.420729943950525653E+00   -0.453888542938654105E+00   -0.336037538714190065E+01   -0.525279779759283230E+02   -0.491676025887864228E+02
    0.138266573854169783E+01   -0.178463466056316467E+00   -0.145761335169290684E+00    0.522573196690654385E-01   -0.336037538714190065E+01   -0.525130855157467309E+02   -0.491527101286048307E+02
    0.138266573854169783E+01   -0.178463466056316467E+00   -0.145761335169290684E+00    0.522573196690654385E-01   -0.336037538714190065E+01   -0.525130855157467309E+02   -0.491527101286048307E+02
   -0.145427673883227682E+01    0.188005340605626348E+00   -0.646775764319275082E-01    0.298219165678514475E+00   -0.336037538714190065E+01   -0.525093589052756400E+02   -0.491489835181337398E+02
   -0.149387378440774965E+01   -0.452585124387258508E+00    0.284467286980482736E+00    0.264397725896105440E+00   -0.336037538714190065E+01   -0.524890570105844603E+02   -0.491286816234425601E+02
   -0.764314382563235917E+00    0.130837130401353141E+00    0.583263074242967861E-01   -0.229931201671002006E-01   -0.336037538714190065E+01   -0.524883494396791406E+02   -0.491279740525372404E+02
   -0.130692719883135178E+01   -0.421923761435243350E-01    0.244365747246789944E+00   -0.104896003989067843E+00   -0.336037538714190065E+01   -0.524871446985182359E+02   -0.491267693113763357E+02
   -0.130692719883135178E+01   -0.421923761435243350E-01    0.244365747246789944E+00   -0.104896003989067843E+00   -0.336037538714190065E+01   -0.524871446985182359E+02   -0.491267693113763357E+02
   -0.120170601193241655E+01   -0.287883068448334445E+00   -0.116110428806488364E+00    0.608149274216214231E+00   -0.336037538714190065E+01   -0.524755767830908084E+02   -0.491152013959489082E+02
    0.131941194263040806E+01   -0.126290110419277291E+00   -0.152375628325204127E+00    0.287297389751662857E-01   -0.336037538714190065E+01   -0.524343559331279039E+02   -0.490739805459860037E+02
    0.131941194263040806E+01   -0.126290110419277291E+00   -0.152375628325204127E+00    0.287297389751662857E-01   -0.336037538714190065E+01   -0.524343559331279039E+02   -0.490739805459860037E+02
   -0.524943055698682048E+00    0.260520430753540921E+00   -0.264487569483888407E+00    0.172160314752180410E+00   -0.336037538714190065E+01   -0.524201891961697442E+02   -0.490598138090278439E+02
   -0.119825944241272886E+01   -0.320886882495668546E+00    0.223493728113581147E+00    0.119794430913546135E+00   -0.336037538714190065E+01   -0.523493883849094175E+02   -0.489890129977675173E+02
   -0.119825944241272886E+01   -0.320886882495668546E+00    0.223493728113581147E+00    0.119794430913546135E+00   -0.336037538714190065E+01   -0.523493883849094175E+02   -0.489890129977675173E+02
   -0.104134914152139291E+01   -0.101615243108007069E+00    0.164314574097369492E+00   -0.317177717641159429E-01   -0.336037538714190065E+01   -0.523455940039392758E+02   -0.489852186167973755E+02
   -0.147971075438682331E+01    0.609905872856459919E-01    0.498959785150060231E+00   -0.223600269319125688E+00   -0.336037538714190065E+01   -0.523017863519688220E+02   -0.489414109648269218E+02
   -0.147971075438682331E+01    0.609905872856459919E-01    0.498959785150060231E+00   -0.223600269319125688E+00   -0.336037538714190065E+01   -0.523017863519688220E+02   -0.489414109648269218E+02
   -0.139578885709328171E+01    0.733362614760713516E+00   -0.549542668278115931E+00    0.268660790651126025E+00   -0.336037538714190065E+01   -0.522828409000327241E+02   -0.489224655128908239E+02
   -0.139578885709328171E+01    0.733362614760713516E+00   -0.549542668278115931E+00    0.268660790651126025E+00   -0.336037538714190065E+01   -0.522828409000327241E+02   -0.489224655128908239E+02
   -0.131917804287396567E+01    0.351886253684273509E+00   -0.414044993374204529E+00    0.437651732731888954E+00   -0.336037538714190065E+01   -0.522163605119302545E+02   -0.488559851247883543E+02
   -0.131917804287396567E+01    0.351886253684273509E+00   -0.414044993374204529E+00    0.437651732731888954E+00   -0.336037538714190065E+01   -0.522163605119302545E+02   -0.488559851247883543E+02
   -0.132420966240690707E+01    0.714248620725529637E+00   -0.494126287458055424E+00    0.252363790666815024E+00   -0.336037538714190065E+01   -0.521981839145287054E+02   -0.488378085273868052E+02
   -0.132420966240690707E+01    0.714248620725529637E+00   -0.494126287458055424E+00    0.252363790666815024E+00   -0.336037538714190065E+01   -0.521981839145287054E+02   -0.488378085273868052E+02
    0.125531422256067238E+01   -0.394280633738297581E-02    0.175391395560566821E+00   -0.577098259082614140E+00   -0.336037538714190065E+01   -0.521799461842929091E+02   -0.488195707971510089E+02
    0.125531422256067238E+01   -0.394280633738297581E-02    0.175391395560566821E+00   -0.577098259082614140E+00   -0.336037538714190065E+01   -0.521799461842929091E+02   -0.488195707971510089E+02
    0.118813789871884357E+01   -0.571783735279554284E+00    0.664088901459692904E+00   -0.477510224711161280E+00   -0.336037538714190065E+01   -0.521361290948690623E+02   -0.487757537077271621E+02
    0.118813789871884357E+01   -0.571783735279554284E+00    0.664088901459692904E+00   -0.477510224711161280E+00   -0.336037538714190065E+01   -0.521361290948690623E+02   -0.487757537077271621E+02
    0.146159156104264376E+01   -0.637406245568011176E+00    0.737532935433025116E+00   -0.628636440531243013E+00   -0.336037538714190065E+01   -0.520793302700030978E+02   -0.487189548828611976E+02
   -0.122630870495463284E+01   -0.273259234343368629E+00    0.184758810362164683E+00    0.177315556483176318E+00   -0.336037538714190065E+01   -0.520711275462117484E+02   -0.487107521590698482E+02
   -0.149232747271697064E+01   -0.810802600262632289E-01    0.199278891630920718E+00    0.401399907402955058E-03   -0.336037538714190065E+01   -0.520655742013167924E+02   -0.487051988141748922E+02
   -0.149232747271697064E+01   -0.810802600262632289E-01    0.199278891630920718E+00    0.401399907402955058E-03   -0.336037538714190065E+01   -0.520655742013167924E+02   -0.487051988141748922E+02
   -0.116926594449184473E+01   -0.262787657131624330E+00    0.171627496968398630E+00    0.320644765602173365E+00   -0.336037538714190065E+01   -0.520527094976848801E+02   -0.486923341105429799E+02
   -0.132407902527835630E+01    0.669777437829385924E+00   -0.760497791454247007E+00    0.525476673045803588E+00   -0.336037538714190065E+01   -0.520458520034600127E+02   -0.486854766163181125E+02
   -0.132407902527835630E+01    0.669777437829385924E+00   -0.760497791454247007E+00    0.525476673045803588E+00   -0.336037538714190065E+01   -0.520458520034600127E+02   -0.486854766163181125E+02
   -0.955579902295387917E+00    0.365404674702587418E-01    0.109119720622181227E+00   -0.206674311973014113E-01   -0.336037538714190065E+01   -0.520422349884099589E+02   -0.486818596012680587E+02
   -0.380729406502966272E+00   -0.652006629613701705E-01    0.140901764598488910E-01    0.978851325718977927E-01   -0.336037538714190065E+01   -0.520285117202483960E+02   -0.486681363331064958E+02
   -0.380729406502966272E+00   -0.652006629613701705E-01    0.140901764598488910E-01    0.978851325718977927E-01   -0.336037538714190065E+01   -0.520285117202483960E+02   -0.486681363331064958E+02
   -0.147614022404611589E+01   -0.465213763326360219E+00    0.318966160501292340E+00    0.168031640361863355E+00   -0.336037538714190065E+01   -0.520198223247294180E+02   -0.486594469375875178E+02
   -0.147614022404611589E+01   -0.465213763326360219E+00    0.318966160501292340E+00    0.168031640361863355E+00   -0.336037538714190065E+01   -0.520198223247294180E+02   -0.486594469375875178E+02
   -0.145827392873488582E+01    0.377572964833210456E+00   -0.566934423761012996E-01    0.873902019612406988E-01   -0.336037538714190065E+01   -0.520087061919912728E+02   -0.486483308048493726E+02
   -0.145827392873488582E+01    0.377572964833210456E+00   -0.566934423761012996E-01    0.873902019612406988E-01   -0.336037538714190065E+01   -0.520087061919912728E+02   -0.486483308048493726E+02
    0.122603872105973100E+01    0.291537898017899755E+00    0.761214475179949890E-01   -0.579809159269639940E+00   -0.336037538714190065E+01   -0.519888601284700655E+02   -0.486284847413281653E+02
    0.122603872105973100E+01    0.291537898017899755E+00    0.761214475179949890E-01   -0.579809159269639940E+00   -0.336037538714190065E+01   -0.519888601284700655E+02   -0.486284847413281653E+02
    0.568595247415769833E+00   -0.220521870759651240E+00    0.182937100466971980E+00   -0.133917532196209721E+00   -0.336037538714190065E+01   -0.519859994765687148E+02   -0.486256240894268146E+02
    0.138571764137691211E+01    0.417616375306989696E+00   -0.289631768594474925E-01   -0.759629248789432387E+00   -0.336037538714190065E+01   -0.519821099099628796E+02   -0.486217345228209794E+02
    0.138571764137691211E+01    0.417616375306989696E+00   -0.289631768594474925E-01   -0.759629248789432387E+00   -0.336037538714190065E+01   -0.519821099099628796E+02   -0.486217345228209794E+02
    0.121131141071604542E+01    0.421871709554753505E+00   -0.182148149271773252E+00   -0.379616446362298909E+00   -0.336037538714190065E+01   -0.519446457676804698E+02   -0.485842703805385696E+02
    0.121131141071604542E+01    0.421871709554753505E+00   -0.182148149271773252E+00   -0.379616446362298909E+00   -0.336037538714190065E+01   -0.519446457676804698E+02   -0.485842703805385696E+02
   -0.127981001784471071E+01    0.566506076505006284E+00   -0.390838537345426174E+00    0.266044952486000463E+00   -0.336037538714190065E+01   -0.519374155643474182E+02   -0.485770401772055180E+02
   -0.127981001784471071E+01    0.566506076505006284E+00   -0.390838537345426174E+00    0.266044952486000463E+00   -0.336037538714190065E+01   -0.519374155643474182E+02   -0.485770401772055180E+02
    0.132380283430268930E+01   -0.436421792386276763E-01    0.920660309151992706E-01   -0.305429557981711064E+00   -0.336037538714190065E+01   -0.519158072165573898E+02   -0.485554318294154896E+02
    0.132380283430268930E+01   -0.436421792386276763E-01    0.920660309151992706E-01   -0.305429557981711064E+00   -0.336037538714190065E+01   -0.519158072165573898E+02   -0.485554318294154896E+02
    0.119177798446830874E+01   -0.984203122615792125E-01    0.133347603795193503E+00   -0.297045474286565581E+00   -0.336037538714190065E+01   -0.519078350071748318E+02   -0.485474596200329316E+02
    0.119177798446830874E+01   -0.984203122615792125E-01    0.133347603795193503E+00   -0.297045474286565581E+00   -0.336037538714190065E+01   -0.519078350071748318E+02   -0.485474596200329316E+02
    0.120166692897206850E+01    0.627693701543709626E+00   -0.305110598674280253E+00   -0.519334647555626194E+00   -0.336037538714190065E+01   -0.519037001089140801E+02   -0.485433247217721799E+02
    0.120166692897206850E+01    0.627693701543709626E+00   -0.305110598674280253E+00   -0.519334647555626194E+00   -0.336037538714190065E+01   -0.519037001089140801E+02   -0.485433247217721799E+02
    0.142285667360931889E+01    0.201828552150394414E+00    0.228399410757555987E+00   -0.762012874126720363E+00   -0.336037538714190065E+01   -0.518769871063066361E+02   -0.485166117191647359E+02
    0.142285667360931889E+01    0.201828552150394414E+00    0.228399410757555987E+00   -0.762012874126720363E+00   -0.336037538714190065E+01   -0.518769871063066361E+02   -0.485166117191647359E+02
    0.116039132794182676E+01    0.247278449414029211E+00   -0.580771709260121671E-01   -0.335818921786147584E+00   -0.336037538714190065E+01   -0.518507360329482623E+02   -0.484903606458063621E+02
    0.149205227344101621E+01    0.101348263624458479E+00   -0.406041492107962809E+00    0.102761654641791877E+00   -0.336037538714190065E+01   -0.518210014126988909E+02   -0.484606260255569907E+02
    0.149205227344101621E+01    0.101348263624458479E+00   -0.406041492107962809E+00    0.102761654641791877E+00   -0.336037538714190065E+01   -0.518210014126988909E+02   -0.484606260255569907E+02
    0.817838514873190814E+00    0.102234685617536902E+00    0.783672899712297699E-01   -0.343068441923820744E+00   -0.336037538714190065E+01   -0.518171768795610461E+02   -0.484568014924191459E+02
    0.817838514873190814E+00    0.102234685617536902E+00    0.783672899712297699E-01   -0.343068441923820744E+00   -0.336037538714190065E+01   -0.518171768795610461E+02   -0.484568014924191459E+02
    0.833879649639129639E+00    0.185995459556579590E+00   -0.223641395568847656E-01   -0.278777885437011763E+00   -0.336037538714190065E+01   -0.518070337424793692E+02   -0.484466583553374690E+02
    0.833879649639129639E+00    0.185995459556579590E+00   -0.223641395568847656E-01   -0.278777885437011763E+00   -0.336037538714190065E+01   -0.518070337424793692E+02   -0.484466583553374690E+02
    0.123301505253081567E+01    0.177125123628984360E+00   -0.236269216340650345E+00   -0.235979343940373454E-01   -0.336037538714190065E+01   -0.517895376551926390E+02   -0.484291622680507388E+02
    0.123301505253081567E+01    0.177125123628984360E+00   -0.236269216340650345E+00   -0.235979343940373454E-01   -0.336037538714190065E+01   -0.517895376551926390E+02   -0.484291622680507388E+02
   -0.147622461936996108E+01   -0.250575260903794783E+00    0.280905242326561444E+00    0.551368010250374851E-02   -0.336037538714190065E+01   -0.517881059086818709E+02   -0.484277305215399707E+02
   -0.147622461936996108E+01   -0.250575260903794783E+00    0.280905242326561444E+00    0.551368010250374851E-02   -0.336037538714190065E+01   -0.517881059086818709E+02   -0.484277305215399707E+02
    0.143060374515066080E+01   -0.263675414119046714E-02    0.111480738041770611E+00   -0.532637274847188369E+00   -0.336037538714190065E+01   -0.517825880977316828E+02   -0.484222127105897826E+02
    0.143060374515066080E+01   -0.263675414119046714E-02    0.111480738041770611E+00   -0.532637274847188369E+00   -0.336037538714190065E+01   -0.517825880977316828E+02   -0.484222127105897826E+02
    0.149086972055206557E+01    0.519671512103176525E+00   -0.677099254492739999E+00   -0.189587086768888025E+00   -0.336037538714190065E+01   -0.517599534170369466E+02   -0.483995780298950464E+02
    0.149086972055206557E+01    0.519671512103176525E+00   -0.677099254492739999E+00   -0.189587086768888025E+00   -0.336037538714190065E+01   -0.517599534170369466E+02   -0.483995780298950464E+02
    0.148349612990593993E+01    0.158560211415568197E+00    0.142012326326636629E+00   -0.599658580229533111E+00   -0.336037538714190065E+01   -0.517594449423725891E+02   -0.483990695552306889E+02
    0.148349612990593993E+01    0.158560211415568197E+00    0.142012326326636629E+00   -0.599658580229533111E+00   -0.336037538714190065E+01   -0.517594449423725891E+02   -0.483990695552306889E+02
    0.583617795805417838E+00    0.231003264724477297E+00   -0.274740218360779442E-01   -0.293155887340043386E+00   -0.336037538714190065E+01   -0.517561174793097862E+02   -0.483957420921678860E+02
   -0.141766351461410522E+01    0.439143955707550049E+00   -0.350488424301147461E+00    0.320658111572265536E+00   -0.336037538714190065E+01   -0.517056272595374509E+02   -0.483452518723955507E+02
   -0.141766351461410522E+01    0.439143955707550049E+00   -0.350488424301147461E+00    0.320658111572265536E+00   -0.336037538714190065E+01   -0.517056272595374509E+02   -0.483452518723955507E+02
   -0.128673746373895637E+01    0.545131426676039865E-01   -0.212690577508940382E+00    0.474190611450323596E+00   -0.336037538714190065E+01   -0.516942308817076608E+02   -0.483338554945657606E+02
   -0.128673746373895637E+01    0.545131426676039865E-01   -0.212690577508940382E+00    0.474190611450323596E+00   -0.336037538714190065E+01   -0.516942308817076608E+02   -0.483338554945657606E+02
    0.140879128912335050E+01    0.868924539720166145E-01   -0.406393620176354164E+00    0.975009507092480243E-01   -0.336037538714190065E+01   -0.516906053697402186E+02   -0.483302299825983184E+02
    0.140879128912335050E+01    0.868924539720166145E-01   -0.406393620176354164E+00    0.975009507092480243E-01   -0.336037538714190065E+01   -0.516906053697402186E+02   -0.483302299825983184E+02
    0.753957177154131575E+00    0.137269406537476213E+00   -0.121923354844560627E+00   -0.642320107794035478E-01   -0.336037538714190065E+01   -0.516855210238899474E+02   -0.483251456367480472E+02
    0.753957177154131575E+00    0.137269406537476213E+00   -0.121923354844560627E+00   -0.642320107794035478E-01   -0.336037538714190065E+01   -0.516855210238899474E+02   -0.483251456367480472E+02
   -0.111986734193601034E+01   -0.374504357326868043E+00    0.107001147571661459E-01    0.544069483122833208E+00   -0.336037538714190065E+01   -0.516811231909280409E+02   -0.483207478037861407E+02
   -0.111986734193601034E+01   -0.374504357326868043E+00    0.107001147571661459E-01    0.544069483122833208E+00   -0.336037538714190065E+01   -0.516811231909280409E+02   -0.483207478037861407E+02
   -0.147718404210346921E+01    0.813673600457737400E+00   -0.541799242123977343E+00    0.240860287730483957E+00   -0.336037538714190065E+01   -0.516654967461440648E+02   -0.483051213590021646E+02
   -0.147718404210346921E+01    0.813673600457737400E+00   -0.541799242123977343E+00    0.240860287730483957E+00   -0.336037538714190065E+01   -0.516654967461440648E+02   -0.483051213590021646E+02
    0.118371562915317252E+01    0.355263260221551969E+00   -0.638274242702244754E-01   -0.459282045426158192E+00   -0.336037538714190065E+01   -0.516477233238828930E+02   -0.482873479367409928E+02
    0.118371562915317252E+01    0.355263260221551969E+00   -0.638274242702244754E-01   -0.459282045426158192E+00   -0.336037538714190065E+01   -0.516477233238828930E+02   -0.482873479367409928E+02
   -0.116610922087702451E+01   -0.607117750656608113E+00    0.216092270769666861E+00    0.133780109003110659E+00   -0.336037538714190065E+01   -0.516397593398550754E+02   -0.482793839527131752E+02
   -0.116610922087702451E+01   -0.607117750656608113E+00    0.216092270769666861E+00    0.133780109003110659E+00   -0.336037538714190065E+01   -0.516397593398550754E+02   -0.482793839527131752E+02
   -0.132172207161178124E+01   -0.225265088768823896E+00    0.545076513327526380E+00   -0.684341927812881501E-02   -0.336037538714190065E+01   -0.516383374765599683E+02   -0.482779620894180681E+02
   -0.132172207161178124E+01   -0.225265088768823896E+00    0.545076513327526380E+00   -0.684341927812881501E-02   -0.336037538714190065E+01   -0.516383374765599683E+02   -0.482779620894180681E+02
   -0.111866272781522946E+01    0.646894546232767098E+00   -0.475678784123455989E+00    0.216092315410728819E+00   -0.336037538714190065E+01   -0.516356670513737441E+02   -0.482752916642318439E+02
   -0.111866272781522946E+01    0.646894546232767098E+00   -0.475678784123455989E+00    0.216092315410728819E+00   -0.336037538714190065E+01   -0.516356670513737441E+02   -0.482752916642318439E+02
    0.985482210565865380E+00    0.514957861493827274E+00   -0.241452305894291452E+00   -0.441666963717522454E+00   -0.336037538714190065E+01   -0.516298829494345668E+02   -0.482695075622926666E+02
    0.985482210565865380E+00    0.514957861493827274E+00   -0.241452305894291452E+00   -0.441666963717522454E+00   -0.336037538714190065E+01   -0.516298829494345668E+02   -0.482695075622926666E+02
    0.142811436422752358E+01   -0.133075507222506495E-01    0.354335283187487304E+00   -0.738312696271450797E+00   -0.336037538714190065E+01   -0.516291126128356836E+02   -0.482687372256937834E+02
    0.142811436422752358E+01   -0.133075507222506495E-01    0.354335283187487304E+00   -0.738312696271450797E+00   -0.336037538714190065E+01   -0.516291126128356836E+02   -0.482687372256937834E+02
    0.145652057966909609E+01   -0.635860901861282302E+00    0.334608993814319522E+00   -0.171746644936646153E+00   -0.336037538714190065E+01   -0.516212146904852816E+02   -0.482608393033433813E+02
    0.145652057966909609E+01   -0.635860901861282302E+00    0.334608993814319522E+00   -0.171746644936646153E+00   -0.336037538714190065E+01   -0.516212146904852816E+02   -0.482608393033433813E+02
    0.120635641025694706E+01   -0.288290922141613670E+00    0.594996727851824225E-01   -0.752362837282920527E-01   -0.336037538714190065E+01   -0.515885372437753205E+02   -0.482281618566334203E+02
    0.120635641025694706E+01   -0.288290922141613670E+00    0.594996727851824225E-01   -0.752362837282920527E-01   -0.336037538714190065E+01   -0.515885372437753205E+02   -0.482281618566334203E+02
   -0.125154882270990564E+01   -0.543762111153105798E+00    0.194265603075197024E+00    0.634859138687863034E+00   -0.336037538714190065E+01   -0.515716004668516277E+02   -0.482112250797097275E+02
   -0.125154882270990564E+01   -0.543762111153105798E+00    0.194265603075197024E+00    0.634859138687863034E+00   -0.336037538714190065E+01   -0.515716004668516277E+02   -0.482112250797097275E+02
   -0.819218762482512686E+00    0.196217630515096220E+00   -0.205130886158510051E+00    0.243137239547597472E+00   -0.336037538714190065E+01   -0.515476513921200308E+02   -0.481872760049781306E+02
   -0.819218762482512686E+00    0.196217630515096220E+00   -0.205130886158510051E+00    0.243137239547597472E+00   -0.336037538714190065E+01   -0.515476513921200308E+02   -0.481872760049781306E+02
    0.140830802826372015E+01    0.247997938784036753E+00   -0.583618658132442070E+00   -0.652429457992598216E-03   -0.336037538714190065E+01   -0.515443758764306850E+02   -0.481840004892887848E+02
    0.140830802826372015E+01    0.247997938784036753E+00   -0.583618658132442070E+00   -0.652429457992598216E-03   -0.336037538714190065E+01   -0.515443758764306850E+02   -0.481840004892887848E+02
    0.104885526095969572E+01   -0.194743558349805834E+00    0.236220911029761282E+00   -0.386805585569608312E+00   -0.336037538714190065E+01   -0.515364927145168750E+02   -0.481761173273749748E+02
    0.104885526095969572E+01   -0.194743558349805834E+00    0.236220911029761282E+00   -0.386805585569608312E+00   -0.336037538714190065E+01   -0.515364927145168750E+02   -0.481761173273749748E+02
    0.137371892819175123E+01    0.859916831831939454E-01   -0.460739629517092908E-01   -0.247278699241958444E+00   -0.336037538714190065E+01   -0.515038940867989155E+02   -0.481435186996570152E+02
    0.137371892819175123E+01    0.859916831831939454E-01   -0.460739629517092908E-01   -0.247278699241958444E+00   -0.336037538714190065E+01   -0.515038940867989155E+02   -0.481435186996570152E+02
   -0.148262310330107305E+01   -0.563248054756042782E+00    0.350563756987133157E+00    0.511812148389628963E+00   -0.336037538714190065E+01   -0.515033931687306890E+02   -0.481430177815887888E+02
   -0.148262310330107305E+01   -0.563248054756042782E+00    0.350563756987133157E+00    0.511812148389628963E+00   -0.336037538714190065E+01   -0.515033931687306890E+02   -0.481430177815887888E+02
    0.124188387393951416E+01   -0.189704418182373047E+00   -0.648903846740722656E-02   -0.755684852600098100E-01   -0.336037538714190065E+01   -0.514933844939923731E+02   -0.481330091068504728E+02
    0.124188387393951416E+01   -0.189704418182373047E+00   -0.648903846740722656E-02   -0.755684852600098100E-01   -0.336037538714190065E+01   -0.514933844939923731E+02   -0.481330091068504728E+02
    0.106659865146386723E+01   -0.150789183857551468E+00    0.920227816748324656E-01   -0.191127192940753199E+00   -0.336037538714190065E+01   -0.514895205529353603E+02   -0.481291451657934601E+02
    0.106659865146386723E+01   -0.150789183857551468E+00    0.920227816748324656E-01   -0.191127192940753199E+00   -0.336037538714190065E+01   -0.514895205529353603E+02   -0.481291451657934601E+02
    0.104181977424530769E+01   -0.103186760097531804E+00    0.243996174519598430E+00   -0.430345096013328599E+00   -0.336037538714190065E+01   -0.514888493745867706E+02   -0.481284739874448704E+02
    0.104181977424530769E+01   -0.103186760097531804E+00    0.243996174519598430E+00   -0.430345096013328599E+00   -0.336037538714190065E+01   -0.514888493745867706E+02   -0.481284739874448704E+02
    0.125832669606347824E+01    0.148608239882503934E-01    0.202560730905377628E+00   -0.531652753118404542E+00   -0.336037538714190065E+01   -0.514870764462319741E+02   -0.481267010590900739E+02
    0.125832669606347824E+01    0.148608239882503934E-01    0.202560730905377628E+00   -0.531652753118404542E+00   -0.336037538714190065E+01   -0.514870764462319741E+02   -0.481267010590900739E+02
   -0.111386908013760699E+01    0.307480864831049416E+00   -0.436642373039247134E+00    0.475258412206679193E+00   -0.336037538714190065E+01   -0.514688441753518475E+02   -0.481084687882099473E+02
   -0.111386908013760699E+01    0.307480864831049416E+00   -0.436642373039247134E+00    0.475258412206679193E+00   -0.336037538714190065E+01   -0.514688441753518475E+02   -0.481084687882099473E+02
    0.110473634359702944E+01    0.640548327682046725E-01   -0.581031799798825688E-02   -0.241457182844189933E+00   -0.336037538714190065E+01   -0.514641869960815654E+02   -0.481038116089396652E+02
    0.110473634359702944E+01    0.640548327682046725E-01   -0.581031799798825688E-02   -0.241457182844189933E+00   -0.336037538714190065E+01   -0.514641869960815654E+02   -0.481038116089396652E+02
   -0.112308255481327901E+01    0.207674089905164783E+00   -0.127975355533223589E+00    0.259440728168306434E+00   -0.336037538714190065E+01   -0.514478804369191920E+02   -0.480875050497772918E+02
   -0.112308255481327901E+01    0.207674089905164783E+00   -0.127975355533223589E+00    0.259440728168306434E+00   -0.336037538714190065E+01   -0.514478804369191920E+02   -0.480875050497772918E+02
   -0.111588218639530456E+01    0.220862358195758723E+00   -0.408728802541962644E+00    0.574926571134897646E+00   -0.336037538714190065E+01   -0.514334739481939707E+02   -0.480730985610520705E+02
   -0.111588218639530456E+01    0.220862358195758723E+00   -0.408728802541962644E+00    0.574926571134897646E+00   -0.336037538714190065E+01   -0.514334739481939707E+02   -0.480730985610520705E+02
    0.133524108190482904E+01    0.301632159394674693E+00   -0.208390747510523999E+00   -0.228971010966499189E+00   -0.336037538714190065E+01   -0.514238681677725111E+02   -0.480634927806306109E+02
    0.133524108190482904E+01    0.301632159394674693E+00   -0.208390747510523999E+00   -0.228971010966499189E+00   -0.336037538714190065E+01   -0.514238681677725111E+02   -0.480634927806306109E+02
    0.134631799177919831E+01   -0.737120038679420331E+00    0.615144889852118348E+00   -0.361977919657857083E+00   -0.336037538714190065E+01   -0.514193279836267862E+02   -0.480589525964848860E+02
    0.134631799177919831E+01   -0.737120038679420331E+00    0.615144889852118348E+00   -0.361977919657857083E+00   -0.336037538714190065E+01   -0.514193279836267862E+02   -0.480589525964848860E+02
    0.145643419093669024E+01    0.451771395517741370E+00   -0.212240002579797027E+00   -0.426017410844642119E+00   -0.336037538714190065E+01   -0.513902199799040247E+02   -0.480298445927621245E+02
    0.145643419093669024E+01    0.451771395517741370E+00   -0.212240002579797027E+00   -0.426017410844642119E+00   -0.336037538714190065E+01   -0.513902199799040247E+02   -0.480298445927621245E+02
   -0.968951830271710168E+00   -0.324432343733275452E+00    0.164398996149381915E+00    0.285079685388238691E+00   -0.336037538714190065E+01   -0.513835994548872748E+02   -0.480232240677453746E+02
   -0.968951830271710168E+00   -0.324432343733275452E+00    0.164398996149381915E+00    0.285079685388238691E+00   -0.336037538714190065E+01   -0.513835994548872748E+02   -0.480232240677453746E+02
    0.125851215530784799E+01    0.449944950578830216E+00   -0.281388980090542029E+00   -0.120607821456875652E+00   -0.336037538714190065E+01   -0.513651864377656437E+02   -0.480048110506237435E+02
    0.125851215530784799E+01    0.449944950578830216E+00   -0.281388980090542029E+00   -0.120607821456875652E+00   -0.336037538714190065E+01   -0.513651864377656437E+02   -0.480048110506237435E+02
   -0.149773077689056699E+01    0.378012755129141897E+00   -0.642844916996411109E+00    0.740707427405832730E+00   -0.336037538714190065E+01   -0.513469086356223698E+02   -0.479865332484804696E+02
   -0.149773077689056699E+01    0.378012755129141897E+00   -0.642844916996411109E+00    0.740707427405832730E+00   -0.336037538714190065E+01   -0.513469086356223698E+02   -0.479865332484804696E+02
   -0.141163641214370728E+01   -0.475733757019042969E+00    0.616994738578796387E+00    0.200792121887207076E+00   -0.336037538714190065E+01   -0.513348430599754622E+02   -0.479744676728335619E+02
   -0.141163641214370728E+01   -0.475733757019042969E+00    0.616994738578796387E+00    0.200792121887207076E+00   -0.336037538714190065E+01   -0.513348430599754622E+02   -0.479744676728335619E+02
   -0.683489182937401463E+00   -0.863837259554534054E-01   -0.573431128823291836E-01    0.290809880262156817E+00   -0.336037538714190065E+01   -0.513316638114518895E+02   -0.479712884243099893E+02
   -0.106849195400699637E+01   -0.245994104482863518E+00   -0.520308601829688744E-02    0.437902646344908275E+00   -0.336037538714190065E+01   -0.513247261384012177E+02   -0.479643507512593175E+02
   -0.106849195400699637E+01   -0.245994104482863518E+00   -0.520308601829688744E-02    0.437902646344908275E+00   -0.336037538714190065E+01   -0.513247261384012177E+02   -0.479643507512593175E+02
   -0.871996507451126446E+00   -0.257010097975308049E+00    0.120710139266950733E+00    0.249640824477859402E+00   -0.336037538714190065E+01   -0.513116078734982040E+02   -0.479512324863563038E+02
   -0.871996507451126446E+00   -0.257010097975308049E+00    0.120710139266950733E+00    0.249640824477859402E+00   -0.336037538714190065E+01   -0.513116078734982040E+02   -0.479512324863563038E+02
   -0.147572592320560636E+01    0.482421560061966126E+00   -0.585794073969793772E+00    0.570396976112239162E+00   -0.336037538714190065E+01   -0.512874823367965789E+02   -0.479271069496546787E+02
   -0.147572592320560636E+01    0.482421560061966126E+00   -0.585794073969793772E+00    0.570396976112239162E+00   -0.336037538714190065E+01   -0.512874823367965789E+02   -0.479271069496546787E+02
    0.823321993472044600E+00   -0.142443864022719247E+00    0.310823893189876355E+00   -0.426460841925651590E+00   -0.336037538714190065E+01   -0.512766880781281600E+02   -0.479163126909862598E+02
    0.823321993472044600E+00   -0.142443864022719247E+00    0.310823893189876355E+00   -0.426460841925651590E+00   -0.336037538714190065E+01   -0.512766880781281600E+02   -0.479163126909862598E+02
    0.145936009701790859E+01    0.569858013141808062E+00   -0.443991768355933347E+00   -0.299162298842917340E+00   -0.336037538714190065E+01   -0.512660511941289201E+02   -0.479056758069870199E+02
    0.145936009701790859E+01    0.569858013141808062E+00   -0.443991768355933347E+00   -0.299162298842917340E+00   -0.336037538714190065E+01   -0.512660511941289201E+02   -0.479056758069870199E+02
    0.144807989280777694E+01   -0.507886732956150944E+00    0.263798739513688707E+00   -0.194810744371447075E+00   -0.336037538714190065E+01   -0.512650790032762558E+02   -0.479047036161343556E+02
    0.144807989280777694E+01   -0.507886732956150944E+00    0.263798739513688707E+00   -0.194810744371447075E+00   -0.336037538714190065E+01   -0.512650790032762558E+02   -0.479047036161343556E+02
   -0.145776822216587787E+01   -0.140347486996723392E+00    0.205790486079924451E+00    0.140797859416880278E+00   -0.336037538714190065E+01   -0.512546696924882212E+02   -0.478942943053463210E+02
   -0.145776822216587787E+01   -0.140347486996723392E+00    0.205790486079924451E+00    0.140797859416880278E+00   -0.336037538714190065E+01   -0.512546696924882212E+02   -0.478942943053463210E+02
   -0.133347809079759894E+01   -0.271949378491233462E+00    0.211863341536191019E+00    0.199987266501401750E+00   -0.336037538714190065E+01   -0.512466815863449980E+02   -0.478863061992030978E+02
   -0.133347809079759894E+01   -0.271949378491233462E+00    0.211863341536191019E+00    0.199987266501401750E+00   -0.336037538714190065E+01   -0.512466815863449980E+02   -0.478863061992030978E+02
   -0.148777703001132910E+01    0.225559931924703250E+00   -0.517973911934292541E+00    0.753962788521897798E+00   -0.336037538714190065E+01   -0.512373074736525282E+02   -0.478769320865106280E+02
   -0.148777703001132910E+01    0.225559931924703250E+00   -0.517973911934292541E+00    0.753962788521897798E+00   -0.336037538714190065E+01   -0.512373074736525282E+02   -0.478769320865106280E+02
    0.108063935661123711E+01   -0.662810326658266447E+00    0.595653593605528942E+00   -0.328002478983973889E+00   -0.336037538714190065E+01   -0.512371366501452670E+02   -0.478767612630033668E+02
    0.108063935661123711E+01   -0.662810326658266447E+00    0.595653593605528942E+00   -0.328002478983973889E+00   -0.336037538714190065E+01   -0.512371366501452670E+02   -0.478767612630033668E+02
   -0.135437432060769303E+01    0.438921963779909774E+00   -0.562113515268604980E+00    0.556019400956818677E+00   -0.336037538714190065E+01   -0.512305080523560790E+02   -0.478701326652141788E+02
   -0.135437432060769303E+01    0.438921963779909774E+00   -0.562113515268604980E+00    0.556019400956818677E+00   -0.336037538714190065E+01   -0.512305080523560790E+02   -0.478701326652141788E+02
   -0.141277549489701926E+01   -0.421153742110688789E+00    0.336352866284570284E+00    0.151049693625550319E+00   -0.336037538714190065E+01   -0.512248162566851875E+02   -0.478644408695432872E+02
   -0.141277549489701926E+01   -0.421153742110688789E+00    0.336352866284570284E+00    0.151049693625550319E+00   -0.336037538714190065E+01   -0.512248162566851875E+02   -0.478644408695432872E+02
   -0.147895731482328618E+01    0.136476074722870155E+00   -0.305204515948898081E-01    0.212633209014146951E+00   -0.336037538714190065E+01   -0.512166370098754342E+02   -0.478562616227335340E+02
   -0.147895731482328618E+01    0.136476074722870155E+00   -0.305204515948898081E-01    0.212633209014146951E+00   -0.336037538714190065E+01   -0.512166370098754342E+02   -0.478562616227335340E+02
    0.785511047569877885E+00   -0.343015914285423440E+00    0.402937947179394351E+00   -0.339126185501525901E+00   -0.336037538714190065E+01   -0.512148410800103164E+02   -0.478544656928684162E+02
    0.785511047569877885E+00   -0.343015914285423440E+00    0.402937947179394351E+00   -0.339126185501525901E+00   -0.336037538714190065E+01   -0.512148410800103164E+02   -0.478544656928684162E+02
   -0.107757232981048046E+01    0.425021955647603367E+00   -0.485110016052221038E+00    0.411244628619278574E+00   -0.336037538714190065E+01   -0.512111795930264790E+02   -0.478508042058845788E+02
   -0.107757232981048046E+01    0.425021955647603367E+00   -0.485110016052221038E+00    0.411244628619278574E+00   -0.336037538714190065E+01   -0.512111795930264790E+02   -0.478508042058845788E+02
   -0.711419390422404430E+00   -0.509553396778514855E-01    0.158073645721565903E-01    0.155574429852422869E+00   -0.336037538714190065E+01   -0.512103002687880462E+02   -0.478499248816461460E+02
   -0.146995904689443257E+01   -0.992010504949898397E-01    0.128086919794960563E+00    0.184413977712958421E+00   -0.336037538714190065E+01   -0.512073643481581868E+02   -0.478469889610162866E+02
   -0.101591417203773049E+01   -0.119008487469996815E+00   -0.407341281606447003E-01    0.433608645203322318E+00   -0.336037538714190065E+01   -0.511992145908864842E+02   -0.478388392037445840E+02
   -0.126357852438952589E+01    0.625960089762938932E+00   -0.459070133056309504E+00    0.257687013944773113E+00   -0.336037538714190065E+01   -0.511974140614689546E+02   -0.478370386743270544E+02
   -0.126357852438952589E+01    0.625960089762938932E+00   -0.459070133056309504E+00    0.257687013944773113E+00   -0.336037538714190065E+01   -0.511974140614689546E+02   -0.478370386743270544E+02
    0.461749356601801386E+00   -0.919101167797773400E-01    0.114813531443791472E+00   -0.158122925172692108E+00   -0.336037538714190065E+01   -0.511854160826793461E+02   -0.478250406955374459E+02
    0.461749356601801386E+00   -0.919101167797773400E-01    0.114813531443791472E+00   -0.158122925172692108E+00   -0.336037538714190065E+01   -0.511854160826793461E+02   -0.478250406955374459E+02
    0.146150583290757297E+01    0.346398576721947071E+00   -0.297812257306875217E+00   -0.258689565295871615E+00   -0.336037538714190065E+01   -0.511757402880404655E+02   -0.478153649008985653E+02
    0.146150583290757297E+01    0.346398576721947071E+00   -0.297812257306875217E+00   -0.258689565295871615E+00   -0.336037538714190065E+01   -0.511757402880404655E+02   -0.478153649008985653E+02
   -0.136216313553629687E+01   -0.111221057219773822E+00    0.168362252582887173E+00    0.144615819588134409E+00   -0.336037538714190065E+01   -0.511747108139078506E+02   -0.478143354267659504E+02
   -0.136216313553629687E+01   -0.111221057219773822E+00    0.168362252582887173E+00    0.144615819588134409E+00   -0.336037538714190065E+01   -0.511747108139078506E+02   -0.478143354267659504E+02
   -0.144175319994847095E+01   -0.910185084994505900E-01   -0.235272452845138869E-01    0.388217885496524806E+00   -0.336037538714190065E+01   -0.511728139942760478E+02   -0.478124386071341476E+02
   -0.144175319994847095E+01   -0.910185084994505900E-01   -0.235272452845138869E-01    0.388217885496524806E+00   -0.336037538714190065E+01   -0.511728139942760478E+02   -0.478124386071341476E+02
   -0.756122754066167024E+00   -0.129917349388099623E+00    0.102082836384154163E+00    0.156412674600328261E+00   -0.336037538714190065E+01   -0.511671033633264045E+02   -0.478067279761845043E+02
   -0.756122754066167024E+00   -0.129917349388099623E+00    0.102082836384154163E+00    0.156412674600328261E+00   -0.336037538714190065E+01   -0.511671033633264045E+02   -0.478067279761845043E+02
    0.105894809961318970E+01    0.359351098537445068E+00   -0.155061364173889160E+00   -0.357094764709472656E+00   -0.336037538714190065E+01   -0.511644582648938950E+02   -0.478040828777519948E+02
    0.105894809961318970E+01    0.359351098537445068E+00   -0.155061364173889160E+00   -0.357094764709472656E+00   -0.336037538714190065E+01   -0.511644582648938950E+02   -0.478040828777519948E+02
    0.119315682930998257E+01   -0.156181197764237778E+00    0.118278876148383283E-01   -0.141739370428471068E+00   -0.336037538714190065E+01   -0.511610554170603322E+02   -0.478006800299184320E+02
    0.119315682930998257E+01   -0.156181197764237778E+00    0.118278876148383283E-01   -0.141739370428471068E+00   -0.336037538714190065E+01   -0.511610554170603322E+02   -0.478006800299184320E+02
   -0.598321401526720642E+00   -0.173194288735175839E+00   -0.118833351358353934E-01    0.302926876532974898E+00   -0.336037538714190065E+01   -0.511582448129523186E+02   -0.477978694258104184E+02
   -0.598321401526720642E+00   -0.173194288735175839E+00   -0.118833351358353934E-01    0.302926876532974898E+00   -0.336037538714190065E+01   -0.511582448129523186E+02   -0.477978694258104184E+02
    0.147711521387100220E+01    0.473226785659790039E+00   -0.265217065811157227E+00   -0.485659408569335982E+00   -0.336037538714190065E+01   -0.511566287546195113E+02   -0.477962533674776111E+02
    0.147711521387100220E+01    0.473226785659790039E+00   -0.265217065811157227E+00   -0.485659408569335982E+00   -0.336037538714190065E+01   -0.511566287546195113E+02   -0.477962533674776111E+02
   -0.136304101151617707E+01   -0.145494743064058518E-01   -0.116198161866501892E+00    0.442793834148167642E+00   -0.336037538714190065E+01   -0.511510273944522709E+02   -0.477906520073103707E+02
   -0.136304101151617707E+01   -0.145494743064058518E-01   -0.116198161866501892E+00    0.442793834148167642E+00   -0.336037538714190065E+01   -0.511510273944522709E+02   -0.477906520073103707E+02
    0.870341867979729233E+00   -0.781971535732310929E-01    0.169099033521938225E+00   -0.332444759828161684E+00   -0.336037538714190065E+01   -0.511443313319927668E+02   -0.477839559448508666E+02
    0.870341867979729233E+00   -0.781971535732310929E-01    0.169099033521938225E+00   -0.332444759828161684E+00   -0.336037538714190065E+01   -0.511443313319927668E+02   -0.477839559448508666E+02
    0.111224075765460251E+01   -0.627370524228024640E+00    0.525404489919264250E+00   -0.286839741170064166E+00   -0.336037538714190065E+01   -0.511432348111483392E+02   -0.477828594240064390E+02
    0.111224075765460251E+01   -0.627370524228024640E+00    0.525404489919264250E+00   -0.286839741170064166E+00   -0.336037538714190065E+01   -0.511432348111483392E+02   -0.477828594240064390E+02
    0.147143148229811338E+01    0.137692406636722442E+00    0.274871352096046628E-01   -0.445962824474965769E+00   -0.336037538714190065E+01   -0.511394324664516446E+02   -0.477790570793097444E+02
    0.147143148229811338E+01    0.137692406636722442E+00    0.274871352096046628E-01   -0.445962824474965769E+00   -0.336037538714190065E+01   -0.511394324664516446E+02   -0.477790570793097444E+02
    0.118660637014888470E+01    0.143429696665678730E+00    0.105417751156738682E+00   -0.521067691365020291E+00   -0.336037538714190065E+01   -0.511286682158064423E+02   -0.477682928286645421E+02
    0.118660637014888470E+01    0.143429696665678730E+00    0.105417751156738682E+00   -0.521067691365020291E+00   -0.336037538714190065E+01   -0.511286682158064423E+02   -0.477682928286645421E+02
   -0.713183009857547345E+00   -0.964510902273865156E-01   -0.693966541838941797E-02    0.282058142216576213E+00   -0.336037538714190065E+01   -0.511256107432333025E+02   -0.477652353560914023E+02
   -0.713183009857547345E+00   -0.964510902273865156E-01   -0.693966541838941797E-02    0.282058142216576213E+00   -0.336037538714190065E+01   -0.511256107432333025E+02   -0.477652353560914023E+02
    0.114911811033521216E+01   -0.184326111455898722E+00    0.320640544839155384E+00   -0.481440531387727244E+00   -0.336037538714190065E+01   -0.511250562888385431E+02   -0.477646809016966429E+02
    0.114911811033521216E+01   -0.184326111455898722E+00    0.320640544839155384E+00   -0.481440531387727244E+00   -0.336037538714190065E+01   -0.511250562888385431E+02   -0.477646809016966429E+02
    0.113167049002464370E+01   -0.149310561773343231E+00    0.140269736385151056E+00   -0.329354426161042935E+00   -0.336037538714190065E+01   -0.511203142642665256E+02   -0.477599388771246254E+02
   -0.950670229492161400E+00   -0.564703113444218197E-01    0.761616055673863812E-01    0.128567698960184607E+00   -0.336037538714190065E+01   -0.511201722178116782E+02   -0.477597968306697780E+02
   -0.950670229492161400E+00   -0.564703113444218197E-01    0.761616055673863812E-01    0.128567698960184607E+00   -0.336037538714190065E+01   -0.511201722178116782E+02   -0.477597968306697780E+02
   -0.149407267570495605E+01    0.281336545944213867E+00   -0.853469371795654297E-01    0.199408626556396462E+00   -0.336037538714190065E+01   -0.511179042513935258E+02   -0.477575288642516256E+02
    0.132078119247977632E+01    0.728848296608614277E+00   -0.477976183362573748E+00   -0.543245066239785857E+00   -0.336037538714190065E+01   -0.511173123582044724E+02   -0.477569369710625722E+02
    0.132078119247977632E+01    0.728848296608614277E+00   -0.477976183362573748E+00   -0.543245066239785857E+00   -0.336037538714190065E+01   -0.511173123582044724E+02   -0.477569369710625722E+02
   -0.117460137605667114E+01    0.533899068832397461E-01    0.289953947067260742E-01    0.177152252197265603E+00   -0.336037538714190065E+01   -0.511141802860728873E+02   -0.477538048989309871E+02
    0.104591209825128395E+01    0.225697982566226418E+00   -0.186880968054861540E+00   -0.148788145506297709E+00   -0.336037538714190065E+01   -0.511110181314833696E+02   -0.477506427443414694E+02
    0.104591209825128395E+01    0.225697982566226418E+00   -0.186880968054861540E+00   -0.148788145506297709E+00   -0.336037538714190065E+01   -0.511110181314833696E+02   -0.477506427443414694E+02
    0.117420363717273890E+01    0.168567730103459379E+00   -0.330303595889530621E-01   -0.333180780099788798E+00   -0.336037538714190065E+01   -0.511089081463571304E+02   -0.477485327592152302E+02
    0.121523532684296232E+01   -0.294965260990240452E+00    0.420519190882618021E+00   -0.505590538121199140E+00   -0.336037538714190065E+01   -0.511077776081886554E+02   -0.477474022210467552E+02
    0.121523532684296232E+01   -0.294965260990240452E+00    0.420519190882618021E+00   -0.505590538121199140E+00   -0.336037538714190065E+01   -0.511077776081886554E+02   -0.477474022210467552E+02
   -0.853304771859866973E+00   -0.501063859082144791E-01   -0.114298030849718124E+00    0.381567536662638540E+00   -0.336037538714190065E+01   -0.511063535068747754E+02   -0.477459781197328752E+02
   -0.853304771859866973E+00   -0.501063859082144791E-01   -0.114298030849718124E+00    0.381567536662638540E+00   -0.336037538714190065E+01   -0.511063535068747754E+02   -0.477459781197328752E+02
    0.148471595938099066E+01    0.120505004778269864E+00   -0.984024781515112634E-01   -0.318069397873290027E+00   -0.336037538714190065E+01   -0.511009033239982742E+02   -0.477405279368563740E+02
    0.131787596346788272E+01   -0.630752162782207138E+00    0.464449257005302707E+00   -0.279225395553790001E+00   -0.336037538714190065E+01   -0.510844338667354023E+02   -0.477240584795935021E+02
    0.130622423240813301E+01   -0.914452154812328555E-01    0.137961327307853932E-01   -0.203769638411830933E+00   -0.336037538714190065E+01   -0.510818962162214589E+02   -0.477215208290795587E+02
   -0.114107604171776988E+01   -0.199787279125297035E+00    0.121088210529624707E+00    0.289405356988189144E+00   -0.336037538714190065E+01   -0.510815192479756419E+02   -0.477211438608337417E+02
    0.138997419981476789E+01    0.302391465535305715E+00   -0.734949759657386181E-01   -0.532838202836097174E+00   -0.336037538714190065E+01   -0.510772354681678422E+02   -0.477168600810259420E+02
    0.851651456415359220E+00    0.121801992959309047E+00   -0.371772550668437951E+00    0.308628042406837722E-01   -0.336037538714190065E+01   -0.510769100577398163E+02   -0.477165346705979161E+02
    0.851651456415359220E+00    0.121801992959309047E+00   -0.371772550668437951E+00    0.308628042406837722E-01   -0.336037538714190065E+01   -0.510769100577398163E+02   -0.477165346705979161E+02
   -0.853863092662407785E+00    0.334832371640436666E+00   -0.260351896166982288E+00    0.211580237977939234E+00   -0.336037538714190065E+01   -0.510734512826882252E+02   -0.477130758955463250E+02
   -0.135513157419511598E+01   -0.449005025533729007E+00    0.234281038931452912E+00    0.472092966276258519E+00   -0.336037538714190065E+01   -0.510723826450600740E+02   -0.477120072579181738E+02
   -0.141539256942524139E+01    0.729505968086125556E+00   -0.665816217808207433E+00    0.419564794764959226E+00   -0.336037538714190065E+01   -0.510661859689304478E+02   -0.477058105817885476E+02
   -0.141539256942524139E+01    0.729505968086125556E+00   -0.665816217808207433E+00    0.419564794764959226E+00   -0.336037538714190065E+01   -0.510661859689304478E+02   -0.477058105817885476E+02
   -0.100580907127933816E+01   -0.482427002057482124E+00    0.320954756988260481E+00    0.388159171765131150E+00   -0.336037538714190065E+01   -0.510603371878647678E+02   -0.476999618007228676E+02
    0.101882476088563312E+01    0.328555396489901730E+00   -0.154156737124836685E+00   -0.321952586519046235E+00   -0.336037538714190065E+01   -0.510592235960046352E+02   -0.476988482088627350E+02
    0.101882476088563312E+01    0.328555396489901730E+00   -0.154156737124836685E+00   -0.321952586519046235E+00   -0.336037538714190065E+01   -0.510592235960046352E+02   -0.476988482088627350E+02
    0.149266413311359214E+01    0.378747769074556206E+00   -0.328622846854426442E+00   -0.188450785790976294E+00   -0.336037538714190065E+01   -0.510554885835848467E+02   -0.476951131964429464E+02
    0.149266413311359214E+01    0.378747769074556206E+00   -0.328622846854426442E+00   -0.188450785790976294E+00   -0.336037538714190065E+01   -0.510554885835848467E+02   -0.476951131964429464E+02
   -0.143934363675800170E+01   -0.401926081728003481E+00    0.233565504235888843E+00    0.425981105830065099E+00   -0.336037538714190065E+01   -0.510507597853533568E+02   -0.476903843982114566E+02
   -0.143934363675800170E+01   -0.401926081728003481E+00    0.233565504235888843E+00    0.425981105830065099E+00   -0.336037538714190065E+01   -0.510507597853533568E+02   -0.476903843982114566E+02
    0.112375933042592990E+01    0.269389959907768706E+00   -0.426128959809530805E+00   -0.646640043161035294E-01   -0.336037538714190065E+01   -0.510475279727108529E+02   -0.476871525855689526E+02
   -0.122523083352562678E+01   -0.284765005280608996E+00    0.110914115685788683E+00    0.357243770581044062E+00   -0.336037538714190065E+01   -0.510458615846724157E+02   -0.476854861975305155E+02
   -0.149269326433343763E+01    0.708037467848674495E+00   -0.679563820839682031E+00    0.473325184120675146E+00   -0.336037538714190065E+01   -0.510347784689999955E+02   -0.476744030818580953E+02
   -0.144779044226679421E+01    0.569157961337713125E+00   -0.397807216893012017E+00    0.292993741151971410E+00   -0.336037538714190065E+01   -0.510198442701075479E+02   -0.476594688829656477E+02
   -0.144779044226679421E+01    0.569157961337713125E+00   -0.397807216893012017E+00    0.292993741151971410E+00   -0.336037538714190065E+01   -0.510198442701075479E+02   -0.476594688829656477E+02
    0.149138499689600446E+01   -0.755385594988431386E-01   -0.912167073930625349E-02   -0.249166158880923860E+00   -0.336037538714190065E+01   -0.509975379940534879E+02   -0.476371626069115877E+02
    0.149138499689600446E+01   -0.755385594988431386E-01   -0.912167073930625349E-02   -0.249166158880923860E+00   -0.336037538714190065E+01   -0.509975379940534879E+02   -0.476371626069115877E+02
    0.111174687554675478E+01   -0.582261856774296094E+00    0.675886812594693076E+00   -0.475430905423759598E+00   -0.336037538714190065E+01   -0.509973649200585513E+02   -0.476369895329166511E+02
    0.115191864878979899E+01    0.384735666620918293E+00   -0.317184415179444179E+00   -0.241029585324505802E+00   -0.336037538714190065E+01   -0.509960990903820033E+02   -0.476357237032401031E+02
    0.115191864878979899E+01    0.384735666620918293E+00   -0.317184415179444179E+00   -0.241029585324505802E+00   -0.336037538714190065E+01   -0.509960990903820033E+02   -0.476357237032401031E+02
   -0.574491697913522614E+00   -0.121126670449999141E+00    0.323262827612997850E-01    0.183525557221495328E+00   -0.336037538714190065E+01   -0.509919809806907054E+02   -0.476316055935488052E+02
   -0.574491697913522614E+00   -0.121126670449999141E+00    0.323262827612997850E-01    0.183525557221495328E+00   -0.336037538714190065E+01   -0.509919809806907054E+02   -0.476316055935488052E+02
   -0.141196749351951034E+01   -0.686148045421295372E-01   -0.592835030989236067E-02    0.352995456675267105E+00   -0.336037538714190065E+01   -0.509863464268359934E+02   -0.476259710396940932E+02
   -0.141196749351951034E+01   -0.686148045421295372E-01   -0.592835030989236067E-02    0.352995456675267105E+00   -0.336037538714190065E+01   -0.509863464268359934E+02   -0.476259710396940932E+02
    0.102008211578575470E+01    0.186057420736940760E+00   -0.436027798347219608E+00   -0.227435470182438815E-01   -0.336037538714190065E+01   -0.509858643094770585E+02   -0.476254889223351583E+02
    0.102008211578575470E+01    0.186057420736940760E+00   -0.436027798347219608E+00   -0.227435470182438815E-01   -0.336037538714190065E+01   -0.509858643094770585E+02   -0.476254889223351583E+02
   -0.148525222859203332E+01    0.640582529374426279E+00   -0.601220970874312033E+00    0.473469680420832706E+00   -0.336037538714190065E+01   -0.509834089042280070E+02   -0.476230335170861068E+02
   -0.148525222859203332E+01    0.640582529374426279E+00   -0.601220970874312033E+00    0.473469680420832706E+00   -0.336037538714190065E+01   -0.509834089042280070E+02   -0.476230335170861068E+02
   -0.128479725122451782E+01   -0.103676319122314453E-01    0.452709197998046875E-01    0.227009201049804599E+00   -0.336037538714190065E+01   -0.509784362293614564E+02   -0.476180608422195562E+02
    0.133949176250118152E+01   -0.435518309319374630E+00    0.447237242673751201E+00   -0.461297954530058119E+00   -0.336037538714190065E+01   -0.509700484795148299E+02   -0.476096730923729297E+02
    0.133949176250118152E+01   -0.435518309319374630E+00    0.447237242673751201E+00   -0.461297954530058119E+00   -0.336037538714190065E+01   -0.509700484795148299E+02   -0.476096730923729297E+02
   -0.121862096940901443E+01    0.172444820825487621E+00   -0.712684412492594621E-01    0.210365723951536854E+00   -0.336037538714190065E+01   -0.509695231647278035E+02   -0.476091477775859033E+02
   -0.121862096940901443E+01    0.172444820825487621E+00   -0.712684412492594621E-01    0.210365723951536854E+00   -0.336037538714190065E+01   -0.509695231647278035E+02   -0.476091477775859033E+02
    0.147422965331659483E+01    0.293863422782576933E+00   -0.142605974965229754E+00   -0.372683020286514510E+00   -0.336037538714190065E+01   -0.509692582794633182E+02   -0.476088828923214180E+02
   -0.122490516028597596E+01   -0.645495421841834727E+00    0.347979353383617962E+00    0.545172430794106155E+00   -0.336037538714190065E+01   -0.509672734125991127E+02   -0.476068980254572125E+02
    0.115920472150624843E+01    0.598068335434938536E+00   -0.482890041353631450E+00   -0.413421172469408849E+00   -0.336037538714190065E+01   -0.509668515482451383E+02   -0.476064761611032381E+02
   -0.114750539845287314E+01   -0.217652229281349197E+00   -0.227541551058026981E-01    0.529599855450721080E+00   -0.336037538714190065E+01   -0.509641789297156365E+02   -0.476038035425737363E+02
   -0.793832389017558482E+00   -0.142736484387924412E+00   -0.352792352231525719E-01    0.349847617113095311E+00   -0.336037538714190065E+01   -0.509623134149346484E+02   -0.476019380277927482E+02
   -0.146564060064881629E+01    0.115960334387441355E+00   -0.393072192536132792E+00    0.725649486424415846E+00   -0.336037538714190065E+01   -0.509618772226395720E+02   -0.476015018354976718E+02
   -0.693146760452145072E+00    0.517459637244255255E-02   -0.139516446313507458E+00    0.334954260228934597E+00   -0.336037538714190065E+01   -0.509601544971985447E+02   -0.475997791100566445E+02
   -0.117684566401846813E+01    0.373451893193333939E+00   -0.499076271634079749E+00    0.529083466681300463E+00   -0.336037538714190065E+01   -0.509594015660255408E+02   -0.475990261788836406E+02
   -0.132688625894824574E+01    0.364304364058467112E+00   -0.244752576471514605E+00    0.290766370098712645E+00   -0.336037538714190065E+01   -0.509562217729145246E+02   -0.475958463857726244E+02
    0.112739999832598992E+01    0.122643344392037168E+00    0.214156684739976733E-01   -0.372278312274535172E+00   -0.336037538714190065E+01   -0.509537430002879006E+02   -0.475933676131460004E+02
   -0.143034740765392909E+01   -0.740720593329399657E+00    0.516538855755241277E+00    0.537074957411484588E+00   -0.336037538714190065E+01   -0.509507864835312105E+02   -0.475904110963893103E+02
   -0.111633138779748498E+01    0.128340463654055936E+00   -0.371109569885341273E+00    0.599368115590956041E+00   -0.336037538714190065E+01   -0.509441408547878893E+02   -0.475837654676459891E+02
    0.116450947523117065E+01   -0.330077111721038818E+00    0.324278950691223145E+00   -0.354370307922363292E+00   -0.336037538714190065E+01   -0.509429712487119133E+02   -0.475825958615700131E+02
    0.116450947523117065E+01   -0.330077111721038818E+00    0.324278950691223145E+00   -0.354370307922363292E+00   -0.336037538714190065E+01   -0.509429712487119133E+02   -0.475825958615700131E+02
   -0.114954855746807016E+01    0.176515306436739960E+00   -0.136448905381059693E+00    0.268598489681397989E+00   -0.336037538714190065E+01   -0.509426021370686399E+02   -0.475822267499267397E+02
    0.136690475107494036E+01    0.505823444140771628E+00   -0.609217298994246703E+00   -0.226722959619620634E+00   -0.336037538714190065E+01   -0.509412426286237121E+02   -0.475808672414818119E+02
   -0.144813527773649930E+01   -0.579731332579084491E+00    0.230118288442862085E+00    0.592320395756309681E+00   -0.336037538714190065E+01   -0.509409946562205107E+02   -0.475806192690786105E+02
   -0.114431992499807933E+01    0.291191750316829312E+00   -0.361435565928858837E+00    0.429259884600952324E+00   -0.336037538714190065E+01   -0.509388437261414637E+02   -0.475784683389995635E+02
   -0.104256395112355071E+01    0.170169527560647404E+00   -0.112079788992124008E+00    0.221567450441801483E+00   -0.336037538714190065E+01   -0.509359835882291350E+02   -0.475756082010872348E+02
   -0.145804512092033267E+01    0.374002922390946013E+00   -0.411701268532206344E+00    0.515984586355223263E+00   -0.336037538714190065E+01   -0.509355591258986564E+02   -0.475751837387567562E+02
   -0.145804512092033267E+01    0.374002922390946013E+00   -0.411701268532206344E+00    0.515984586355223263E+00   -0.336037538714190065E+01   -0.509355591258986564E+02   -0.475751837387567562E+02
   -0.133647380506853142E+01    0.129573414010065058E+00   -0.308026426140483478E+00    0.608427970864971579E+00   -0.336037538714190065E+01   -0.509344768411326996E+02   -0.475741014539907994E+02
    0.114783716845650030E+01    0.351937746091719461E+00   -0.474565306588059288E+00   -0.123217793341024118E+00   -0.336037538714190065E+01   -0.509334705215229064E+02   -0.475730951343810062E+02
   -0.125128612454138621E+01    0.212237103288752671E+00   -0.282893559493537894E+00    0.470286449182013566E+00   -0.336037538714190065E+01   -0.509325828296739829E+02   -0.475722074425320827E+02
   -0.589593583402355348E+00    0.288975257353230042E-01   -0.377389059994510667E-01    0.149323199754575642E+00   -0.336037538714190065E+01   -0.509306943047143008E+02   -0.475703189175724006E+02
   -0.148687933007692075E+01   -0.230724742320383092E+00    0.173051091670095580E+00    0.285060647607960460E+00   -0.336037538714190065E+01   -0.509293666365434134E+02   -0.475689912494015132E+02
    0.137567304617220909E+01    0.415191632282410739E+00   -0.329046894165024417E+00   -0.248722487322924346E+00   -0.336037538714190065E+01   -0.509257114937554363E+02   -0.475653361066135361E+02
    0.144346774558025137E+01   -0.565522672348782396E+00    0.428130935897409248E+00   -0.331817077852175235E+00   -0.336037538714190065E+01   -0.509228106210047358E+02   -0.475624352338628356E+02
    0.124065123698388691E+01    0.484547525661284340E+00   -0.269797857932343343E+00   -0.452554247241659380E+00   -0.336037538714190065E+01   -0.509156520406517927E+02   -0.475552766535098925E+02
   -0.146063832537846894E+01   -0.332770685251461806E+00   -0.102554546992795426E+00    0.787683077110481911E+00   -0.336037538714190065E+01   -0.509133732440160642E+02   -0.475529978568741640E+02
   -0.134226687714555837E+01   -0.367116734593378347E+00    0.788958193920268336E-01    0.575291698476277924E+00   -0.336037538714190065E+01   -0.509126571453732737E+02   -0.475522817582313735E+02
    0.753323322080336588E+00   -0.356081905730029069E+00    0.334099315150169218E+00   -0.233281110589691254E+00   -0.336037538714190065E+01   -0.509125224202368400E+02   -0.475521470330949398E+02
    0.753323322080336588E+00   -0.356081905730029069E+00    0.334099315150169218E+00   -0.233281110589691254E+00   -0.336037538714190065E+01   -0.509125224202368400E+02   -0.475521470330949398E+02
   -0.850948101889066333E+00    0.879717141462652563E-01   -0.973003047272513744E-01    0.233406794686308983E+00   -0.336037538714190065E+01   -0.509094545510681371E+02   -0.475490791639262369E+02
   -0.145905469311434421E+01    0.550390069011243988E-01   -0.213451813527822054E+00    0.597818732723781165E+00   -0.336037538714190065E+01   -0.509089346682485129E+02   -0.475485592811066127E+02
    0.129871977099416380E+01   -0.242611126235426244E+00    0.250635795248654869E+00   -0.412495127267923312E+00   -0.336037538714190065E+01   -0.509059347383115721E+02   -0.475455593511696719E+02
    0.119891382594986950E+01    0.479132970977314443E+00   -0.143721297251798608E+00   -0.586957037081215494E+00   -0.336037538714190065E+01   -0.509051223925816316E+02   -0.475447470054397314E+02
    0.905862346122011886E+00    0.595366286411445067E-01    0.812888916374090442E-01   -0.362620869800776846E+00   -0.336037538714190065E+01   -0.509038819642310116E+02   -0.475435065770891114E+02
    0.117469192793413857E+01    0.203061376856673803E+00   -0.141852891472918685E+00   -0.244282889675727866E+00   -0.336037538714190065E+01   -0.509037117993080059E+02   -0.475433364121661057E+02
   -0.143253626140235868E+01   -0.522867538317984826E+00    0.209706504938798055E+00    0.548640025003143794E+00   -0.336037538714190065E+01   -0.509026402691154090E+02   -0.475422648819735087E+02
    0.136820583998119050E+01    0.699293994966475818E+00   -0.436655222539504284E+00   -0.574179370635527375E+00   -0.336037538714190065E+01   -0.509017366895204049E+02   -0.475413613023785047E+02
    0.134661375996978716E+01    0.729369406968050971E+00   -0.605255317376608870E+00   -0.479451941872385379E+00   -0.336037538714190065E+01   -0.508994186720401558E+02   -0.475390432848982556E+02
   -0.137081158008217407E+01   -0.247830747275466834E+00    0.123415086573728461E+00    0.375894104867918744E+00   -0.336037538714190065E+01   -0.508969086440604244E+02   -0.475365332569185242E+02
   -0.146179027196294298E+01    0.622231932409995636E-01   -0.236544459946146923E+00    0.580725276757787512E+00   -0.336037538714190065E+01   -0.508966669522970818E+02   -0.475362915651551816E+02
   -0.109501401723291991E+01   -0.510317079807854124E+00    0.379000218134876832E+00    0.373279219000235196E+00   -0.336037538714190065E+01   -0.508965384308430515E+02   -0.475361630437011513E+02
    0.136697231046187095E+01    0.388379821166175310E+00   -0.271343591254843641E+00   -0.303094163025270757E+00   -0.336037538714190065E+01   -0.508850176679120381E+02   -0.475246422807701379E+02
   -0.697352568270441564E+00   -0.247039953358538789E-01   -0.480774010302038590E-01    0.260580286967573738E+00   -0.336037538714190065E+01   -0.508835623909233803E+02   -0.475231870037814801E+02
    0.110602545905697758E+01    0.112602730160364040E+00    0.115403838586439988E+00   -0.545417834578114213E+00   -0.336037538714190065E+01   -0.508786555685309665E+02   -0.475182801813890663E+02
   -0.147702068080624116E+01   -0.837534177342527109E-01   -0.225547691674172102E+00    0.758013335476425132E+00   -0.336037538714190065E+01   -0.508783673783431425E+02   -0.475179919912012423E+02
   -0.129041498983468728E+01    0.305675256170790721E+00   -0.214323128950234310E+00    0.289416351020234774E+00   -0.336037538714190065E+01   -0.508758385987045330E+02   -0.475154632115626328E+02
   -0.746295832211249843E+00   -0.371209971087417268E+00    0.321522498027758452E+00    0.230937725639406732E+00   -0.336037538714190065E+01   -0.508752424771718381E+02   -0.475148670900299379E+02
    0.109556279343952356E+01    0.149238201977525575E+00   -0.833063590998996961E-01   -0.262926288959389853E+00   -0.336037538714190065E+01   -0.508749819829451084E+02   -0.475146065958032082E+02
   -0.123559642049489971E+01    0.261798162395605161E+00   -0.506396661969325090E+00    0.660397860160846450E+00   -0.336037538714190065E+01   -0.508739042667706798E+02   -0.475135288796287796E+02
   -0.145210094311435189E+01   -0.626991358665519360E+00    0.259664438589608970E+00    0.662478894548542030E+00   -0.336037538714190065E+01   -0.508735530137591994E+02   -0.475131776266172992E+02
   -0.148574166658409768E+01   -0.271457152228140819E+00    0.146487675431509645E+00    0.385591299416586653E+00   -0.336037538714190065E+01   -0.508728311627429122E+02   -0.475124557756010120E+02
   -0.133757112575974202E+01   -0.719246407260302645E+00    0.409255101502783436E+00    0.598696411006062190E+00   -0.336037538714190065E+01   -0.508725334094631023E+02   -0.475121580223212021E+02
   -0.775588214617902616E+00    0.501617446302673464E-01   -0.227919542513343343E+00    0.425197504339916987E+00   -0.336037538714190065E+01   -0.508719936485813378E+02   -0.475116182614394376E+02
   -0.147888288335405305E+01    0.114821321713376889E+00   -0.312391182937629797E+00    0.634770940091546665E+00   -0.336037538714190065E+01   -0.508698402290324765E+02   -0.475094648418905763E+02
    0.952541128275482762E+00    0.153284425869008922E+00   -0.855036833212091674E-01   -0.233229256002609575E+00   -0.336037538714190065E+01   -0.508661694720518724E+02   -0.475057940849099722E+02
   -0.148899428345635565E+01   -0.254884126364402164E+00   -0.214545408795128179E-01    0.635959173673280365E+00   -0.336037538714190065E+01   -0.508659047153426087E+02   -0.475055293282007085E+02
   -0.135172919725295926E+01    0.286048535886779476E+00   -0.291482656669217799E+00    0.430699159193202563E+00   -0.336037538714190065E+01   -0.508652176430171750E+02   -0.475048422558752748E+02
   -0.149811646413471644E+01    0.461397516013556608E+00   -0.351067650261652098E+00    0.361549898313322959E+00   -0.336037538714190065E+01   -0.508643416473579606E+02   -0.475039662602160604E+02
   -0.111489683819370988E+01   -0.459198800475257185E+00    0.222803842807474783E+00    0.455234040430824605E+00   -0.336037538714190065E+01   -0.508642454091974798E+02   -0.475038700220555796E+02
    0.109711130098584464E+01    0.362572047339345005E+00   -0.649954578606856126E-01   -0.502895827064346324E+00   -0.336037538714190065E+01   -0.508622970810524393E+02   -0.475019216939105391E+02
    0.145750641598822561E+01    0.586395490300301248E+00   -0.261167418722235256E+00   -0.611315991585368756E+00   -0.336037538714190065E+01   -0.508605393880653267E+02   -0.475001640009234265E+02
   -0.117950653587969545E+01   -0.466699775728373734E+00    0.387830164030240843E+00    0.288266703051324180E+00   -0.336037538714190065E+01   -0.508577263307607552E+02   -0.474973509436188550E+02
    0.138805665630202357E+01    0.559577007800397652E+00   -0.474136197331236353E+00   -0.335239564237359955E+00   -0.336037538714190065E+01   -0.508566649873331684E+02   -0.474962896001912682E+02
    0.985956186676908874E+00   -0.136488878548070014E+00    0.345337340454100916E+00   -0.535611601501945978E+00   -0.336037538714190065E+01   -0.508541600144708852E+02   -0.474937846273289850E+02
    0.146508381475958016E+01   -0.535733215901373017E+00    0.693043101149236396E+00   -0.658586713872672203E+00   -0.336037538714190065E+01   -0.508539666688184084E+02   -0.474935912816765082E+02
   -0.139786226416421666E+01    0.651826743616900295E+00   -0.627704919098011960E+00    0.452080137254801118E+00   -0.336037538714190065E+01   -0.508534789676593348E+02   -0.474931035805174346E+02
   -0.903329608512740245E+00   -0.207110093342609547E+00    0.367861913492362191E-03    0.419219987496743274E+00   -0.336037538714190065E+01   -0.508526250233631529E+02   -0.474922496362212527E+02
    0.142705942937039820E+01   -0.494252000377721101E+00    0.625013204952237889E+00   -0.608004222937802652E+00   -0.336037538714190065E+01   -0.508518346560616550E+02   -0.474914592689197548E+02
    0.893235130779475028E+00   -0.181593843741082006E+00    0.327890725488928947E+00   -0.443769426051448757E+00   -0.336037538714190065E+01   -0.508485095283668613E+02   -0.474881341412249611E+02
   -0.128159573137776883E+01   -0.117828110404354591E+00    0.464294992978948606E-01    0.321695889722202866E+00   -0.336037538714190065E+01   -0.508481964079784774E+02   -0.474878210208365772E+02
    0.141314126604546209E+01    0.157229450453325370E+00    0.216174823460730803E+00   -0.781152039216299499E+00   -0.336037538714190065E+01   -0.508479963312979208E+02   -0.474876209441560206E+02
    0.935448103352124249E+00    0.351620657869835318E+00   -0.255921579719044723E+00   -0.240474374810097702E+00   -0.336037538714190065E+01   -0.508473924733185001E+02   -0.474870170861765999E+02
    0.141818786410229736E+01   -0.807947319694699573E-01    0.414120507855369357E+00   -0.791799816523165223E+00   -0.336037538714190065E+01   -0.508470419430183043E+02   -0.474866665558764041E+02
    0.124250193051364111E+01   -0.273224653251200600E-01    0.257862843920991569E+00   -0.601489713962567452E+00   -0.336037538714190065E+01   -0.508469877308644129E+02   -0.474866123437225127E+02
    0.121343476221508162E+01    0.445720512546485370E+00   -0.318368263300692900E+00   -0.337611949916563625E+00   -0.336037538714190065E+01   -0.508453997799467245E+02   -0.474850243928048243E+02
   -0.124367574472474463E+01    0.120987384582309065E+00   -0.369642704305913172E+00    0.646354406881053833E+00   -0.336037538714190065E+01   -0.508443135978128993E+02   -0.474839382106709991E+02
   -0.144357740671029622E+01   -0.150430208720259806E+00   -0.201674189651372959E+00    0.780264541201234341E+00   -0.336037538714190065E+01   -0.508422446114146638E+02   -0.474818692242727636E+02
    0.136940258641648382E+01    0.497328058672058315E+00   -0.335073681675660984E+00   -0.373945398605824597E+00   -0.336037538714190065E+01   -0.508390967051682807E+02   -0.474787213180263805E+02
   -0.117660520009132075E+01   -0.281662529464870248E+00    0.163982706318339666E+00    0.305376041617607230E+00   -0.336037538714190065E+01   -0.508374131765103385E+02   -0.474770377893684383E+02
   -0.107308060919437898E+01    0.498657086732968491E+00   -0.468886648004995465E+00    0.336820951691607862E+00   -0.336037538714190065E+01   -0.508355831226898189E+02   -0.474752077355479187E+02
    0.968117587581700079E+00   -0.241990480808226494E+00    0.367340825574267837E+00   -0.447878894780744385E+00   -0.336037538714190065E+01   -0.508351985687517924E+02   -0.474748231816098922E+02
   -0.877852716504366803E+00    0.277720803002727390E+00   -0.233750718686079662E+00    0.234053976853828782E+00   -0.336037538714190065E+01   -0.508339782430625462E+02   -0.474736028559206460E+02
   -0.118782729931956332E+01   -0.832568550968433296E-01   -0.214762595949873125E+00    0.654583691094200448E+00   -0.336037538714190065E+01   -0.508334531105402476E+02   -0.474730777233983474E+02
   -0.121795625275216057E+01   -0.134540370579099733E+00   -0.176847196633566961E+00    0.670695233637077282E+00   -0.336037538714190065E+01   -0.508286957464432732E+02   -0.474683203593013729E+02
    0.122823589418093571E+01   -0.189893227352111449E+00    0.163171804305388690E+00   -0.318792591113766122E+00   -0.336037538714190065E+01   -0.508262674742117113E+02   -0.474658920870698111E+02
    0.143482416576330163E+01    0.134178783954032488E+00    0.641542050402306163E-01   -0.526126180507347496E+00   -0.336037538714190065E+01   -0.508241569018069299E+02   -0.474637815146650297E+02
    0.103724950292855134E+01    0.673240587965668880E-01    0.319849725789085326E-01   -0.330712386907259792E+00   -0.336037538714190065E+01   -0.508232771198245672E+02   -0.474629017326826670E+02
    0.123414810094716421E+01    0.221229564849833249E+00    0.115064145020823627E+00   -0.674225233656617573E+00   -0.336037538714190065E+01   -0.508206009203668287E+02   -0.474602255332249285E+02
   -0.113036117581819551E+01    0.196187637933198822E+00   -0.262161993526168979E+00    0.409125223525657944E+00   -0.336037538714190065E+01   -0.508195141780964192E+02   -0.474591387909545190E+02
   -0.118958687247505202E+01   -0.282278077771463520E+00    0.125663410942486564E+00    0.353865068669283689E+00   -0.336037538714190065E+01   -0.508185265580131968E+02   -0.474581511708712966E+02
   -0.141948654178705258E+01   -0.412158297015681629E+00    0.245765197057983720E+00    0.394072100159104322E+00   -0.336037538714190065E+01   -0.508173611454053713E+02   -0.474569857582634711E+02
   -0.112120790187756736E+01    0.231066116469941907E+00   -0.306772633822135932E+00    0.425900931475568845E+00   -0.336037538714190065E+01   -0.508168185984236658E+02   -0.474564432112817656E+02
   -0.875018339599810013E+00   -0.290841712243151918E+00    0.108398757898503728E+00    0.332029890190626231E+00   -0.336037538714190065E+01   -0.508165802704981431E+02   -0.474562048833562429E+02
    0.127413158585717268E+01   -0.962956874760156900E-01    0.166946302755802245E+00   -0.419580025517708455E+00   -0.336037538714190065E+01   -0.508163727199135522E+02   -0.474559973327716520E+02
   -0.133630955546508567E+01    0.636268357021967379E-01   -0.321596503980080106E+00    0.674005321257843626E+00   -0.336037538714190065E+01   -0.508154599427385421E+02   -0.474550845555966418E+02
   -0.130664297044568301E+01   -0.313497496765427819E+00    0.326511554283070993E-02    0.611483173328857044E+00   -0.336037538714190065E+01   -0.508152383309074764E+02   -0.474548629437655762E+02
    0.105943887630056954E+01   -0.314661884168595973E+00    0.275551085464850853E+00   -0.295572677715264187E+00   -0.336037538714190065E+01   -0.508140921462871091E+02   -0.474537167591452089E+02
    0.111416232740400911E+01    0.118528058337332709E+00    0.115465533786260011E+00   -0.527473871069778388E+00   -0.336037538714190065E+01   -0.508140110354146231E+02   -0.474536356482727228E+02
   -0.894405202834315349E+00   -0.405533311442445310E-01   -0.662688871793647438E-01    0.345249444741844824E+00   -0.336037538714190065E+01   -0.508132240247089157E+02   -0.474528486375670155E+02
   -0.139201308374008970E+01   -0.433566333940178517E+00    0.106196678909366904E+00    0.609782527122403772E+00   -0.336037538714190065E+01   -0.508125203724210053E+02   -0.474521449852791051E+02
   -0.143546533137270393E+01    0.562128187348709396E-01   -0.173857266870515947E+00    0.504214867099100239E+00   -0.336037538714190065E+01   -0.508114560225894749E+02   -0.474510806354475747E+02
   -0.720310781411092949E+00   -0.239672785374790642E+00    0.314164208084861674E-01    0.364401707234741634E+00   -0.336037538714190065E+01   -0.508087249886247676E+02   -0.474483496014828674E+02
    0.137158396038064589E+01    0.351960180002102829E+00    0.298329285183451809E-01   -0.694191958899585293E+00   -0.336037538714190065E+01   -0.508085882846436974E+02   -0.474482128975017972E+02
    0.145147322258449840E+01   -0.255110598006746292E+00    0.376157758282982702E+00   -0.571426687354547935E+00   -0.336037538714190065E+01   -0.508084018781268725E+02   -0.474480264909849723E+02
   -0.842526917107051743E+00    0.165056164919332504E+00   -0.188390440917168833E+00    0.278892452584739159E+00   -0.336037538714190065E+01   -0.508081602208064851E+02   -0.474477848336645849E+02
    0.131496633121865036E+01    0.265353686689718593E+00    0.601177796195724312E-01   -0.657786778179038745E+00   -0.336037538714190065E+01   -0.508078895196154789E+02   -0.474475141324735787E+02
   -0.145102137897382932E+01    0.262164150256424922E+00   -0.451166451198436902E+00    0.659796475437921748E+00   -0.336037538714190065E+01   -0.508063284389179088E+02   -0.474459530517760086E+02
    0.124614098333335788E+01    0.333726221090935748E+00    0.288201201607156676E-01   -0.652615438073328225E+00   -0.336037538714190065E+01   -0.508055443092275354E+02   -0.474451689220856352E+02
    0.975924744150857393E+00   -0.489927742024720558E-03    0.199343652527930626E+00   -0.500033810977609461E+00   -0.336037538714190065E+01   -0.508055257017207893E+02   -0.474451503145788891E+02
   -0.141899075442989786E+01   -0.575716348330377659E+00    0.204662892791985129E+00    0.651488078352396860E+00   -0.336037538714190065E+01   -0.508051473807973935E+02   -0.474447719936554932E+02
   -0.146082565040310652E+01   -0.498239176384922100E+00    0.165711565531497573E+00    0.590939838087562341E+00   -0.336037538714190065E+01   -0.508048830643604106E+02   -0.474445076772185104E+02
   -0.125641788695535839E+01   -0.520088840604682412E+00    0.431271767231920844E+00    0.324220565709010256E+00   -0.336037538714190065E+01   -0.508046441585109392E+02   -0.474442687713690390E+02
    0.141172944731028238E+01    0.529406877046083579E+00   -0.377407200694763301E+00   -0.378924043582306636E+00   -0.336037538714190065E+01   -0.508030772287254564E+02   -0.474427018415835562E+02
   -0.895004515063834605E+00   -0.262979776714753477E+00    0.755004301801105449E-01    0.348720419039290075E+00   -0.336037538714190065E+01   -0.507984499778406686E+02   -0.474380745906987684E+02
   -0.841701618253339001E+00   -0.189215324752916914E+00    0.700699989285418212E-01    0.271002853547235301E+00   -0.336037538714190065E+01   -0.507981642854564015E+02   -0.474377888983145013E+02
    0.118812859505637292E+01    0.172308847865692449E+00    0.867887182846782679E-01   -0.573280144825369709E+00   -0.336037538714190065E+01   -0.507976806140924850E+02   -0.474373052269505848E+02
    0.118423036013964733E+01    0.386852369019653475E+00   -0.387662967133837189E-01   -0.597593105328976804E+00   -0.336037538714190065E+01   -0.507953506647325312E+02   -0.474349752775906310E+02
   -0.782077843304000764E+00    0.573088283081766292E-01   -0.825442047732605211E-01    0.235456397324393052E+00   -0.336037538714190065E+01   -0.507944046654361614E+02   -0.474340292782942612E+02
   -0.115997325171290666E+01   -0.374998893291551560E+00    0.191839852517354803E+00    0.372854124821569766E+00   -0.336037538714190065E+01   -0.507943748881066739E+02   -0.474339995009647737E+02
    0.141937844358858634E+01   -0.653233436341218443E-01    0.126314776050038491E+00   -0.431436032928464053E+00   -0.336037538714190065E+01   -0.507942525343296936E+02   -0.474338771471877934E+02
    0.689533673618916598E+00   -0.231721360871308679E+00    0.239094947333970076E+00   -0.233699225554550249E+00   -0.336037538714190065E+01   -0.507934439117877830E+02   -0.474330685246458827E+02
   -0.103716049161753654E+01   -0.443802076342565188E+00    0.303178347852337327E+00    0.330092452542065429E+00   -0.336037538714190065E+01   -0.507919762237395389E+02   -0.474316008365976387E+02
   -0.136756047825545068E+01   -0.278017853512305901E+00   -0.673972460069910406E-01    0.682660119508431196E+00   -0.336037538714190065E+01   -0.507904357037099743E+02   -0.474300603165680741E+02
   -0.133930799339391360E+01   -0.506149858507249473E+00    0.307861752659583487E+00    0.433980351548628906E+00   -0.336037538714190065E+01   -0.507824709638404954E+02   -0.474220955766985952E+02
   -0.885162826500336619E+00   -0.925210128942908216E-01   -0.170230638373582988E-01    0.308275905546338658E+00   -0.336037538714190065E+01   -0.507822031850257005E+02   -0.474218277978838003E+02
   -0.104456675858880277E+01    0.248766789775667352E-01   -0.194225300692272396E+00    0.483885694126295007E+00   -0.336037538714190065E+01   -0.507816204103200874E+02   -0.474212450231781872E+02
    0.145303538007557043E+01   -0.142357684556578379E+00    0.307862280345917227E+00   -0.606916916393857142E+00   -0.336037538714190065E+01   -0.507801458091077720E+02   -0.474197704219658718E+02
   -0.910661548540436239E+00    0.105646610025417642E+00   -0.146499101123149345E+00    0.304649353682875601E+00   -0.336037538714190065E+01   -0.507776783866343209E+02   -0.474173029994924207E+02
    0.796854464567708920E+00    0.287527302536491947E+00   -0.100543081668370116E+00   -0.332501451518287028E+00   -0.336037538714190065E+01   -0.507773195714533898E+02   -0.474169441843114896E+02
    0.147243960314614153E+01    0.320864780231381097E+00   -0.365712271607714356E-01   -0.590423361999229623E+00   -0.336037538714190065E+01   -0.507769209765084568E+02   -0.474165455893665566E+02
    0.113712979111263124E+01    0.460186621173168664E+00   -0.285916374295970943E+00   -0.374851157430881099E+00   -0.336037538714190065E+01   -0.507747823339543558E+02   -0.474144069468124556E+02
    0.110405061968866658E+01    0.134745164125426697E+00    0.494179296289734005E-01   -0.451909626129982922E+00   -0.336037538714190065E+01   -0.507716315647315355E+02   -0.474112561775896353E+02
   -0.135635010559932168E+01   -0.901399143855754481E-01   -0.618884483455557355E-01    0.478222307724070150E+00   -0.336037538714190065E+01   -0.507761218828046594E+02   -0.474157464956627592E+02
   -0.113910553851282859E+01    0.646201650416593498E-01   -0.178682984305043591E+00    0.446232121756279465E+00   -0.336037538714190065E+01   -0.507662807767415813E+02   -0.474059053895996811E+02
   -0.147171871589289260E+01   -0.528519210144432594E+00    0.241952340760544837E+00    0.544932934556283222E+00   -0.336037538714190065E+01   -0.507726692929439736E+02   -0.474122939058020734E+02
