#chebyshev_coefficients--c1 chebyshev_coefficients--c2 chebyshev_coefficients--c3 intrinsic_alignment_parameters--a nofz_shifts--uncorr_bias_1 nofz_shifts--uncorr_bias_2 nofz_shifts--uncorr_bias_3 nofz_shifts--uncorr_bias_4 nofz_shifts--uncorr_bias_5
5.385689800350554  -1.5523789142862099  -0.09656086695345589  -0.3059045459436556  -0.35955850086618557  -0.2784258231105614  0.23506847586753077  -0.1705179253553201  -0.030534147312375186
-1.55237891428621  1.5299133422156352  -0.44780278695710746  0.03385941821805058  0.04696002013863058  -0.010515065012967863  0.08483590620590978  0.1292562147469648  -0.02842932871752446
-0.09656086695345592  -0.44780278695710757  0.25668686541672237  0.03625372955200919  0.02879289632287586  0.049420437444151755  -0.06878475499733483  -0.044063546905335656  0.008443194745351464
-0.30590454594365557  0.03385941821805057  0.03625372955200918  1.935597781532136  0.018284514826576247  0.04624894133398479  -0.07914157129181068  -0.05775195082440024  -0.04806810666038885
-0.35955850086618557  0.0469600201386306  0.028792896322875856  0.018284514826576226  0.898037333081376  -0.054135677576663196  -0.0576167621500369  0.019019374568525208  -0.007555676972129546
-0.2784258231105614  -0.010515065012967863  0.049420437444151755  0.04624894133398482  -0.054135677576663196  0.9985360249446427  -0.11221394529396703  0.11956710398287121  0.013984338722010744
0.2350684758675308  0.0848359062059098  -0.06878475499733483  -0.07914157129181068  -0.05761676215003692  -0.11221394529396703  0.8251278096105433  -0.1354893536505052  -0.07231292913245119
-0.17051792535532012  0.1292562147469648  -0.04406354690533567  -0.057751950824400225  0.019019374568525208  0.11956710398287122  -0.13548935365050524  0.7837052805252893  0.003736357481819968
-0.030534147312375193  -0.028429328717524478  0.008443194745351464  -0.048068106660388826  -0.007555676972129553  0.013984338722010783  -0.07231292913245123  0.0037363574818199707  0.9278497117614514
