#intrinsic_alignment_parameters--a halo_model_parameters--logt_agn nofz_shifts--uncorr_bias_1 nofz_shifts--uncorr_bias_2 nofz_shifts--uncorr_bias_3 nofz_shifts--uncorr_bias_4 nofz_shifts--uncorr_bias_5 chebyshev_coefficients--c1 chebyshev_coefficients--c2 chebyshev_coefficients--c3
0.0828325033982725  0.003171790276937675  -0.005968916600122899  -0.0013190463483086414  0.00670926019677403  -0.003390178190948862  0.0020023173356809748  -0.004935059526187382  0.0012988915388747  0.008434915235652455
0.0031717902769376736  0.07758760510604477  0.0035007363927338745  0.00488266824215853  0.008703941704618502  -0.001401869153527011  -0.002439696978445381  0.0017821694799449073  -0.0071842733074802476  -0.0038704809483437286
-0.0059689166001229  0.003500736392733877  0.08084980114446856  0.007118047128190174  0.008592891621881118  0.00899833359854382  -5.223462595241498e-05  0.001335491805482254  0.0003280834354406671  -0.005020201164595739
-0.0013190463483086418  0.004882668242158531  0.007118047128190176  0.07626432743138714  0.0007992444256910187  -0.000821748754172398  -0.013069390744363625  0.002058828008719063  -0.00240256653247078  0.007197493259763832
0.006709260196774032  0.008703941704618502  0.008592891621881118  0.000799244425691019  0.08579301066430933  -0.003948490388817431  0.0007122874316026571  0.00738849195698111  -0.011158452475426796  0.0007823529319291149
-0.003390178190948863  -0.0014018691535270108  0.00899833359854382  -0.0008217487541723939  -0.00394849038881743  0.093242945841251  0.002528557594928542  -0.008233966218987645  0.013223459444672478  0.00605317818434689
0.002002317335680975  -0.0024396969784453828  -5.2234625952414794e-05  -0.013069390744363623  0.0007122874316026573  0.0025285575949285446  0.09250139442943889  0.0015164475226260527  -0.0010189477774312703  -0.0035088242520793294
-0.004935059526187383  0.0017821694799449064  0.001335491805482255  0.002058828008719064  0.007388491956981109  -0.008233966218987648  0.0015164475226260555  0.08092206454455063  -0.017172665175587427  -0.008298352029607771
0.0012988915388747009  -0.0071842733074802476  0.0003280834354406657  -0.0024025665324707807  -0.011158452475426798  0.01322345944467248  -0.0010189477774312707  -0.017172665175587427  0.08331300408149124  0.00927510448616501
0.008434915235652454  -0.0038704809483437277  -0.005020201164595739  0.00719749325976383  0.0007823529319291167  0.00605317818434689  -0.0035088242520793294  -0.008298352029607771  0.00927510448616501  0.09564060031408872
