#cosmological_parameters--h0 cosmological_parameters--omch2 cosmological_parameters--ombh2 cosmological_parameters--n_s cosmological_parameters--s_8_input intrinsic_alignment_parameters--a nofz_shifts--uncorr_bias_1 nofz_shifts--uncorr_bias_2 nofz_shifts--uncorr_bias_3 nofz_shifts--uncorr_bias_4 nofz_shifts--uncorr_bias_5
1.171389146223754e-05  6.263992259406853e-06  2.2103111132141822e-06  8.482787319964065e-05  0.0002997068037631864  0.008663579216053128  0.0016703225604015688  -0.0029610643185809947  -0.0035516076787987945  0.0014094566925834271  -0.0023705982248291456
6.263992259406853e-06  3.6101360643619972e-06  1.2336394818753947e-06  5.231016444931405e-05  0.00016876252887652123  0.005001114281630654  0.00094202397733671  -0.00171114087124274  -0.0020428738703161986  0.0008262753018405049  -0.0014960211185571786
2.210311113214182e-06  1.2336394818753947e-06  4.273323270763931e-07  1.7384654303533488e-05  5.823809641503607e-05  0.0017078303050124838  0.0003248660906888217  -0.0005840681595510331  -0.0006986625166229538  0.00028034844779277794  -0.0004926008427125159
8.482787319964065e-05  5.231016444931405e-05  1.738465430353349e-05  0.0007996964899633624  0.0023968609530464497  0.07256260297334848  0.013398289558346065  -0.024850203500112345  -0.029551556928537368  0.012143235096314384  -0.02325929945134304
0.00029970680376318633  0.00016876252887652123  5.823809641503607e-05  0.0023968609530464497  0.007946180632023682  0.2336723169837823  0.04432690526056037  -0.07992594588158554  -0.0955571902602126  0.03842346599404016  -0.06809834758383618
0.008663579216053126  0.005001114281630653  0.0017078303050124838  0.07256260297334848  0.2336723169837823  6.92830374972629  1.3044057326501428  -2.3705726039783532  -2.8298749021495087  1.145043161779014  -2.076117475693174
0.0016703225604015688  0.00094202397733671  0.0003248660906888218  0.013398289558346065  0.04432690526056037  1.3044057326501428  0.2473321695112001  -0.44616506608777706  -0.5333579350115343  0.21458914649248934  -0.3808257568619701
-0.0029610643185809943  -0.0017111408712427397  -0.0005840681595510331  -0.024850203500112345  -0.07992594588158554  -2.3705726039783532  -0.446165066087777  0.8111293079533969  0.9682228695622381  -0.39186595844786853  0.7112096736769888
-0.0035516076787987945  -0.002042873870316198  -0.0006986625166229538  -0.029551556928537365  -0.0955571902602126  -2.8298749021495087  -0.5333579350115343  0.9682228695622382  1.1560687273089576  -0.4673536089431474  0.8446892639332665
0.001409456692583427  0.0008262753018405048  0.00028034844779277794  0.012143235096314384  0.038423465994040146  1.145043161779014  0.2145891464924893  -0.39186595844786853  -0.4673536089431474  0.18983509116525918  -0.34886382485125816
-0.0023705982248291464  -0.0014960211185571788  -0.0004926008427125158  -0.02325929945134304  -0.06809834758383619  -2.0761174756931746  -0.3808257568619701  0.7112096736769888  0.8446892639332666  -0.3488638248512582  0.6799560693637852
