   -0.117658227682113647E+01    0.517231285572052002E+00   -0.766856193542480469E+00   -0.289037175789616496E+01   -0.578569627670268574E+02   -0.549665910091306955E+02
    0.146029633283615112E+01    0.147154569625854492E+00    0.474293231964111328E-01   -0.289037175789616496E+01   -0.573013415072942252E+02   -0.544109697493980633E+02
   -0.137938338518142700E+01    0.267717182636260986E+00   -0.177131056785583496E+00   -0.289037175789616496E+01   -0.568444086697131112E+02   -0.539540369118169494E+02
   -0.133233332633972168E+01   -0.247558951377868652E-01    0.260710000991821289E+00   -0.289037175789616496E+01   -0.567459628707133490E+02   -0.538555911128171871E+02
   -0.103592723608016968E+01    0.638582110404968262E-01   -0.717585086822509766E-01   -0.289037175789616496E+01   -0.566808083220944496E+02   -0.537904365641982878E+02
    0.142464566230773926E+01    0.439984560012817383E+00   -0.539064168930053711E+00   -0.289037175789616496E+01   -0.566637824405436916E+02   -0.537734106826475298E+02
    0.124010396003723145E+01    0.440143704414367676E+00   -0.247044682502746582E+00   -0.289037175789616496E+01   -0.565803359222782021E+02   -0.536899641643820402E+02
    0.144006907939910889E+01   -0.734062135219573975E+00    0.370372056961059570E+00   -0.289037175789616496E+01   -0.563831543039981682E+02   -0.534927825461020063E+02
    0.937936842441558838E+00    0.319611132144927979E+00   -0.185369729995727539E+00   -0.289037175789616496E+01   -0.555418932209717795E+02   -0.526515214630756176E+02
    0.110512787103652954E+01   -0.406861424446105957E+00    0.178844332695007324E+00   -0.289037175789616496E+01   -0.554871141107758419E+02   -0.525967423528796800E+02
   -0.138457979953317611E+01   -0.279439244688472588E+00    0.107057083191576030E+00   -0.289037175789616496E+01   -0.554539134332016701E+02   -0.525635416753055082E+02
    0.106132596731185913E+01   -0.598012089729309082E+00    0.284348726272583008E+00   -0.289037175789616496E+01   -0.554040864699542297E+02   -0.525137147120580678E+02
    0.129656685435755925E+01    0.546538576379000496E+00   -0.135338682945982725E+00   -0.289037175789616496E+01   -0.547378692638787214E+02   -0.518474975059825596E+02
   -0.112770706415176392E+01   -0.399974226951599121E+00    0.191865921020507812E+00   -0.289037175789616496E+01   -0.546709383443893771E+02   -0.517805665864932152E+02
   -0.112057629408593495E+01   -0.380113969815027541E+00    0.972022446908211712E-01   -0.289037175789616496E+01   -0.546688288100441326E+02   -0.517784570521479708E+02
    0.735850989818572998E+00    0.492730736732482910E-01   -0.430895090103149414E-01   -0.289037175789616496E+01   -0.545854543473603044E+02   -0.516950825894641426E+02
   -0.139063012907263950E+01   -0.432474739368566619E+00    0.298009588941748227E+00   -0.289037175789616496E+01   -0.545800883313509857E+02   -0.516897165734548238E+02
    0.125150084495544434E+01    0.666205286979675293E-01   -0.673065185546875000E-01   -0.289037175789616496E+01   -0.545516951883980639E+02   -0.516613234305019020E+02
    0.115018944791007627E+01    0.487994661569834287E+00   -0.842611986070923580E-01   -0.289037175789616496E+01   -0.544986180247405656E+02   -0.516082462668444037E+02
   -0.140208710871533926E+01   -0.353380460563386345E+00    0.146253786152314103E+00   -0.289037175789616496E+01   -0.544345147358157249E+02   -0.515441429779195630E+02
   -0.995525128838472440E+00   -0.392720896899652727E+00    0.792980247440322472E-01   -0.289037175789616496E+01   -0.544105278961413603E+02   -0.515201561382451985E+02
   -0.138606240963824967E+01    0.144981552604845909E+00   -0.156076020194959586E-01   -0.289037175789616496E+01   -0.543812926652304682E+02   -0.514909209073343064E+02
   -0.789597451686859131E+00   -0.117072165012359619E+00    0.247349619865417480E+00   -0.289037175789616496E+01   -0.543683370079182424E+02   -0.514779652500220806E+02
    0.930997431278228760E+00    0.341285705566406250E+00   -0.141162872314453125E+00   -0.289037175789616496E+01   -0.543446602475707579E+02   -0.514542884896745960E+02
    0.126257874068152454E+01   -0.274904624775413664E+00    0.769974458413189566E-01   -0.289037175789616496E+01   -0.543095913720104377E+02   -0.514192196141142759E+02
   -0.134323626476814439E+01   -0.455837865902865014E+00    0.239567269784054515E+00   -0.289037175789616496E+01   -0.542369085399998383E+02   -0.513465367821036764E+02
    0.127301037311553955E+01    0.119066655635833740E+00   -0.274735212326049805E+00   -0.289037175789616496E+01   -0.542299894063452257E+02   -0.513396176484490638E+02
    0.912246465682983398E+00   -0.436345338821411133E-01   -0.170102119445800781E-01   -0.289037175789616496E+01   -0.542122216670165855E+02   -0.513218499091204237E+02
    0.106821280717849731E+01    0.259869039058685303E+00   -0.117638587951660156E+00   -0.289037175789616496E+01   -0.541632348090633542E+02   -0.512728630511671923E+02
   -0.133769121282201198E+01   -0.153100232732143127E+00    0.298829919383041709E+00   -0.289037175789616496E+01   -0.541551118457813203E+02   -0.512647400878851585E+02
    0.149398756027221680E+01    0.537567794322967529E+00   -0.227348089218139648E+00   -0.289037175789616496E+01   -0.540532800719392412E+02   -0.511629083140430794E+02
   -0.139177393913269043E+01    0.652003884315490723E-01    0.345025062561035156E-01   -0.289037175789616496E+01   -0.539944209604774983E+02   -0.511040492025813364E+02
   -0.137310773134231567E+01    0.156062543392181396E+00   -0.634229183197021484E-02   -0.289037175789616496E+01   -0.539605447681222472E+02   -0.510701730102260854E+02
    0.145329701900482178E+01   -0.704114735126495361E+00    0.286644697189331055E+00   -0.289037175789616496E+01   -0.538778175034368374E+02   -0.509874457455406755E+02
    0.106231015920639038E+01    0.319181978702545166E+00   -0.117570638656616211E+00   -0.289037175789616496E+01   -0.538569734300433183E+02   -0.509666016721471564E+02
    0.820702473903097474E+00    0.288649589316220867E+00   -0.128215290586098152E+00   -0.289037175789616496E+01   -0.538523234057205968E+02   -0.509619516478244350E+02
   -0.915490150451660156E+00   -0.744491815567016602E-02    0.490002632141113281E-01   -0.289037175789616496E+01   -0.538356743298882208E+02   -0.509453025719920589E+02
    0.108833581209182739E+01    0.363573789596557617E+00   -0.191633224487304688E+00   -0.289037175789616496E+01   -0.538326671206320952E+02   -0.509422953627359334E+02
    0.119611312206161280E+01   -0.373230102386391760E+00    0.114688048802567000E+00   -0.289037175789616496E+01   -0.537446364870450495E+02   -0.508542647291488876E+02
   -0.100711065530776978E+01    0.293544173240661621E+00   -0.855760574340820312E-01   -0.289037175789616496E+01   -0.537415118659207565E+02   -0.508511401080245946E+02
   -0.574059069156646729E+00    0.129325568675994873E+00    0.239785909652709961E-01   -0.289037175789616496E+01   -0.537383430621057556E+02   -0.508479713042095938E+02
    0.733405555273426657E+00   -0.577405124140750736E-02   -0.363001932953217477E-01   -0.289037175789616496E+01   -0.537159443046797591E+02   -0.508255725467835973E+02
    0.142513117611662832E+01   -0.766545231130583704E+00    0.309662160345016702E+00   -0.289037175789616496E+01   -0.536979033404917914E+02   -0.508075315825956295E+02
   -0.145486489009673625E+01    0.178959828671777066E+00    0.152340873800509868E+00   -0.289037175789616496E+01   -0.536681737008566557E+02   -0.507778019429604939E+02
    0.106799966096878052E+01   -0.313511788845062256E+00    0.893065929412841797E-01   -0.289037175789616496E+01   -0.536218569903068030E+02   -0.507314852324106411E+02
    0.979274690151214600E+00    0.254624247550964355E+00   -0.429471254348754883E+00   -0.289037175789616496E+01   -0.535897028455441244E+02   -0.506993310876479626E+02
    0.109922057390213013E+01   -0.936833024024963379E-01   -0.206613540649414062E-01   -0.289037175789616496E+01   -0.535397819881974257E+02   -0.506494102303012639E+02
   -0.129930010311479105E+01    0.156426343512128474E+00    0.384213839717295613E-02   -0.289037175789616496E+01   -0.535240136231997710E+02   -0.506336418653036091E+02
    0.135909139548797731E+01    0.312182995214561165E+00   -0.168542978533821053E+00   -0.289037175789616496E+01   -0.534952353278060073E+02   -0.506048635699098455E+02
    0.103892151046432302E+01   -0.319082750481962885E+00    0.906945916014252340E-01   -0.289037175789616496E+01   -0.534453177101603671E+02   -0.505549459522642053E+02
    0.137127399444580078E+01   -0.648004174232482910E+00    0.249767184257507324E+00   -0.289037175789616496E+01   -0.534306495140446884E+02   -0.505402777561485266E+02
    0.825671504344576590E+00    0.126793960912456649E+00   -0.196210868184319875E+00   -0.289037175789616496E+01   -0.534259631813093563E+02   -0.505355914234131944E+02
    0.127832579612731934E+01    0.260800659656524658E+00   -0.160201191902160645E+00   -0.289037175789616496E+01   -0.533922519249667502E+02   -0.505018801670705884E+02
   -0.779859407317862297E+00   -0.270442462909999293E+00    0.957516620030627319E-01   -0.289037175789616496E+01   -0.533870960412388271E+02   -0.504967242833426653E+02
   -0.971500935232296081E+00    0.177100489716112142E+00   -0.218094865507904023E-01   -0.289037175789616496E+01   -0.533652008369379658E+02   -0.504748290790418039E+02
   -0.144755692906591404E+01    0.689563337862269865E+00   -0.264759272564915715E+00   -0.289037175789616496E+01   -0.533600337517641350E+02   -0.504696619938679731E+02
   -0.651435077190399170E+00   -0.136795699596405029E+00    0.213045835494995117E+00   -0.289037175789616496E+01   -0.533595585814717808E+02   -0.504691868235756189E+02
    0.132379522472932365E+01    0.321379822375812640E+00   -0.167880257682004430E+00   -0.289037175789616496E+01   -0.533484130824482108E+02   -0.504580413245520489E+02
    0.127668903669729428E+01    0.626370273485810092E-01   -0.107484443733162460E+00   -0.289037175789616496E+01   -0.533253428496201991E+02   -0.504349710917240373E+02
    0.619149900588467528E+00   -0.188594288899708307E-01   -0.306820231969173740E-01   -0.289037175789616496E+01   -0.533107975703205454E+02   -0.504204258124243836E+02
   -0.125242638587951660E+01    0.308486044406890869E+00   -0.647400617599487305E-01   -0.289037175789616496E+01   -0.532606697825047988E+02   -0.503702980246086369E+02
    0.124232536554336548E+01    0.348453640937805176E+00   -0.157101154327392578E+00   -0.289037175789616496E+01   -0.532505257048772975E+02   -0.503601539469811357E+02
   -0.132947010003813570E+01    0.403858357721263772E+00   -0.207976534032374705E-01   -0.289037175789616496E+01   -0.532293935374746781E+02   -0.503390217795785162E+02
    0.978011906147003174E+00   -0.356201291084289551E+00    0.604366064071655273E-01   -0.289037175789616496E+01   -0.531731754665641532E+02   -0.502828037086679913E+02
   -0.122998273372650146E+01    0.620096325874328613E-01    0.548226833343505859E-01   -0.289037175789616496E+01   -0.531442797929958743E+02   -0.502539080350997125E+02
   -0.132298673329186434E+01    0.393271562161310317E+00   -0.100190074465301704E+00   -0.289037175789616496E+01   -0.531339081577142593E+02   -0.502435363998180975E+02
   -0.975004285127088366E+00   -0.985656747442451575E-01    0.106617079296730477E+00   -0.289037175789616496E+01   -0.531163201245042202E+02   -0.502259483666080584E+02
    0.124407417904615158E+01   -0.174946342751002515E+00   -0.112318739455545047E+00   -0.289037175789616496E+01   -0.530707788359271575E+02   -0.501804070780309956E+02
    0.135099309682846069E+01    0.369181215763092041E+00   -0.179052948951721191E+00   -0.289037175789616496E+01   -0.530184887186439013E+02   -0.501281169607477395E+02
   -0.132097560167312622E+01    0.630366861820220947E+00   -0.226723313331604004E+00   -0.289037175789616496E+01   -0.529371156877543783E+02   -0.500467439298582164E+02
   -0.130221144398933686E+01   -0.105977715961034225E+00    0.262262444440509057E+00   -0.289037175789616496E+01   -0.529232939092420409E+02   -0.500329221513458791E+02
   -0.796751081943511963E+00   -0.236180126667022705E+00    0.107200741767883301E+00   -0.289037175789616496E+01   -0.529230538555834187E+02   -0.500326820976872568E+02
    0.138881637003774117E+01   -0.138883107933058803E-01   -0.223155834578494972E+00   -0.289037175789616496E+01   -0.528695179048071680E+02   -0.499791461469110061E+02
   -0.110737171820056557E+01    0.456484313560878263E+00   -0.148578135425988966E+00   -0.289037175789616496E+01   -0.527875597946551380E+02   -0.498971880367589762E+02
   -0.110737171820056557E+01    0.456484313560878263E+00   -0.148578135425988966E+00   -0.289037175789616496E+01   -0.527875597946551380E+02   -0.498971880367589762E+02
   -0.101882600784301758E+01    0.312748074531555176E+00   -0.738574266433715820E-01   -0.289037175789616496E+01   -0.527186256108046649E+02   -0.498282538529085031E+02
   -0.101882600784301758E+01    0.312748074531555176E+00   -0.738574266433715820E-01   -0.289037175789616496E+01   -0.527186256108046649E+02   -0.498282538529085031E+02
   -0.133284482756048717E+01    0.510870955227032297E+00   -0.154218371552439892E+00   -0.289037175789616496E+01   -0.527083234008008006E+02   -0.498179516429046387E+02
   -0.133284482756048717E+01    0.510870955227032297E+00   -0.154218371552439892E+00   -0.289037175789616496E+01   -0.527083234008008006E+02   -0.498179516429046387E+02
   -0.138895321804776128E+01   -0.261074306288884284E+00    0.531190478521373688E+00   -0.289037175789616496E+01   -0.526885904139749144E+02   -0.497982186560787525E+02
   -0.138895321804776128E+01   -0.261074306288884284E+00    0.531190478521373688E+00   -0.289037175789616496E+01   -0.526885904139749144E+02   -0.497982186560787525E+02
    0.858454583318287501E+00    0.245044262390776701E+00   -0.123354958768082001E+00   -0.289037175789616496E+01   -0.526366176917671211E+02   -0.497462459338709593E+02
   -0.113428741693496704E+01   -0.342558503150939941E+00    0.167953968048095703E+00   -0.289037175789616496E+01   -0.526315803930803696E+02   -0.497412086351842078E+02
   -0.113428741693496704E+01   -0.342558503150939941E+00    0.167953968048095703E+00   -0.289037175789616496E+01   -0.526315803930803696E+02   -0.497412086351842078E+02
   -0.103203205469809234E+01    0.372967785500775362E+00   -0.104428688134409864E+00   -0.289037175789616496E+01   -0.526212582021059774E+02   -0.497308864442098155E+02
   -0.103203205469809234E+01    0.372967785500775362E+00   -0.104428688134409864E+00   -0.289037175789616496E+01   -0.526212582021059774E+02   -0.497308864442098155E+02
    0.933052897453308105E+00   -0.797311663627624512E-01   -0.109992623329162598E+00   -0.289037175789616496E+01   -0.525853873637904456E+02   -0.496950156058942838E+02
    0.933052897453308105E+00   -0.797311663627624512E-01   -0.109992623329162598E+00   -0.289037175789616496E+01   -0.525853873637904456E+02   -0.496950156058942838E+02
   -0.140356528759002686E+01   -0.335555076599121094E-01    0.129430174827575684E+00   -0.289037175789616496E+01   -0.525839551414816100E+02   -0.496935833835854481E+02
   -0.140356528759002686E+01   -0.335555076599121094E-01    0.129430174827575684E+00   -0.289037175789616496E+01   -0.525839551414816100E+02   -0.496935833835854481E+02
    0.864527463912963867E+00   -0.216879844665527344E+00    0.339916944503784180E-01   -0.289037175789616496E+01   -0.525813914433146152E+02   -0.496910196854184534E+02
    0.864527463912963867E+00   -0.216879844665527344E+00    0.339916944503784180E-01   -0.289037175789616496E+01   -0.525813914433146152E+02   -0.496910196854184534E+02
   -0.882434161375267534E+00    0.257554054861719672E+00   -0.110811282880451945E-01   -0.289037175789616496E+01   -0.525386353482836270E+02   -0.496482635903874652E+02
    0.125127160549163818E+01   -0.426857650279998779E+00    0.109763622283935547E+00   -0.289037175789616496E+01   -0.525349672534196372E+02   -0.496445954955234754E+02
    0.125127160549163818E+01   -0.426857650279998779E+00    0.109763622283935547E+00   -0.289037175789616496E+01   -0.525349672534196372E+02   -0.496445954955234754E+02
   -0.103482305193984114E+01    0.453404100097125173E+00   -0.139952436855707019E+00   -0.289037175789616496E+01   -0.525295446461961859E+02   -0.496391728883000241E+02
   -0.103482305193984114E+01    0.453404100097125173E+00   -0.139952436855707019E+00   -0.289037175789616496E+01   -0.525295446461961859E+02   -0.496391728883000241E+02
    0.137559041214306310E+01    0.274135064674592144E-01   -0.236125526010137810E+00   -0.289037175789616496E+01   -0.525008771564905388E+02   -0.496105053985943769E+02
    0.137559041214306310E+01    0.274135064674592144E-01   -0.236125526010137810E+00   -0.289037175789616496E+01   -0.525008771564905388E+02   -0.496105053985943769E+02
    0.135524117815300560E+01    0.335686051025273047E+00   -0.612539004009794996E+00   -0.289037175789616496E+01   -0.524596142624754975E+02   -0.495692425045793357E+02
    0.135524117815300560E+01    0.335686051025273047E+00   -0.612539004009794996E+00   -0.289037175789616496E+01   -0.524596142624754975E+02   -0.495692425045793357E+02
    0.114662349694690091E+01    0.211331311203422523E+00   -0.436446540195125410E+00   -0.289037175789616496E+01   -0.524441343215568310E+02   -0.495537625636606691E+02
   -0.137508918838845240E+01    0.500642961361664973E+00   -0.945418727401120540E-01   -0.289037175789616496E+01   -0.524343169107962552E+02   -0.495439451529000934E+02
   -0.137508918838845240E+01    0.500642961361664973E+00   -0.945418727401120540E-01   -0.289037175789616496E+01   -0.524343169107962552E+02   -0.495439451529000934E+02
   -0.900962259623523165E+00   -0.403720688870072841E-01    0.946212728380688706E-01   -0.289037175789616496E+01   -0.524328986557706003E+02   -0.495425268978744384E+02
   -0.900962259623523165E+00   -0.403720688870072841E-01    0.946212728380688706E-01   -0.289037175789616496E+01   -0.524328986557706003E+02   -0.495425268978744384E+02
   -0.138884499485659885E+01   -0.208418009111172031E+00    0.460008537536731987E+00   -0.289037175789616496E+01   -0.524302593000848702E+02   -0.495398875421887084E+02
    0.577001861995710019E+00    0.352487993579386760E-02   -0.510639475162604217E-01   -0.289037175789616496E+01   -0.524255482464404139E+02   -0.495351764885442520E+02
    0.577001861995710019E+00    0.352487993579386760E-02   -0.510639475162604217E-01   -0.289037175789616496E+01   -0.524255482464404139E+02   -0.495351764885442520E+02
   -0.110383224066582541E+01   -0.321329536163351914E+00    0.208998701749018689E+00   -0.289037175789616496E+01   -0.524150951745463445E+02   -0.495247234166501826E+02
   -0.110383224066582541E+01   -0.321329536163351914E+00    0.208998701749018689E+00   -0.289037175789616496E+01   -0.524150951745463445E+02   -0.495247234166501826E+02
   -0.110444319248199463E+01   -0.271063327789306641E+00    0.498928070068359375E+00   -0.289037175789616496E+01   -0.523729822379685075E+02   -0.494826104800723456E+02
   -0.110444319248199463E+01   -0.271063327789306641E+00    0.498928070068359375E+00   -0.289037175789616496E+01   -0.523729822379685075E+02   -0.494826104800723456E+02
   -0.123147149016901292E+01    0.234469307766258517E-01    0.971774344152080971E-01   -0.289037175789616496E+01   -0.523580812693027013E+02   -0.494677095114065395E+02
   -0.910987949785874607E+00   -0.125238935830041864E+00    0.126630188676757349E+00   -0.289037175789616496E+01   -0.523423089763873080E+02   -0.494519372184911461E+02
   -0.910987949785874607E+00   -0.125238935830041864E+00    0.126630188676757349E+00   -0.289037175789616496E+01   -0.523423089763873080E+02   -0.494519372184911461E+02
   -0.145408365872958689E+01   -0.266785835467959975E+00    0.534066296455059097E+00   -0.289037175789616496E+01   -0.523245037670438080E+02   -0.494341320091476462E+02
   -0.145408365872958689E+01   -0.266785835467959975E+00    0.534066296455059097E+00   -0.289037175789616496E+01   -0.523245037670438080E+02   -0.494341320091476462E+02
    0.990928580306914331E+00   -0.402784140533564150E+00    0.115127618581754243E+00   -0.289037175789616496E+01   -0.523056380768138780E+02   -0.494152663189177161E+02
    0.990928580306914331E+00   -0.402784140533564150E+00    0.115127618581754243E+00   -0.289037175789616496E+01   -0.523056380768138780E+02   -0.494152663189177161E+02
    0.145400281913375107E+01   -0.148635006158081895E+00   -0.153241706438816738E+00   -0.289037175789616496E+01   -0.522947699449334280E+02   -0.494043981870372662E+02
    0.145400281913375107E+01   -0.148635006158081895E+00   -0.153241706438816738E+00   -0.289037175789616496E+01   -0.522947699449334280E+02   -0.494043981870372662E+02
   -0.141133499853097844E+01    0.454686417514701180E+00   -0.100302138613288738E+00   -0.289037175789616496E+01   -0.522798849830715469E+02   -0.493895132251753850E+02
   -0.141133499853097844E+01    0.454686417514701180E+00   -0.100302138613288738E+00   -0.289037175789616496E+01   -0.522798849830715469E+02   -0.493895132251753850E+02
   -0.124890538600792711E+01    0.350205466583116021E+00   -0.599779646392324395E-01   -0.289037175789616496E+01   -0.522768263919359910E+02   -0.493864546340398292E+02
   -0.124890538600792711E+01    0.350205466583116021E+00   -0.599779646392324395E-01   -0.289037175789616496E+01   -0.522768263919359910E+02   -0.493864546340398292E+02
   -0.102161874759414495E+01    0.146599145789947372E+00    0.829345267044390155E-01   -0.289037175789616496E+01   -0.522688496371376488E+02   -0.493784778792414869E+02
   -0.102161874759414495E+01    0.146599145789947372E+00    0.829345267044390155E-01   -0.289037175789616496E+01   -0.522688496371376488E+02   -0.493784778792414869E+02
   -0.137109885770626483E+01    0.222096449608760960E+00    0.186797719019886621E-01   -0.289037175789616496E+01   -0.522533326439735717E+02   -0.493629608860774098E+02
   -0.137109885770626483E+01    0.222096449608760960E+00    0.186797719019886621E-01   -0.289037175789616496E+01   -0.522533326439735717E+02   -0.493629608860774098E+02
    0.135267738811308558E+01   -0.176795236466731343E+00   -0.391753157260492646E-01   -0.289037175789616496E+01   -0.522516106744115305E+02   -0.493612389165153687E+02
    0.135267738811308558E+01   -0.176795236466731343E+00   -0.391753157260492646E-01   -0.289037175789616496E+01   -0.522516106744115305E+02   -0.493612389165153687E+02
   -0.112520689398189733E+01   -0.226223366769728429E+00    0.170273854499795929E+00   -0.289037175789616496E+01   -0.522469869095526249E+02   -0.493566151516564631E+02
   -0.112520689398189733E+01   -0.226223366769728429E+00    0.170273854499795929E+00   -0.289037175789616496E+01   -0.522469869095526249E+02   -0.493566151516564631E+02
   -0.144414703028412905E+01   -0.382193732571112221E-01    0.148122912974074650E+00   -0.289037175789616496E+01   -0.522330609026102266E+02   -0.493426891447140648E+02
   -0.144414703028412905E+01   -0.382193732571112221E-01    0.148122912974074650E+00   -0.289037175789616496E+01   -0.522330609026102266E+02   -0.493426891447140648E+02
    0.145930495076762146E+01   -0.509292950077660955E+00    0.874318949184984540E-01   -0.289037175789616496E+01   -0.522190356189440266E+02   -0.493286638610478647E+02
    0.145930495076762146E+01   -0.509292950077660955E+00    0.874318949184984540E-01   -0.289037175789616496E+01   -0.522190356189440266E+02   -0.493286638610478647E+02
    0.289170597270472562E+00   -0.924636101436453473E-01    0.195204915251228073E-01   -0.289037175789616496E+01   -0.521934510571735615E+02   -0.493030792992773996E+02
    0.289170597270472562E+00   -0.924636101436453473E-01    0.195204915251228073E-01   -0.289037175789616496E+01   -0.521934510571735615E+02   -0.493030792992773996E+02
    0.117784144029901050E+01    0.208068508608914016E+00   -0.279532575667105876E+00   -0.289037175789616496E+01   -0.521933754987669261E+02   -0.493030037408707642E+02
    0.117784144029901050E+01    0.208068508608914016E+00   -0.279532575667105876E+00   -0.289037175789616496E+01   -0.521933754987669261E+02   -0.493030037408707642E+02
   -0.124619007110595703E+01    0.151593804359436035E+00    0.436464548110961914E-01   -0.289037175789616496E+01   -0.521877057458712414E+02   -0.492973339879750796E+02
   -0.124619007110595703E+01    0.151593804359436035E+00    0.436464548110961914E-01   -0.289037175789616496E+01   -0.521877057458712414E+02   -0.492973339879750796E+02
   -0.114762622117996216E+01    0.307672977447509766E+00   -0.448786020278930664E-01   -0.289037175789616496E+01   -0.521849539489560712E+02   -0.492945821910599093E+02
   -0.114762622117996216E+01    0.307672977447509766E+00   -0.448786020278930664E-01   -0.289037175789616496E+01   -0.521849539489560712E+02   -0.492945821910599093E+02
    0.669358799243513491E+00   -0.126464140763894894E+00   -0.156185260962227179E-02   -0.289037175789616496E+01   -0.521706400063131852E+02   -0.492802682484170234E+02
    0.669358799243513491E+00   -0.126464140763894894E+00   -0.156185260962227179E-02   -0.289037175789616496E+01   -0.521706400063131852E+02   -0.492802682484170234E+02
    0.133675932884216309E+01    0.346265316009521484E+00   -0.211522817611694336E+00   -0.289037175789616496E+01   -0.521627727495472087E+02   -0.492724009916510468E+02
    0.133675932884216309E+01    0.346265316009521484E+00   -0.211522817611694336E+00   -0.289037175789616496E+01   -0.521627727495472087E+02   -0.492724009916510468E+02
   -0.149601480386221075E+01    0.530662679907206503E+00   -0.127975181626414081E+00   -0.289037175789616496E+01   -0.521555712094338304E+02   -0.492651994515376686E+02
   -0.149601480386221075E+01    0.530662679907206503E+00   -0.127975181626414081E+00   -0.289037175789616496E+01   -0.521555712094338304E+02   -0.492651994515376686E+02
    0.923402130603790283E+00    0.174890398979187012E+00   -0.373525738716125488E+00   -0.289037175789616496E+01   -0.521513645077184407E+02   -0.492609927498222788E+02
    0.923402130603790283E+00    0.174890398979187012E+00   -0.373525738716125488E+00   -0.289037175789616496E+01   -0.521513645077184407E+02   -0.492609927498222788E+02
   -0.855407955489314586E+00    0.320913161858643603E+00   -0.813265820358969327E-01   -0.289037175789616496E+01   -0.521403026673688572E+02   -0.492499309094726954E+02
   -0.855407955489314586E+00    0.320913161858643603E+00   -0.813265820358969327E-01   -0.289037175789616496E+01   -0.521403026673688572E+02   -0.492499309094726954E+02
    0.107031494379043579E+01   -0.223346650600433350E+00    0.718998908996582031E-02   -0.289037175789616496E+01   -0.521340674849087833E+02   -0.492436957270126214E+02
    0.108919447290447291E+01   -0.224752660464826004E+00    0.563883930702613334E-02   -0.289037175789616496E+01   -0.521205744337036165E+02   -0.492302026758074547E+02
    0.108919447290447291E+01   -0.224752660464826004E+00    0.563883930702613334E-02   -0.289037175789616496E+01   -0.521205744337036165E+02   -0.492302026758074547E+02
   -0.361584842205047607E+00   -0.594490170478820801E-01    0.164057254791259766E+00   -0.289037175789616496E+01   -0.521074855928186906E+02   -0.492171138349225288E+02
   -0.361584842205047607E+00   -0.594490170478820801E-01    0.164057254791259766E+00   -0.289037175789616496E+01   -0.521074855928186906E+02   -0.492171138349225288E+02
   -0.147687799581493406E+01   -0.397403727081029334E-01    0.157606896741647962E+00   -0.289037175789616496E+01   -0.520898366453776376E+02   -0.491994648874814757E+02
   -0.147687799581493406E+01   -0.397403727081029334E-01    0.157606896741647962E+00   -0.289037175789616496E+01   -0.520898366453776376E+02   -0.491994648874814757E+02
   -0.109048819541931152E+01    0.118334054946899414E+00    0.481165647506713867E-01   -0.289037175789616496E+01   -0.520855779042730660E+02   -0.491952061463769041E+02
   -0.109048819541931152E+01    0.118334054946899414E+00    0.481165647506713867E-01   -0.289037175789616496E+01   -0.520855779042730660E+02   -0.491952061463769041E+02
   -0.881555018464324824E+00   -0.265290930517148027E-02    0.139844825935545813E+00   -0.289037175789616496E+01   -0.520828189706914628E+02   -0.491924472127953010E+02
   -0.881555018464324824E+00   -0.265290930517148027E-02    0.139844825935545813E+00   -0.289037175789616496E+01   -0.520828189706914628E+02   -0.491924472127953010E+02
   -0.147969198724149131E+01   -0.412528741753760642E+00    0.281822035817461236E+00   -0.289037175789616496E+01   -0.520771864309672878E+02   -0.491868146730711260E+02
   -0.147969198724149131E+01   -0.412528741753760642E+00    0.281822035817461236E+00   -0.289037175789616496E+01   -0.520771864309672878E+02   -0.491868146730711260E+02
   -0.148416264402590525E+01    0.166570052118301115E+00    0.632210233120746867E-01   -0.289037175789616496E+01   -0.520759704103794689E+02   -0.491855986524833071E+02
   -0.148416264402590525E+01    0.166570052118301115E+00    0.632210233120746867E-01   -0.289037175789616496E+01   -0.520759704103794689E+02   -0.491855986524833071E+02
    0.116150969266891479E+01    0.849970579147338867E-01   -0.219387054443359375E+00   -0.289037175789616496E+01   -0.520745372427709157E+02   -0.491841654848747538E+02
    0.116150969266891479E+01    0.849970579147338867E-01   -0.219387054443359375E+00   -0.289037175789616496E+01   -0.520745372427709157E+02   -0.491841654848747538E+02
   -0.143617486953735352E+01   -0.850249528884887695E-01    0.173520326614379883E+00   -0.289037175789616496E+01   -0.520645560771450491E+02   -0.491741843192488872E+02
   -0.143617486953735352E+01   -0.850249528884887695E-01    0.173520326614379883E+00   -0.289037175789616496E+01   -0.520645560771450491E+02   -0.491741843192488872E+02
    0.125663548707962036E+01   -0.312479138374328613E+00   -0.149317979812622070E-01   -0.289037175789616496E+01   -0.520585683449676395E+02   -0.491681965870714777E+02
    0.125663548707962036E+01   -0.312479138374328613E+00   -0.149317979812622070E-01   -0.289037175789616496E+01   -0.520585683449676395E+02   -0.491681965870714777E+02
   -0.135746965357305927E+01   -0.301258467833680710E+00    0.215541657464906278E+00   -0.289037175789616496E+01   -0.520391622707602721E+02   -0.491487905128641103E+02
   -0.135746965357305927E+01   -0.301258467833680710E+00    0.215541657464906278E+00   -0.289037175789616496E+01   -0.520391622707602721E+02   -0.491487905128641103E+02
    0.126634168662857194E+01   -0.460257491238611927E+00    0.102529056564745424E+00   -0.289037175789616496E+01   -0.520209462138436933E+02   -0.491305744559475315E+02
    0.936922968903014297E+00   -0.121769031493410784E+00   -0.332915130396967962E-01   -0.289037175789616496E+01   -0.520208097313882831E+02   -0.491304379734921213E+02
    0.936922968903014297E+00   -0.121769031493410784E+00   -0.332915130396967962E-01   -0.289037175789616496E+01   -0.520208097313882831E+02   -0.491304379734921213E+02
   -0.124627874590619214E+01    0.371869471707377386E+00   -0.620262927198532710E-01   -0.289037175789616496E+01   -0.519827378497559636E+02   -0.490923660918598017E+02
    0.750600814819335938E+00   -0.647733807563781738E-01   -0.433839559555053711E-01   -0.289037175789616496E+01   -0.519788888085949310E+02   -0.490885170506987691E+02
    0.750600814819335938E+00   -0.647733807563781738E-01   -0.433839559555053711E-01   -0.289037175789616496E+01   -0.519788888085949310E+02   -0.490885170506987691E+02
   -0.107468058667201682E+01   -0.288631757333699834E+00    0.188390885665985941E+00   -0.289037175789616496E+01   -0.519389465541817970E+02   -0.490485747962856351E+02
   -0.107468058667201682E+01   -0.288631757333699834E+00    0.188390885665985941E+00   -0.289037175789616496E+01   -0.519389465541817970E+02   -0.490485747962856351E+02
   -0.101560186584407552E+01   -0.234381440018419207E+00    0.271380853915969444E+00   -0.289037175789616496E+01   -0.519320716517097338E+02   -0.490416998938135720E+02
   -0.101560186584407552E+01   -0.234381440018419207E+00    0.271380853915969444E+00   -0.289037175789616496E+01   -0.519320716517097338E+02   -0.490416998938135720E+02
   -0.728789627552032471E+00    0.245045900344848633E+00   -0.419870615005493164E-01   -0.289037175789616496E+01   -0.519236935553705194E+02   -0.490333217974743576E+02
   -0.728789627552032471E+00    0.245045900344848633E+00   -0.419870615005493164E-01   -0.289037175789616496E+01   -0.519236935553705194E+02   -0.490333217974743576E+02
   -0.133360111713409424E+01   -0.251483917236328125E-02    0.134631633758544922E+00   -0.289037175789616496E+01   -0.519092003108673197E+02   -0.490188285529711578E+02
   -0.133360111713409424E+01   -0.251483917236328125E-02    0.134631633758544922E+00   -0.289037175789616496E+01   -0.519092003108673197E+02   -0.490188285529711578E+02
   -0.137126868767817389E+01    0.501925621820560330E-01    0.114409955301077559E+00   -0.289037175789616496E+01   -0.519057363281649842E+02   -0.490153645702688223E+02
   -0.693706825796927218E+00   -0.127892258179483687E+00    0.165652600244284631E+00   -0.289037175789616496E+01   -0.518846434293928667E+02   -0.489942716714967048E+02
   -0.693706825796927218E+00   -0.127892258179483687E+00    0.165652600244284631E+00   -0.289037175789616496E+01   -0.518846434293928667E+02   -0.489942716714967048E+02
    0.120880982143218185E+01    0.425501246696669000E-01   -0.205926441031998753E+00   -0.289037175789616496E+01   -0.518702577590281990E+02   -0.489798860011320372E+02
    0.120880982143218185E+01    0.425501246696669000E-01   -0.205926441031998753E+00   -0.289037175789616496E+01   -0.518702577590281990E+02   -0.489798860011320372E+02
    0.128319554360527111E+01   -0.223516558912519869E-01   -0.119908577614982637E+00   -0.289037175789616496E+01   -0.518681236978794971E+02   -0.489777519399833352E+02
    0.128319554360527111E+01   -0.223516558912519869E-01   -0.119908577614982637E+00   -0.289037175789616496E+01   -0.518681236978794971E+02   -0.489777519399833352E+02
    0.132703093265909500E+01    0.120707093403036314E-01   -0.140074108629128169E+00   -0.289037175789616496E+01   -0.518637349741985645E+02   -0.489733632163024026E+02
    0.132703093265909500E+01    0.120707093403036314E-01   -0.140074108629128169E+00   -0.289037175789616496E+01   -0.518637349741985645E+02   -0.489733632163024026E+02
   -0.112368071079254150E+01    0.314258337020874023E+00   -0.154345035552978516E-01   -0.289037175789616496E+01   -0.518628130036330504E+02   -0.489724412457368885E+02
   -0.112368071079254150E+01    0.314258337020874023E+00   -0.154345035552978516E-01   -0.289037175789616496E+01   -0.518628130036330504E+02   -0.489724412457368885E+02
   -0.138431133124625316E+01    0.431552147812687137E+00   -0.708800421726525354E-01   -0.289037175789616496E+01   -0.518475626891592114E+02   -0.489571909312630495E+02
   -0.138431133124625316E+01    0.431552147812687137E+00   -0.708800421726525354E-01   -0.289037175789616496E+01   -0.518475626891592114E+02   -0.489571909312630495E+02
   -0.130447951369470072E+01    0.374765459445683291E+00   -0.499150633994488446E-01   -0.289037175789616496E+01   -0.518256028029395353E+02   -0.489352310450433734E+02
   -0.130447951369470072E+01    0.374765459445683291E+00   -0.499150633994488446E-01   -0.289037175789616496E+01   -0.518256028029395353E+02   -0.489352310450433734E+02
   -0.120368631961471673E+01   -0.198427644141454529E+00    0.191586571760741675E+00   -0.289037175789616496E+01   -0.518125938254229368E+02   -0.489222220675267749E+02
   -0.120368631961471673E+01   -0.198427644141454529E+00    0.191586571760741675E+00   -0.289037175789616496E+01   -0.518125938254229368E+02   -0.489222220675267749E+02
    0.106848395354166925E+01    0.933561158743456687E-01   -0.148817642469931899E+00   -0.289037175789616496E+01   -0.517965958922223635E+02   -0.489062241343262016E+02
    0.106848395354166925E+01    0.933561158743456687E-01   -0.148817642469931899E+00   -0.289037175789616496E+01   -0.517965958922223635E+02   -0.489062241343262016E+02
   -0.761432955438698489E+00   -0.490034515364263790E-01    0.100198455563497824E+00   -0.289037175789616496E+01   -0.517717916378678069E+02   -0.488814198799716451E+02
   -0.761432955438698489E+00   -0.490034515364263790E-01    0.100198455563497824E+00   -0.289037175789616496E+01   -0.517717916378678069E+02   -0.488814198799716451E+02
    0.607610937354871261E+00   -0.704324103500697518E-02   -0.603158194676118864E-01   -0.289037175789616496E+01   -0.517681286076066698E+02   -0.488777568497105079E+02
    0.607610937354871261E+00   -0.704324103500697518E-02   -0.603158194676118864E-01   -0.289037175789616496E+01   -0.517681286076066698E+02   -0.488777568497105079E+02
    0.173862398240721916E+00   -0.333995478283084513E-01   -0.761909861522824805E-02   -0.289037175789616496E+01   -0.517656420409008078E+02   -0.488752702830046459E+02
    0.173862398240721916E+00   -0.333995478283084513E-01   -0.761909861522824805E-02   -0.289037175789616496E+01   -0.517656420409008078E+02   -0.488752702830046459E+02
   -0.126676168476977158E+01   -0.281777884321209093E+00    0.215636624622971063E+00   -0.289037175789616496E+01   -0.517342342341199739E+02   -0.488438624762238121E+02
   -0.126676168476977158E+01   -0.281777884321209093E+00    0.215636624622971063E+00   -0.289037175789616496E+01   -0.517342342341199739E+02   -0.488438624762238121E+02
   -0.127596082682067946E+01    0.181574634820868885E+00    0.940601775872009771E-01   -0.289037175789616496E+01   -0.517328110631498674E+02   -0.488424393052537056E+02
   -0.127596082682067946E+01    0.181574634820868885E+00    0.940601775872009771E-01   -0.289037175789616496E+01   -0.517328110631498674E+02   -0.488424393052537056E+02
    0.576900128647391153E+00    0.134940921929129320E+00   -0.995824428027050068E-01   -0.289037175789616496E+01   -0.517323039156531266E+02   -0.488419321577569647E+02
    0.576900128647391153E+00    0.134940921929129320E+00   -0.995824428027050068E-01   -0.289037175789616496E+01   -0.517323039156531266E+02   -0.488419321577569647E+02
   -0.145528676687899927E+01    0.289272583033328479E+00    0.152111589528591828E-01   -0.289037175789616496E+01   -0.517285139876519793E+02   -0.488381422297558174E+02
   -0.145528676687899927E+01    0.289272583033328479E+00    0.152111589528591828E-01   -0.289037175789616496E+01   -0.517285139876519793E+02   -0.488381422297558174E+02
    0.142348902133985833E+01    0.246394365010139449E+00   -0.304529597013937559E+00   -0.289037175789616496E+01   -0.517076646436557468E+02   -0.488172928857595849E+02
    0.142348902133985833E+01    0.246394365010139449E+00   -0.304529597013937559E+00   -0.289037175789616496E+01   -0.517076646436557468E+02   -0.488172928857595849E+02
   -0.130184208597999662E+01   -0.484961803471777309E-01    0.159814433016744362E+00   -0.289037175789616496E+01   -0.517074474842955141E+02   -0.488170757263993522E+02
   -0.130184208597999662E+01   -0.484961803471777309E-01    0.159814433016744362E+00   -0.289037175789616496E+01   -0.517074474842955141E+02   -0.488170757263993522E+02
   -0.613559931619050536E+00    0.150712679084548107E+00    0.370666738075575708E-02   -0.289037175789616496E+01   -0.516948189925190107E+02   -0.488044472346228488E+02
   -0.613559931619050536E+00    0.150712679084548107E+00    0.370666738075575708E-02   -0.289037175789616496E+01   -0.516948189925190107E+02   -0.488044472346228488E+02
   -0.513480471265009397E+00   -0.125386296510727746E+00    0.917459283166563999E-01   -0.289037175789616496E+01   -0.516885602790010026E+02   -0.487981885211048407E+02
   -0.513480471265009397E+00   -0.125386296510727746E+00    0.917459283166563999E-01   -0.289037175789616496E+01   -0.516885602790010026E+02   -0.487981885211048407E+02
   -0.426059049301788839E+00    0.156675590089427885E-01    0.385653850384248820E-01   -0.289037175789616496E+01   -0.516832029444865668E+02   -0.487928311865904050E+02
   -0.426059049301788839E+00    0.156675590089427885E-01    0.385653850384248820E-01   -0.289037175789616496E+01   -0.516832029444865668E+02   -0.487928311865904050E+02
   -0.109964132308959961E+01    0.182959377765655518E+00    0.310511589050292969E-01   -0.289037175789616496E+01   -0.516828997743781215E+02   -0.487925280164819597E+02
   -0.109964132308959961E+01    0.182959377765655518E+00    0.310511589050292969E-01   -0.289037175789616496E+01   -0.516828997743781215E+02   -0.487925280164819597E+02
    0.937726066282793980E+00   -0.257731202830452144E+00    0.222210316836419786E-01   -0.289037175789616496E+01   -0.516794306911593466E+02   -0.487890589332631848E+02
    0.937726066282793980E+00   -0.257731202830452144E+00    0.222210316836419786E-01   -0.289037175789616496E+01   -0.516794306911593466E+02   -0.487890589332631848E+02
    0.110178059910149262E+01   -0.248253107440748577E+00   -0.217709455430282750E-01   -0.289037175789616496E+01   -0.516791589872911743E+02   -0.487887872293950124E+02
    0.110178059910149262E+01   -0.248253107440748577E+00   -0.217709455430282750E-01   -0.289037175789616496E+01   -0.516791589872911743E+02   -0.487887872293950124E+02
    0.147637638771347302E+01   -0.271378072734948406E+00   -0.296626016504972778E-01   -0.289037175789616496E+01   -0.516705115441326015E+02   -0.487801397862364396E+02
    0.147637638771347302E+01   -0.271378072734948406E+00   -0.296626016504972778E-01   -0.289037175789616496E+01   -0.516705115441326015E+02   -0.487801397862364396E+02
   -0.309005018799527020E+00   -0.143513715982237500E-01    0.396017024145134400E-01   -0.289037175789616496E+01   -0.516612122232803515E+02   -0.487708404653841896E+02
   -0.309005018799527020E+00   -0.143513715982237500E-01    0.396017024145134400E-01   -0.289037175789616496E+01   -0.516612122232803515E+02   -0.487708404653841896E+02
   -0.147960516219538585E+01    0.167428420599400773E+00    0.815691522480423981E-01   -0.289037175789616496E+01   -0.516577921257019597E+02   -0.487674203678057978E+02
   -0.147960516219538585E+01    0.167428420599400773E+00    0.815691522480423981E-01   -0.289037175789616496E+01   -0.516577921257019597E+02   -0.487674203678057978E+02
    0.629578231356968221E+00    0.855829435948987083E-01   -0.100191507633856314E+00   -0.289037175789616496E+01   -0.516348408495532283E+02   -0.487444690916570664E+02
    0.629578231356968221E+00    0.855829435948987083E-01   -0.100191507633856314E+00   -0.289037175789616496E+01   -0.516348408495532283E+02   -0.487444690916570664E+02
    0.115414955126848318E+01    0.178714498828858481E+00   -0.508707891915948673E+00   -0.289037175789616496E+01   -0.516325288603356114E+02   -0.487421571024394495E+02
    0.115414955126848318E+01    0.178714498828858481E+00   -0.508707891915948673E+00   -0.289037175789616496E+01   -0.516325288603356114E+02   -0.487421571024394495E+02
    0.105634341399950538E+01    0.201573972945272128E+00   -0.257071429403387786E+00   -0.289037175789616496E+01   -0.516303151017076729E+02   -0.487399433438115111E+02
    0.105634341399950538E+01    0.201573972945272128E+00   -0.257071429403387786E+00   -0.289037175789616496E+01   -0.516303151017076729E+02   -0.487399433438115111E+02
    0.551782325595591594E+00    0.737215384816956032E-01   -0.109786984111588826E+00   -0.289037175789616496E+01   -0.516239311409667891E+02   -0.487335593830706273E+02
    0.551782325595591594E+00    0.737215384816956032E-01   -0.109786984111588826E+00   -0.289037175789616496E+01   -0.516239311409667891E+02   -0.487335593830706273E+02
   -0.133063357349050149E+01    0.190996528887277695E+00    0.559942411185549993E-01   -0.289037175789616496E+01   -0.516141540383507404E+02   -0.487237822804545786E+02
   -0.133063357349050149E+01    0.190996528887277695E+00    0.559942411185549993E-01   -0.289037175789616496E+01   -0.516141540383507404E+02   -0.487237822804545786E+02
   -0.101854646303485863E+01    0.171446639966282177E+00    0.306051959154187703E-01   -0.289037175789616496E+01   -0.516129968986900565E+02   -0.487226251407938946E+02
   -0.101854646303485863E+01    0.171446639966282177E+00    0.306051959154187703E-01   -0.289037175789616496E+01   -0.516129968986900565E+02   -0.487226251407938946E+02
   -0.639757338583427204E+00    0.513222397026578125E-01    0.681585741594834538E-01   -0.289037175789616496E+01   -0.516052337358725808E+02   -0.487148619779764189E+02
    0.147512674811280675E+01    0.173809873983405083E+00   -0.229426416092201491E+00   -0.289037175789616496E+01   -0.516023460102930116E+02   -0.487119742523968497E+02
   -0.988900318331088268E+00   -0.146165706528986084E+00    0.161362615811188714E+00   -0.289037175789616496E+01   -0.516005547301573344E+02   -0.487101829722611726E+02
   -0.988900318331088268E+00   -0.146165706528986084E+00    0.161362615811188714E+00   -0.289037175789616496E+01   -0.516005547301573344E+02   -0.487101829722611726E+02
   -0.148169213533401489E+01   -0.367996752262115479E+00    0.281074762344360352E+00   -0.289037175789616496E+01   -0.515996118688057379E+02   -0.487092401109095761E+02
   -0.148169213533401489E+01   -0.367996752262115479E+00    0.281074762344360352E+00   -0.289037175789616496E+01   -0.515996118688057379E+02   -0.487092401109095761E+02
   -0.140369778871536255E+01    0.339968383312225342E+00   -0.596284866333007812E-03   -0.289037175789616496E+01   -0.515792275654402985E+02   -0.486888558075441367E+02
   -0.140369778871536255E+01    0.339968383312225342E+00   -0.596284866333007812E-03   -0.289037175789616496E+01   -0.515792275654402985E+02   -0.486888558075441367E+02
    0.960349738597869873E+00   -0.231235563755035400E+00   -0.176990032196044922E-02   -0.289037175789616496E+01   -0.515771734807396740E+02   -0.486868017228435122E+02
    0.960349738597869873E+00   -0.231235563755035400E+00   -0.176990032196044922E-02   -0.289037175789616496E+01   -0.515771734807396740E+02   -0.486868017228435122E+02
   -0.138624125227815531E+00    0.306371912737106733E-01    0.936546059649545626E-03   -0.289037175789616496E+01   -0.515757716383802745E+02   -0.486853998804841126E+02
   -0.138624125227815531E+00    0.306371912737106733E-01    0.936546059649545626E-03   -0.289037175789616496E+01   -0.515757716383802745E+02   -0.486853998804841126E+02
    0.115317480609234835E+01   -0.258000449663932541E+00   -0.869536383003222113E-02   -0.289037175789616496E+01   -0.515540990338615046E+02   -0.486637272759653428E+02
    0.115317480609234835E+01   -0.258000449663932541E+00   -0.869536383003222113E-02   -0.289037175789616496E+01   -0.515540990338615046E+02   -0.486637272759653428E+02
    0.109610179656338902E+01    0.264957441932245574E+00   -0.207013216582004222E+00   -0.289037175789616496E+01   -0.515538614436714937E+02   -0.486634896857753318E+02
    0.109610179656338902E+01    0.264957441932245574E+00   -0.207013216582004222E+00   -0.289037175789616496E+01   -0.515538614436714937E+02   -0.486634896857753318E+02
   -0.801118530477599844E+00    0.114933845963381742E+00    0.546420362749175936E-01   -0.289037175789616496E+01   -0.515496358934440622E+02   -0.486592641355479003E+02
   -0.801118530477599844E+00    0.114933845963381742E+00    0.546420362749175936E-01   -0.289037175789616496E+01   -0.515496358934440622E+02   -0.486592641355479003E+02
    0.106739267969007612E+01   -0.172537630646523832E+00   -0.387597170587321571E-01   -0.289037175789616496E+01   -0.515469586559765247E+02   -0.486565868980803629E+02
    0.106739267969007612E+01   -0.172537630646523832E+00   -0.387597170587321571E-01   -0.289037175789616496E+01   -0.515469586559765247E+02   -0.486565868980803629E+02
   -0.141059757567884292E+01   -0.784369515376959203E-01    0.192015242113188433E+00   -0.289037175789616496E+01   -0.515460479640750151E+02   -0.486556762061788532E+02
   -0.141059757567884292E+01   -0.784369515376959203E-01    0.192015242113188433E+00   -0.289037175789616496E+01   -0.515460479640750151E+02   -0.486556762061788532E+02
   -0.145357834564261812E+01    0.848128891783426209E-01    0.125216096201744564E+00   -0.289037175789616496E+01   -0.515329198670402207E+02   -0.486425481091440588E+02
    0.100109327445120844E+01   -0.204646760812120299E+00   -0.174462193349625982E-01   -0.289037175789616496E+01   -0.515311833919662234E+02   -0.486408116340700616E+02
    0.100109327445120844E+01   -0.204646760812120299E+00   -0.174462193349625982E-01   -0.289037175789616496E+01   -0.515311833919662234E+02   -0.486408116340700616E+02
    0.109144621117311091E+01    0.138036028220156481E-02   -0.160953674482219755E+00   -0.289037175789616496E+01   -0.515294575467475084E+02   -0.486390857888513466E+02
    0.109144621117311091E+01    0.138036028220156481E-02   -0.160953674482219755E+00   -0.289037175789616496E+01   -0.515294575467475084E+02   -0.486390857888513466E+02
   -0.139246593665653040E+01    0.805509610252830299E-03    0.157242285861470599E+00   -0.289037175789616496E+01   -0.515280722897254932E+02   -0.486377005318293314E+02
    0.128642833866950834E+01    0.447625867809051670E-01   -0.165088496546028640E+00   -0.289037175789616496E+01   -0.515278923040119707E+02   -0.486375205461158089E+02
    0.128642833866950834E+01    0.447625867809051670E-01   -0.165088496546028640E+00   -0.289037175789616496E+01   -0.515278923040119707E+02   -0.486375205461158089E+02
   -0.144770423790092906E+01   -0.342382706486198174E+00    0.273674628947862875E+00   -0.289037175789616496E+01   -0.515180448133643694E+02   -0.486276730554682075E+02
   -0.131782808300421395E+01   -0.184724388727122157E+00    0.217636012187857331E+00   -0.289037175789616496E+01   -0.515095973833112808E+02   -0.486192256254151189E+02
   -0.131782808300421395E+01   -0.184724388727122157E+00    0.217636012187857331E+00   -0.289037175789616496E+01   -0.515095973833112808E+02   -0.486192256254151189E+02
    0.110541616632399808E+01    0.263609610894807389E+00   -0.211505026497005755E+00   -0.289037175789616496E+01   -0.515091454337390857E+02   -0.486187736758429239E+02
   -0.484892774913685765E+00   -0.705613491005996352E-01    0.207237944415900710E+00   -0.289037175789616496E+01   -0.515044454537704866E+02   -0.486140736958743247E+02
   -0.484892774913685765E+00   -0.705613491005996352E-01    0.207237944415900710E+00   -0.289037175789616496E+01   -0.515044454537704866E+02   -0.486140736958743247E+02
   -0.868315152781654831E+00   -0.742416505284397843E-01    0.129705679481240566E+00   -0.289037175789616496E+01   -0.514966275589802933E+02   -0.486062558010841315E+02
   -0.868315152781654831E+00   -0.742416505284397843E-01    0.129705679481240566E+00   -0.289037175789616496E+01   -0.514966275589802933E+02   -0.486062558010841315E+02
   -0.148675010257780493E+01    0.624095797922383788E-01    0.184790509011616422E+00   -0.289037175789616496E+01   -0.514945387896371329E+02   -0.486041670317409711E+02
   -0.118742517945981452E+01    0.894336135812574540E-01    0.949416339961357547E-01   -0.289037175789616496E+01   -0.514929314222354364E+02   -0.486025596643392745E+02
   -0.118742517945981452E+01    0.894336135812574540E-01    0.949416339961357547E-01   -0.289037175789616496E+01   -0.514929314222354364E+02   -0.486025596643392745E+02
   -0.902347485135578720E+00   -0.968026398023154044E-01    0.169603952012321146E+00   -0.289037175789616496E+01   -0.514819902933841504E+02   -0.485916185354879886E+02
   -0.125070505429984236E+01   -0.112252195588663728E+00    0.228476915187475260E+00   -0.289037175789616496E+01   -0.514803572219539944E+02   -0.485899854640578326E+02
   -0.125070505429984236E+01   -0.112252195588663728E+00    0.228476915187475260E+00   -0.289037175789616496E+01   -0.514803572219539944E+02   -0.485899854640578326E+02
    0.134090476169025852E+01   -0.175312466384686783E+00   -0.738106049635236516E-01   -0.289037175789616496E+01   -0.514710893431729559E+02   -0.485807175852767941E+02
    0.134090476169025852E+01   -0.175312466384686783E+00   -0.738106049635236516E-01   -0.289037175789616496E+01   -0.514710893431729559E+02   -0.485807175852767941E+02
   -0.971167535320296982E+00    0.325437091900984132E-01    0.977263092877507233E-01   -0.289037175789616496E+01   -0.514672429249412460E+02   -0.485768711670450841E+02
   -0.971167535320296982E+00    0.325437091900984132E-01    0.977263092877507233E-01   -0.289037175789616496E+01   -0.514672429249412460E+02   -0.485768711670450841E+02
    0.635733628853526245E+00   -0.528647472130139295E-01   -0.493147349071725305E-01   -0.289037175789616496E+01   -0.514666280214982308E+02   -0.485762562636020689E+02
    0.635733628853526245E+00   -0.528647472130139295E-01   -0.493147349071725305E-01   -0.289037175789616496E+01   -0.514666280214982308E+02   -0.485762562636020689E+02
   -0.122968360999172033E+01   -0.294132093912058856E+00    0.288566190536304834E+00   -0.289037175789616496E+01   -0.514642220534104808E+02   -0.485738502955143190E+02
   -0.122968360999172033E+01   -0.294132093912058856E+00    0.288566190536304834E+00   -0.289037175789616496E+01   -0.514642220534104808E+02   -0.485738502955143190E+02
    0.112196392361469011E+01    0.142601557427995518E+00   -0.215827146891357069E+00   -0.289037175789616496E+01   -0.514639461609707496E+02   -0.485735744030745877E+02
    0.138346006718968084E+01   -0.971462529899298488E-01   -0.148967840532107765E+00   -0.289037175789616496E+01   -0.514598204034695783E+02   -0.485694486455734165E+02
   -0.932616995935855009E+00    0.144713930740901553E+00    0.416533901021989283E-01   -0.289037175789616496E+01   -0.514597919873050955E+02   -0.485694202294089337E+02
   -0.932616995935855009E+00    0.144713930740901553E+00    0.416533901021989283E-01   -0.289037175789616496E+01   -0.514597919873050955E+02   -0.485694202294089337E+02
    0.103574003346717314E+01    0.248612154127248353E+00   -0.207980216185689848E+00   -0.289037175789616496E+01   -0.514516470271990798E+02   -0.485612752693029179E+02
   -0.139414933362796289E+01   -0.176679811576003765E-01    0.209890140075264409E+00   -0.289037175789616496E+01   -0.514505558688360267E+02   -0.485601841109398649E+02
    0.775102270357229894E+00    0.133700532996593680E+00   -0.305895252410064766E+00   -0.289037175789616496E+01   -0.514501087517171669E+02   -0.485597369938210051E+02
    0.775102270357229894E+00    0.133700532996593680E+00   -0.305895252410064766E+00   -0.289037175789616496E+01   -0.514501087517171669E+02   -0.485597369938210051E+02
    0.951783148344037322E+00    0.216525920772997482E+00   -0.432932944132985997E+00   -0.289037175789616496E+01   -0.514440184982726905E+02   -0.485536467403765286E+02
   -0.116613864606454931E+01    0.634965540203280554E-02    0.133521805135328853E+00   -0.289037175789616496E+01   -0.514438886515486260E+02   -0.485535168936524641E+02
   -0.116613864606454931E+01    0.634965540203280554E-02    0.133521805135328853E+00   -0.289037175789616496E+01   -0.514438886515486260E+02   -0.485535168936524641E+02
   -0.134249746799468994E+01   -0.137611448764801025E+00    0.248744726181030273E+00   -0.289037175789616496E+01   -0.514436734733296390E+02   -0.485533017154334772E+02
   -0.845515162467100456E+00    0.121920063222101138E+00    0.431401328406542106E-01   -0.289037175789616496E+01   -0.514410560047131824E+02   -0.485506842468170206E+02
   -0.114761009048462892E+01   -0.228238519315856703E+00    0.252197664303020819E+00   -0.289037175789616496E+01   -0.514378130407862102E+02   -0.485474412828900483E+02
   -0.136195278167724609E+01    0.205131053924560547E+00    0.673841238021850586E-01   -0.289037175789616496E+01   -0.514297042619864655E+02   -0.485393325040903036E+02
   -0.136195278167724609E+01    0.205131053924560547E+00    0.673841238021850586E-01   -0.289037175789616496E+01   -0.514297042619864655E+02   -0.485393325040903036E+02
   -0.142529968461841605E+01   -0.130247566010247340E+00    0.220588689907689872E+00   -0.289037175789616496E+01   -0.514239444259400784E+02   -0.485335726680439166E+02
    0.135876345972922952E+01   -0.299194264963986711E-02   -0.193322930687616634E+00   -0.289037175789616496E+01   -0.514215055915829495E+02   -0.485311338336867877E+02
   -0.903546892301436144E+00    0.127452339925611113E-01    0.123059551232961972E+00   -0.289037175789616496E+01   -0.514191888409760622E+02   -0.485288170830799004E+02
   -0.903546892301436144E+00    0.127452339925611113E-01    0.123059551232961972E+00   -0.289037175789616496E+01   -0.514191888409760622E+02   -0.485288170830799004E+02
   -0.996191111094002490E+00   -0.147852077550301164E+00    0.171069953487154702E+00   -0.289037175789616496E+01   -0.514191694288083383E+02   -0.485287976709121764E+02
   -0.996191111094002490E+00   -0.147852077550301164E+00    0.171069953487154702E+00   -0.289037175789616496E+01   -0.514191694288083383E+02   -0.485287976709121764E+02
   -0.665194602244781552E+00   -0.569392454025237083E-01    0.102062493370341789E+00   -0.289037175789616496E+01   -0.514105860283500462E+02   -0.485202142704538844E+02
   -0.665194602244781552E+00   -0.569392454025237083E-01    0.102062493370341789E+00   -0.289037175789616496E+01   -0.514105860283500462E+02   -0.485202142704538844E+02
    0.877499877448599808E+00   -0.495862885060156522E-01   -0.816360916210607801E-01   -0.289037175789616496E+01   -0.514103411547504834E+02   -0.485199693968543215E+02
    0.877499877448599808E+00   -0.495862885060156522E-01   -0.816360916210607801E-01   -0.289037175789616496E+01   -0.514103411547504834E+02   -0.485199693968543215E+02
   -0.714927222364963089E+00   -0.102658422259177762E+00    0.122349967946920213E+00   -0.289037175789616496E+01   -0.514087696595999475E+02   -0.485183979017037856E+02
   -0.714927222364963089E+00   -0.102658422259177762E+00    0.122349967946920213E+00   -0.289037175789616496E+01   -0.514087696595999475E+02   -0.485183979017037856E+02
    0.100947657507707245E+01   -0.465617892487770746E-01   -0.993836784340165202E-01   -0.289037175789616496E+01   -0.513991674923467698E+02   -0.485087957344506080E+02
    0.100947657507707245E+01   -0.465617892487770746E-01   -0.993836784340165202E-01   -0.289037175789616496E+01   -0.513991674923467698E+02   -0.485087957344506080E+02
   -0.135471703716357528E+01   -0.246240728721839774E+00    0.379161736216695466E+00   -0.289037175789616496E+01   -0.513989864617383745E+02   -0.485086147038422126E+02
    0.131655067205429077E+01    0.271337807178497314E+00   -0.385162472724914551E+00   -0.289037175789616496E+01   -0.513975643160072053E+02   -0.485071925581110435E+02
    0.131655067205429077E+01    0.271337807178497314E+00   -0.385162472724914551E+00   -0.289037175789616496E+01   -0.513975643160072053E+02   -0.485071925581110435E+02
   -0.106257089188918386E+01    0.115143580028046921E+00    0.751527483783640537E-01   -0.289037175789616496E+01   -0.513943980660200026E+02   -0.485040263081238407E+02
   -0.114480493277318351E+01   -0.158552342469995500E+00    0.460109593230513703E+00   -0.289037175789616496E+01   -0.513938726391147114E+02   -0.485035008812185495E+02
   -0.114480493277318351E+01   -0.158552342469995500E+00    0.460109593230513703E+00   -0.289037175789616496E+01   -0.513938726391147114E+02   -0.485035008812185495E+02
    0.137398687161075062E+01    0.112781958337148547E+00   -0.210615029079973093E+00   -0.289037175789616496E+01   -0.513898536485381427E+02   -0.484994818906419809E+02
    0.137556839700989908E+01    0.128565901209000355E+00   -0.248125859391233439E+00   -0.289037175789616496E+01   -0.513877770371281812E+02   -0.484974052792320194E+02
   -0.112993293724518762E+01   -0.234103387060939916E-01    0.146026826795708553E+00   -0.289037175789616496E+01   -0.513821463646331580E+02   -0.484917746067369961E+02
   -0.139555167907673749E+01   -0.272619419927747852E+00    0.284122216003368067E+00   -0.289037175789616496E+01   -0.513812093602213551E+02   -0.484908376023251932E+02
    0.921932280063629150E+00    0.187344074249267578E+00   -0.176075696945190430E+00   -0.289037175789616496E+01   -0.513802604662694975E+02   -0.484898887083733356E+02
   -0.132204992072378524E+01   -0.265352692571507953E+00    0.275553154477857332E+00   -0.289037175789616496E+01   -0.513801434695761259E+02   -0.484897717116799640E+02
   -0.979955448351956915E+00   -0.202380655466961379E+00    0.190048142310755841E+00   -0.289037175789616496E+01   -0.513727181451303139E+02   -0.484823463872341520E+02
   -0.105568068485561595E+01   -0.199854805560376825E+00    0.197452390328044070E+00   -0.289037175789616496E+01   -0.513726377444658056E+02   -0.484822659865696437E+02
    0.128865811548493436E+01    0.275042965065833034E+00   -0.253227353027166258E+00   -0.289037175789616496E+01   -0.513725248470803635E+02   -0.484821530891842016E+02
    0.141075113974310229E+01    0.332791118624018001E+00   -0.297822813642699025E+00   -0.289037175789616496E+01   -0.513688199740125739E+02   -0.484784482161164121E+02
   -0.102782591923808475E+01    0.202562568607969062E-01    0.115479736630226038E+00   -0.289037175789616496E+01   -0.513678001064949754E+02   -0.484774283485988136E+02
   -0.125221609927299182E+01   -0.259270477699739654E+00    0.245588308343005934E+00   -0.289037175789616496E+01   -0.513656996492785680E+02   -0.484753278913824062E+02
   -0.125221609927299182E+01   -0.259270477699739654E+00    0.245588308343005934E+00   -0.289037175789616496E+01   -0.513656996492785680E+02   -0.484753278913824062E+02
   -0.148677988978705589E+01    0.109228320182825467E+00    0.131710453452757115E+00   -0.289037175789616496E+01   -0.513651239593492051E+02   -0.484747522014530432E+02
   -0.148677988978705589E+01    0.109228320182825467E+00    0.131710453452757115E+00   -0.289037175789616496E+01   -0.513651239593492051E+02   -0.484747522014530432E+02
    0.126931311455806917E+01    0.231623894359282101E+00   -0.354967705895569363E+00   -0.289037175789616496E+01   -0.513641261888278251E+02   -0.484737544309316633E+02
    0.138599688502971086E+01   -0.397106294114037972E-01   -0.150690450765926798E+00   -0.289037175789616496E+01   -0.513624762071644909E+02   -0.484721044492683291E+02
   -0.142042934618382821E+01   -0.225762271545757232E+00    0.273862381694753410E+00   -0.289037175789616496E+01   -0.513622542896061844E+02   -0.484718825317100226E+02
   -0.129738770634901179E+01   -0.212357149264491785E+00    0.234275249772291083E+00   -0.289037175789616496E+01   -0.513575310449665849E+02   -0.484671592870704231E+02
    0.961648649140984357E+00   -0.282366892237846390E-01   -0.120439971706669202E+00   -0.289037175789616496E+01   -0.513567813846281993E+02   -0.484664096267320375E+02
    0.105166253715295754E+01    0.246780590606893391E+00   -0.247054884321745161E+00   -0.289037175789616496E+01   -0.513559849351701274E+02   -0.484656131772739656E+02
    0.989283643499595300E+00    0.221904307425702108E+00   -0.201593993842690278E+00   -0.289037175789616496E+01   -0.513557923500600992E+02   -0.484654205921639374E+02
    0.457768502860413706E+00    0.106503383798064677E+00   -0.110076287322103061E+00   -0.289037175789616496E+01   -0.513554236660937704E+02   -0.484650519081976086E+02
    0.104956224882996052E+01    0.140722648140062523E+00   -0.180800680731396546E+00   -0.289037175789616496E+01   -0.513545317866860600E+02   -0.484641600287898981E+02
    0.137899025508924122E+01    0.295898815466501430E+00   -0.278734953636003313E+00   -0.289037175789616496E+01   -0.513518754699201594E+02   -0.484615037120239975E+02
    0.748475505673267705E+00    0.272242098205399685E-01   -0.117668370502260644E+00   -0.289037175789616496E+01   -0.513495223890782313E+02   -0.484591506311820694E+02
    0.748475505673267705E+00    0.272242098205399685E-01   -0.117668370502260644E+00   -0.289037175789616496E+01   -0.513495223890782313E+02   -0.484591506311820694E+02
   -0.114493865650260207E+01   -0.979943888320367051E-02    0.165109132641090728E+00   -0.289037175789616496E+01   -0.513479076804220895E+02   -0.484575359225259277E+02
    0.115207176977019188E+01    0.209139497220148129E+00   -0.325087495230689250E+00   -0.289037175789616496E+01   -0.513447986488675312E+02   -0.484544268909713693E+02
   -0.112578006187286506E+01   -0.158285705477339000E+00    0.212457233571403226E+00   -0.289037175789616496E+01   -0.513446131841088445E+02   -0.484542414262126826E+02
    0.793262262285765907E+00    0.158777084391344525E+00   -0.192917886175294040E+00   -0.289037175789616496E+01   -0.513441085387775900E+02   -0.484537367808814281E+02
    0.148878405950504522E+01    0.259389314215427103E+00   -0.283858489475417919E+00   -0.289037175789616496E+01   -0.513438819968871698E+02   -0.484535102389910080E+02
   -0.132910532614335741E+01   -0.284873030878119327E+00    0.272101110694797477E+00   -0.289037175789616496E+01   -0.513437871562301780E+02   -0.484534153983340161E+02
    0.115729901737503660E+01    0.519135790895417504E-01   -0.185773940655723502E+00   -0.289037175789616496E+01   -0.513431873418738149E+02   -0.484528155839776531E+02
    0.866479101542610763E+00    0.139134875460471985E+00   -0.164929180256798702E+00   -0.289037175789616496E+01   -0.513402999404938782E+02   -0.484499281825977164E+02
   -0.134662220442148373E+01   -0.288609669691135551E+00    0.277770175070608527E+00   -0.289037175789616496E+01   -0.513393599232000000E+02   -0.484489881653038381E+02
    0.122143710029085240E+01    0.174459800214051386E+00   -0.230168155983357936E+00   -0.289037175789616496E+01   -0.513381431161204134E+02   -0.484477713582242515E+02
   -0.115876048883088822E+01   -0.246594617258745208E+00    0.241737210848256279E+00   -0.289037175789616496E+01   -0.513359236157243259E+02   -0.484455518578281641E+02
   -0.825892609629964025E+00    0.342430790691787834E-01    0.871179465909093231E-01   -0.289037175789616496E+01   -0.513332643151104904E+02   -0.484428925572143285E+02
    0.422591085298683833E+00    0.138510838346195264E-01   -0.581395097098857949E-01   -0.289037175789616496E+01   -0.513316521609008092E+02   -0.484412804030046473E+02
    0.127758710911830420E+01    0.153496191327983977E+00   -0.234812026525378803E+00   -0.289037175789616496E+01   -0.513280724066333889E+02   -0.484377006487372270E+02
   -0.120388878344134875E+01   -0.193347505311026957E+00    0.225107735739177750E+00   -0.289037175789616496E+01   -0.513279023259306868E+02   -0.484375305680345249E+02
    0.883275979715994364E+00    0.123226020790776936E+00   -0.165102783105401940E+00   -0.289037175789616496E+01   -0.513276865314734678E+02   -0.484373147735773060E+02
   -0.143817327341492773E+01   -0.179867199413085821E+00    0.265613020225259122E+00   -0.289037175789616496E+01   -0.513274645029472225E+02   -0.484370927450510607E+02
    0.895391880732311130E+00   -0.563104451470757272E-01   -0.873123500145223108E-01   -0.289037175789616496E+01   -0.513271831453638328E+02   -0.484368113874676709E+02
    0.832459163107277078E+00    0.189095995004815665E+00   -0.175502943704527681E+00   -0.289037175789616496E+01   -0.513256089712960488E+02   -0.484352372133998870E+02
    0.135422400271339116E+01   -0.954508188862401852E-02   -0.164014140283408438E+00   -0.289037175789616496E+01   -0.513251122770065891E+02   -0.484347405191104272E+02
   -0.142624568939208984E+01   -0.195831835269927979E+00    0.251144886016845703E+00   -0.289037175789616496E+01   -0.513250686784687318E+02   -0.484346969205725699E+02
    0.930569420535957370E+00    0.207142494243731878E+00   -0.241966155220808443E+00   -0.289037175789616496E+01   -0.513241467082675626E+02   -0.484337749503714008E+02
   -0.146664813229352098E+01   -0.325106313840345829E+00    0.307657144343150613E+00   -0.289037175789616496E+01   -0.513226167115450025E+02   -0.484322449536488406E+02
    0.110456410338008837E+01    0.161142834099232468E+00   -0.198291459597552122E+00   -0.289037175789616496E+01   -0.513221511067649701E+02   -0.484317793488688082E+02
   -0.781800775862095731E+00    0.465717679760673242E-01    0.816012795070624186E-01   -0.289037175789616496E+01   -0.513209922302868975E+02   -0.484306204723907356E+02
   -0.121122616837496122E+01    0.738369992443648204E-01    0.122344250234670771E+00   -0.289037175789616496E+01   -0.513176197815336934E+02   -0.484272480236375316E+02
   -0.914369021132726223E+00   -0.204075789722049983E+00    0.192979692573141959E+00   -0.289037175789616496E+01   -0.513174004970167346E+02   -0.484270287391205727E+02
    0.144356405221813455E+01    0.114830825726196739E+00   -0.248452378637121885E+00   -0.289037175789616496E+01   -0.513173289677383764E+02   -0.484269572098422145E+02
    0.141578311100347065E+01   -0.205518895611629393E-01   -0.168137639693106689E+00   -0.289037175789616496E+01   -0.513160183206576264E+02   -0.484256465627614645E+02
   -0.132003159649069035E+01   -0.263833109562553236E+00    0.325397775680508650E+00   -0.289037175789616496E+01   -0.513157903433591329E+02   -0.484254185854629711E+02
    0.104743408540881422E+01   -0.409614483963993692E-02   -0.142244100363288384E+00   -0.289037175789616496E+01   -0.513155643836690203E+02   -0.484251926257728584E+02
   -0.741761887696783306E+00    0.170492593366500245E-01    0.928957458607704289E-01   -0.289037175789616496E+01   -0.513118675525115435E+02   -0.484214957946153817E+02
    0.127170699834823608E+01    0.145708680152893066E+00   -0.216394066810607910E+00   -0.289037175789616496E+01   -0.513104923161944413E+02   -0.484201205582982794E+02
   -0.775524010771399208E+00   -0.510279509394697683E-01    0.118332917420797434E+00   -0.289037175789616496E+01   -0.513096322993685376E+02   -0.484192605414723758E+02
    0.761299463140280963E+00    0.812741520542217266E-01   -0.127664800705541870E+00   -0.289037175789616496E+01   -0.513083295160628410E+02   -0.484179577581666791E+02
    0.104097366695859739E+01    0.117754353385300936E+00   -0.187569424847048305E+00   -0.289037175789616496E+01   -0.513048411024115296E+02   -0.484144693445153678E+02
    0.957431807110822763E+00    0.573807463239948135E-01   -0.144447458307954024E+00   -0.289037175789616496E+01   -0.513032845939340518E+02   -0.484129128360378900E+02
   -0.143030781505162041E+01   -0.295847034305716461E+00    0.332890778122804321E+00   -0.289037175789616496E+01   -0.513008572868456270E+02   -0.484104855289494651E+02
    0.679500648719914668E+00    0.976135101297073149E-01   -0.285922602804264625E+00   -0.289037175789616496E+01   -0.512983598712283140E+02   -0.484079881133321521E+02
    0.115750908014057385E+01    0.267188308959259713E+00   -0.254991510025020740E+00   -0.289037175789616496E+01   -0.512978248252626940E+02   -0.484074530673665322E+02
    0.130035537631348763E+01    0.144064757523955755E+00   -0.231082407072052742E+00   -0.289037175789616496E+01   -0.512901858410475882E+02   -0.483998140831514263E+02
   -0.136288037533463169E+01   -0.285004872635386652E+00    0.313106592545724816E+00   -0.289037175789616496E+01   -0.512900920453461424E+02   -0.483997202874499806E+02
    0.117952103573850886E+01    0.126513811567369183E+00   -0.208658283978933379E+00   -0.289037175789616496E+01   -0.512890811778261195E+02   -0.483987094199299577E+02
   -0.122002425982030172E+01    0.217239125166770464E-01    0.149385849942631488E+00   -0.289037175789616496E+01   -0.512881252261014566E+02   -0.483977534682052948E+02
    0.828123929655969260E+00    0.884715321842568514E-01   -0.141189421389872560E+00   -0.289037175789616496E+01   -0.512879646050106430E+02   -0.483975928471144812E+02
   -0.578165435155747698E+00   -0.125994483356271836E+00    0.126526409344935420E+00   -0.289037175789616496E+01   -0.512854234895945638E+02   -0.483950517316984019E+02
    0.136165837106995635E+01    0.248809336448330143E-02   -0.177954899541864831E+00   -0.289037175789616496E+01   -0.512806738317658528E+02   -0.483903020738696910E+02
   -0.142745496011602357E+01   -0.126155273583655747E+00    0.241211610776748575E+00   -0.289037175789616496E+01   -0.512719300319354616E+02   -0.483815582740392998E+02
    0.837354372095455268E+00    0.282155637280931959E-01   -0.121568860565726355E+00   -0.289037175789616496E+01   -0.512698952787236522E+02   -0.483795235208274903E+02
    0.827599540784696330E+00    0.362554387610045659E-01   -0.126167959680570707E+00   -0.289037175789616496E+01   -0.512671442646048519E+02   -0.483767725067086900E+02
   -0.118660394981593487E+01   -0.242224924251924545E+00    0.519619177817775890E+00   -0.289037175789616496E+01   -0.512606096889485983E+02   -0.483702379310524364E+02
   -0.136522729393743125E+01   -0.316403317931873040E+00    0.632099176790562822E+00   -0.289037175789616496E+01   -0.512466257472474140E+02   -0.483562539893512522E+02
   -0.148461896562918505E+01   -0.280504677528653268E+00    0.404729236323905228E+00   -0.289037175789616496E+01   -0.512321902698862743E+02   -0.483418185119901125E+02
    0.988365219726088373E+00    0.193299870459584966E+00   -0.425864172485789894E+00   -0.289037175789616496E+01   -0.512301717914060291E+02   -0.483398000335098672E+02
   -0.119095447180475000E+01   -0.268438316005634503E+00    0.290953117347309220E+00   -0.289037175789616496E+01   -0.512298824123136569E+02   -0.483395106544174951E+02
   -0.132533745108857182E+01   -0.293267291720906265E+00    0.302921893157865663E+00   -0.289037175789616496E+01   -0.512276342792265993E+02   -0.483372625213304374E+02
   -0.132637537711140907E+01   -0.235159509875318085E+00    0.546870145428712595E+00   -0.289037175789616496E+01   -0.512270936586186778E+02   -0.483367219007225160E+02
   -0.119222776129317465E+01   -0.225108209367824497E+00    0.506523491209843746E+00   -0.289037175789616496E+01   -0.512209747531427766E+02   -0.483306029952466147E+02
    0.131569466088890330E+01    0.266551385137513197E+00   -0.328431274238280557E+00   -0.289037175789616496E+01   -0.512175112624664166E+02   -0.483271395045702548E+02
    0.902987283132932639E+00    0.173022357514911906E+00   -0.282763212022553279E+00   -0.289037175789616496E+01   -0.512161370172295634E+02   -0.483257652593334015E+02
   -0.775565687468664944E+00   -0.137338669504402766E+00    0.266772237726476069E+00   -0.289037175789616496E+01   -0.512105056122294116E+02   -0.483201338543332497E+02
   -0.777646609531623012E+00   -0.158743585807204823E+00    0.224790398800585711E+00   -0.289037175789616496E+01   -0.512034726555791124E+02   -0.483131008976829506E+02
   -0.813133854541999268E+00   -0.181389765831044381E+00    0.195220169641712848E+00   -0.289037175789616496E+01   -0.511928284342972830E+02   -0.483024566764011212E+02
    0.130381029364821632E+01    0.186392509921984972E+00   -0.488008581946908992E+00   -0.289037175789616496E+01   -0.511812680151394801E+02   -0.482908962572433182E+02
   -0.697137095030360143E+00   -0.143557491461619779E+00    0.172863911271361248E+00   -0.289037175789616496E+01   -0.511797469131321989E+02   -0.482893751552360371E+02
   -0.955867098227838219E+00   -0.149290113560063276E+00    0.322449913342777617E+00   -0.289037175789616496E+01   -0.511783205952141813E+02   -0.482879488373180195E+02
   -0.133820919259992444E+01   -0.296678486514163620E+00    0.324660235947881848E+00   -0.289037175789616496E+01   -0.511782990563747475E+02   -0.482879272984785857E+02
    0.134170938934356343E+01    0.263026896770305552E+00   -0.406184891568214357E+00   -0.289037175789616496E+01   -0.511639908507548213E+02   -0.482736190928586595E+02
   -0.137847466976975452E+01   -0.301436867707241207E+00    0.351260739649197351E+00   -0.289037175789616496E+01   -0.511635339751567528E+02   -0.482731622172605910E+02
   -0.104807333911500411E+01   -0.227978193447394339E+00    0.268377542956533377E+00   -0.289037175789616496E+01   -0.511497244287889785E+02   -0.482593526708928167E+02
    0.107519376715290704E+01    0.227941976813895053E+00   -0.481143168910563968E+00   -0.289037175789616496E+01   -0.511482737303776602E+02   -0.482579019724814984E+02
    0.144924414852808470E+01    0.296592828679441034E+00   -0.412514291532194322E+00   -0.289037175789616496E+01   -0.511336023105004003E+02   -0.482432305526042384E+02
   -0.898722946331310224E+00   -0.194415208402893613E+00    0.227715142612231469E+00   -0.289037175789616496E+01   -0.511250241669855683E+02   -0.482346524090894064E+02
   -0.140551759266662879E+01   -0.241904659734890615E+00    0.636513069472748105E+00   -0.289037175789616496E+01   -0.511195837307878307E+02   -0.482292119728916688E+02
   -0.920543531539466886E+00   -0.180630699756693547E+00    0.245425600629989971E+00   -0.289037175789616496E+01   -0.511186318520831762E+02   -0.482282600941870143E+02
   -0.953638689556038699E+00   -0.163846346203380566E+00    0.388677114998171369E+00   -0.289037175789616496E+01   -0.511122816940245670E+02   -0.482219099361284051E+02
   -0.945436022936297471E+00   -0.201816213375339393E+00    0.247074910835920702E+00   -0.289037175789616496E+01   -0.511068524415890622E+02   -0.482164806836929003E+02
    0.706995988968116773E+00    0.132171277521776709E+00   -0.199333040679764983E+00   -0.289037175789616496E+01   -0.511018488562734774E+02   -0.482114770983773155E+02
   -0.973191815146606132E+00   -0.205009736434915713E+00    0.475586995887490316E+00   -0.289037175789616496E+01   -0.510968697915721464E+02   -0.482064980336759845E+02
    0.692481577293044825E+00    0.106190465130403311E+00   -0.299972301697686516E+00   -0.289037175789616496E+01   -0.510891382150754438E+02   -0.481987664571792820E+02
   -0.521329886607992066E+00   -0.110064206772854334E+00    0.137666137728212679E+00   -0.289037175789616496E+01   -0.510818395133505732E+02   -0.481914677554544113E+02
   -0.103981415604871241E+01   -0.224015021551897009E+00    0.470418909004100438E+00   -0.289037175789616496E+01   -0.510702129727627963E+02   -0.481798412148666344E+02
   -0.126242674056855408E+01   -0.219727876913560882E+00    0.434714404691829426E+00   -0.289037175789616496E+01   -0.510285183622210781E+02   -0.481381466043249162E+02
    0.115094042092693005E+01    0.189463115395336779E+00   -0.439622957605716791E+00   -0.289037175789616496E+01   -0.510196872525906358E+02   -0.481293154946944739E+02
    0.148306203526386593E+01    0.211339625565366340E+00   -0.570738076682804074E+00   -0.289037175789616496E+01   -0.509930081188245765E+02   -0.481026363609284147E+02
   -0.867061802784423130E+00   -0.147630625028349005E+00    0.354979727693756075E+00   -0.289037175789616496E+01   -0.509876530501847327E+02   -0.480972812922885709E+02
    0.108911689398373346E+01    0.157101553603548716E+00   -0.409947154157013549E+00   -0.289037175789616496E+01   -0.509826105559369793E+02   -0.480922387980408175E+02
   -0.832428476722926747E+00   -0.166278159434136263E+00    0.232467977597246467E+00   -0.289037175789616496E+01   -0.509773430773351635E+02   -0.480869713194390016E+02
   -0.103424398176395349E+01   -0.220951089499112019E+00    0.468632095869200294E+00   -0.289037175789616496E+01   -0.509745919254173856E+02   -0.480842201675212237E+02
   -0.113670709999676478E+01   -0.202137124862782791E+00    0.377973659071828783E+00   -0.289037175789616496E+01   -0.509717393713447038E+02   -0.480813676134485419E+02
   -0.129781090486146633E+01   -0.212335764631998103E+00    0.425088369977005609E+00   -0.289037175789616496E+01   -0.509699564208289928E+02   -0.480795846629328310E+02
   -0.795122873520733409E+00   -0.149699288662318963E+00    0.228734822418982020E+00   -0.289037175789616496E+01   -0.509641772040841872E+02   -0.480738054461880253E+02
   -0.148505458310990179E+01   -0.278709098495870444E+00    0.428870750113206078E+00   -0.289037175789616496E+01   -0.509591694865535914E+02   -0.480687977286574295E+02
   -0.141453134823954496E+01   -0.243414950859426327E+00    0.442152716751533559E+00   -0.289037175789616496E+01   -0.509575175247858425E+02   -0.480671457668896807E+02
   -0.118175091172893909E+01   -0.202104399743467278E+00    0.371674014871507641E+00   -0.289037175789616496E+01   -0.509548562953875432E+02   -0.480644845374913814E+02
    0.139904427189492475E+01    0.246781195067152570E+00   -0.427540513818284396E+00   -0.289037175789616496E+01   -0.509535302914767669E+02   -0.480631585335806051E+02
   -0.140915927067933078E+01   -0.271336291955317277E+00    0.400411887541233247E+00   -0.289037175789616496E+01   -0.509504418448179450E+02   -0.480600700869217832E+02
   -0.794540998442568425E+00   -0.148987675316492485E+00    0.233098458456933777E+00   -0.289037175789616496E+01   -0.509081295125787250E+02   -0.480177577546825631E+02
    0.145840818568323627E+01    0.251794592941945616E+00   -0.497880401940739792E+00   -0.289037175789616496E+01   -0.508959003192058432E+02   -0.480055285613096814E+02
    0.141779824831685630E+01    0.237795063360865200E+00   -0.579330978533118213E+00   -0.289037175789616496E+01   -0.508927799219438128E+02   -0.480024081640476510E+02
   -0.108112064165204469E+01   -0.182547978844785908E+00    0.378541393188767561E+00   -0.289037175789616496E+01   -0.508649411665688902E+02   -0.479745694086727283E+02
   -0.117239753745329600E+01   -0.239663325579337894E+00    0.524867625788129732E+00   -0.289037175789616496E+01   -0.508640784192897897E+02   -0.479737066613936278E+02
   -0.102563088093428512E+01   -0.223152722602857789E+00    0.471682257805833283E+00   -0.289037175789616496E+01   -0.508507292645340314E+02   -0.479603575066378696E+02
   -0.114596622403066872E+01   -0.165458045855370939E+00    0.469341227924500615E+00   -0.289037175789616496E+01   -0.508470579965919853E+02   -0.479566862386958235E+02
    0.148156375144528774E+01    0.253059675673534379E+00   -0.507183037537792369E+00   -0.289037175789616496E+01   -0.508320645123287775E+02   -0.479416927544326157E+02
   -0.915427595487771528E+00   -0.138677991659153621E+00    0.329087440855596824E+00   -0.289037175789616496E+01   -0.508207471392657339E+02   -0.479303753813695721E+02
   -0.100073805649664460E+01   -0.217821509933282975E+00    0.461175077100407060E+00   -0.289037175789616496E+01   -0.508196070997451059E+02   -0.479292353418489441E+02
    0.114494784437632946E+01    0.207660356045774819E+00   -0.489957713093767344E+00   -0.289037175789616496E+01   -0.508181474962671231E+02   -0.479277757383709613E+02
    0.115171462089149701E+01    0.266024979478780788E+00   -0.545001581225243115E+00   -0.289037175789616496E+01   -0.508065141563771974E+02   -0.479161423984810355E+02
    0.748311556912052644E+00    0.114200305167630578E+00   -0.267528658551027476E+00   -0.289037175789616496E+01   -0.508003403995312510E+02   -0.479099686416350892E+02
   -0.127761327293187876E+01   -0.193544447611822878E+00    0.462301638529686088E+00   -0.289037175789616496E+01   -0.507702059209727494E+02   -0.478798341630765876E+02
   -0.932544512705159145E+00   -0.206272188586189120E+00    0.434394243821612847E+00   -0.289037175789616496E+01   -0.507578212201896335E+02   -0.478674494622934716E+02
   -0.113131939539865467E+01   -0.182001109342029732E+00    0.419472009195620998E+00   -0.289037175789616496E+01   -0.507497521839438761E+02   -0.478593804260477143E+02
    0.136121739762639660E+01    0.216901416186442209E+00   -0.530162608866416640E+00   -0.289037175789616496E+01   -0.507430644474096368E+02   -0.478526926895134750E+02
    0.137256285248750043E+01    0.242624191911539722E+00   -0.584304653386886641E+00   -0.289037175789616496E+01   -0.507426617925830783E+02   -0.478522900346869164E+02
   -0.461917545180672073E+00   -0.676263022702618954E-01    0.175834754675446181E+00   -0.289037175789616496E+01   -0.507406943809697921E+02   -0.478503226230736303E+02
   -0.131573726613664221E+01   -0.209452295529502619E+00    0.509235605010644354E+00   -0.289037175789616496E+01   -0.507398751065165428E+02   -0.478495033486203809E+02
   -0.948881305457263124E+00   -0.142811451885690888E+00    0.347502893785353262E+00   -0.289037175789616496E+01   -0.507395187245276560E+02   -0.478491469666314941E+02
   -0.993605637766558081E+00   -0.159952714053622103E+00    0.365880371568155560E+00   -0.289037175789616496E+01   -0.507350522207499068E+02   -0.478446804628537450E+02
   -0.625359385963512704E+00   -0.101142761205933684E+00    0.252446155746719469E+00   -0.289037175789616496E+01   -0.507314357199440877E+02   -0.478410639620479259E+02
   -0.149064295712803618E+01   -0.301692939786963876E+00    0.708559812394004451E+00   -0.289037175789616496E+01   -0.507256913489833678E+02   -0.478353195910872060E+02
   -0.127802146196087962E+01   -0.196153905633817960E+00    0.460357416369426398E+00   -0.289037175789616496E+01   -0.507097987831181669E+02   -0.478194270252220051E+02
   -0.105586965090627283E+01   -0.189730074960436923E+00    0.454059588823800597E+00   -0.289037175789616496E+01   -0.506996201037022587E+02   -0.478092483458060968E+02
    0.131936816537176460E+01    0.212683227980208889E+00   -0.534315779350283737E+00   -0.289037175789616496E+01   -0.506939917886150866E+02   -0.478036200307189247E+02
   -0.107187636671081621E+01   -0.157090725526890740E+00    0.413126464421037731E+00   -0.289037175789616496E+01   -0.506836823623723163E+02   -0.477933106044761544E+02
    0.136716528721274111E+01    0.199859471156579538E+00   -0.554591693971243860E+00   -0.289037175789616496E+01   -0.506813954855143152E+02   -0.477910237276181533E+02
   -0.105675822655187091E+01   -0.200034459079530436E+00    0.488219785981989451E+00   -0.289037175789616496E+01   -0.506769005795609644E+02   -0.477865288216648025E+02
   -0.709104245566905655E+00   -0.130437234441217687E+00    0.308514234979378354E+00   -0.289037175789616496E+01   -0.506690662390454634E+02   -0.477786944811493015E+02
   -0.100771227197196911E+01   -0.213367576365734113E+00    0.463801608670133536E+00   -0.289037175789616496E+01   -0.506660724354010981E+02   -0.477757006775049362E+02
   -0.145397420130698452E+01   -0.312486298836546439E+00    0.706088389088437962E+00   -0.289037175789616496E+01   -0.506611375948716400E+02   -0.477707658369754782E+02
   -0.133402685158265344E+01   -0.200626628598701728E+00    0.557848262764369274E+00   -0.289037175789616496E+01   -0.506554629974896642E+02   -0.477650912395935023E+02
    0.927788554807874810E+00    0.175161311500031225E+00   -0.408228570477424890E+00   -0.289037175789616496E+01   -0.506546146360773477E+02   -0.477642428781811859E+02
    0.149350698553705641E+01    0.238512882396697101E+00   -0.603881516878515656E+00   -0.289037175789616496E+01   -0.506505615201198225E+02   -0.477601897622236606E+02
   -0.134646907638172153E+01   -0.271570801840130827E+00    0.608318197802641736E+00   -0.289037175789616496E+01   -0.506497974183954724E+02   -0.477594256604993106E+02
   -0.138864044043916546E+01   -0.261638460193821309E+00    0.639439086745604568E+00   -0.289037175789616496E+01   -0.506485678665093673E+02   -0.477581961086132054E+02
    0.103995907477001959E+01    0.175412774020017093E+00   -0.437361796556813953E+00   -0.289037175789616496E+01   -0.506419071793077222E+02   -0.477515354214115604E+02
   -0.142198735156480982E+01   -0.302042191363536494E+00    0.656581498982397482E+00   -0.289037175789616496E+01   -0.506415457844207140E+02   -0.477511740265245521E+02
   -0.100063368674280850E+01   -0.146774542069737279E+00    0.401937391397957144E+00   -0.289037175789616496E+01   -0.506362583353876587E+02   -0.477458865774914969E+02
   -0.113669127164742623E+01   -0.188274140953771374E+00    0.473928932065289299E+00   -0.289037175789616496E+01   -0.506336818826857211E+02   -0.477433101247895593E+02
   -0.119722643686897356E+01   -0.178742716708202964E+00    0.453328721719193029E+00   -0.289037175789616496E+01   -0.506327375746212951E+02   -0.477423658167251332E+02
    0.979918288114205893E+00    0.154142347738067897E+00   -0.360972679939244534E+00   -0.289037175789616496E+01   -0.506311286382366887E+02   -0.477407568803405269E+02
    0.130220333109618425E+01    0.251592088902238720E+00   -0.580424676405755013E+00   -0.289037175789616496E+01   -0.506087043771832157E+02   -0.477183326192870538E+02
   -0.119079497601658391E+01   -0.260686757591550577E+00    0.558650837432918212E+00   -0.289037175789616496E+01   -0.506014718806104753E+02   -0.477111001227143134E+02
   -0.948201932220926746E+00   -0.140429562950860287E+00    0.369299231267945283E+00   -0.289037175789616496E+01   -0.506003173249182225E+02   -0.477099455670220607E+02
    0.114361911889703460E+01    0.242615940956211640E+00   -0.550388219080197971E+00   -0.289037175789616496E+01   -0.505960776585956324E+02   -0.477057059006994706E+02
    0.108243209948239105E+01    0.191188992008042291E+00   -0.484754970345016134E+00   -0.289037175789616496E+01   -0.505951589429877231E+02   -0.477047871850915612E+02
   -0.145411523834862133E+01   -0.218551364631364820E+00    0.556440350597106503E+00   -0.289037175789616496E+01   -0.505842730171846711E+02   -0.476939012592885092E+02
    0.135041811198578454E+01    0.206625640966192847E+00   -0.510320257715885850E+00   -0.289037175789616496E+01   -0.505840284632996173E+02   -0.476936567054034555E+02
   -0.111229392928574855E+01   -0.239937691291047583E+00    0.519652604502047755E+00   -0.289037175789616496E+01   -0.505794233981906274E+02   -0.476890516402944655E+02
   -0.913656175176017493E+00   -0.185039102183052862E+00    0.416049465732704515E+00   -0.289037175789616496E+01   -0.505788075164472204E+02   -0.476884357585510585E+02
   -0.149058349147467717E+01   -0.278978778157001450E+00    0.658324904023591007E+00   -0.289037175789616496E+01   -0.505770013214751657E+02   -0.476866295635790038E+02
    0.108077262967240140E+01    0.233861230783501295E+00   -0.523772704534118616E+00   -0.289037175789616496E+01   -0.505769778550671205E+02   -0.476866060971709587E+02
    0.145119072481586420E+01    0.287174275960566217E+00   -0.655558662876574827E+00   -0.289037175789616496E+01   -0.505672257325935988E+02   -0.476768539746974369E+02
   -0.715058957047321586E+00   -0.118567557284053215E+00    0.301343686284801793E+00   -0.289037175789616496E+01   -0.505597394499228372E+02   -0.476693676920266753E+02
    0.839395207600859727E+00    0.165199901279627248E+00   -0.390609446816319039E+00   -0.289037175789616496E+01   -0.505528146769891435E+02   -0.476624429190929817E+02
    0.740151874117846553E+00    0.121757254259313497E+00   -0.311662810907313403E+00   -0.289037175789616496E+01   -0.505415061485927808E+02   -0.476511343906966189E+02
    0.889370821276636025E+00    0.163571094778913961E+00   -0.402565699042439662E+00   -0.289037175789616496E+01   -0.505405811720557665E+02   -0.476502094141596046E+02
   -0.512914503022379842E+00   -0.773836744329847726E-01    0.205367236303303002E+00   -0.289037175789616496E+01   -0.505341052069545213E+02   -0.476437334490583595E+02
   -0.131329454321987726E+01   -0.297889521662644263E+00    0.629562390769154989E+00   -0.289037175789616496E+01   -0.505339081393470124E+02   -0.476435363814508506E+02
    0.689845447819790625E+00    0.115140968619213968E+00   -0.300273370801659611E+00   -0.289037175789616496E+01   -0.505277013448703229E+02   -0.476373295869741611E+02
    0.104304428642166958E+01    0.212657878494644681E+00   -0.479292345586922020E+00   -0.289037175789616496E+01   -0.505222590622278247E+02   -0.476318873043316628E+02
   -0.147526453235766741E+01   -0.302934413201229491E+00    0.680278918577253755E+00   -0.289037175789616496E+01   -0.505174182794423459E+02   -0.476270465215461840E+02
    0.560803051301755673E+00    0.889181640935268192E-01   -0.237440617295314960E+00   -0.289037175789616496E+01   -0.505131897441932836E+02   -0.476228179862971217E+02
   -0.868874817899391028E+00   -0.142095209476810869E+00    0.372697299175541064E+00   -0.289037175789616496E+01   -0.505017651354482027E+02   -0.476113933775520408E+02
    0.618167004597316883E+00    0.986410609134238392E-01   -0.260413270809528807E+00   -0.289037175789616496E+01   -0.504999619590752289E+02   -0.476095902011790670E+02
   -0.839048453919188586E+00   -0.162990821275653452E+00    0.380123928260306831E+00   -0.289037175789616496E+01   -0.504951820362149633E+02   -0.476048102783188014E+02
   -0.134049921451065246E+01   -0.292386450145645238E+00    0.640602098634720729E+00   -0.289037175789616496E+01   -0.504680594761030932E+02   -0.475776877182069313E+02
    0.370233474348587777E+00    0.798079930418906791E-01   -0.175012735569087807E+00   -0.289037175789616496E+01   -0.504855764431260710E+02   -0.475952046852299091E+02
    0.788779251659980751E+00    0.157118191059941070E+00   -0.360842651057410424E+00   -0.289037175789616496E+01   -0.504941531467383982E+02   -0.476037813888422363E+02
    0.143242236564449810E+01    0.252448554596261809E+00   -0.631582170876208604E+00   -0.289037175789616496E+01   -0.504880897803936648E+02   -0.475977180224975029E+02
    0.128634955721093780E+01    0.242126478095780140E+00   -0.583264197144388818E+00   -0.289037175789616496E+01   -0.504907786128137985E+02   -0.476004068549176367E+02
    0.921148281109949618E+00    0.202669780590155169E+00   -0.441163691898612376E+00   -0.289037175789616496E+01   -0.504693233667595749E+02   -0.475789516088634130E+02
