#chebyshev_coefficients--c1 chebyshev_coefficients--c2 chebyshev_coefficients--c3 intrinsic_alignment_parameters--a nofz_shifts--uncorr_bias_1 nofz_shifts--uncorr_bias_2 nofz_shifts--uncorr_bias_3 nofz_shifts--uncorr_bias_4 nofz_shifts--uncorr_bias_5
0.009071012951442655  -0.013816936536335042  0.004746094696464888  0.02410829309295659  0.050893758488609844  0.001736794571692678  0.017985171098434807  0.013142249938226143  0.011621065003888249
-0.013816936536335042  0.0210459114402195  -0.007229235540454694  -0.036721671267366765  -0.07752120241666431  -0.00264547967268959  -0.027394952360066165  -0.020018231074439178  -0.017701167278993627
0.004746094696464888  -0.0072292355404546945  0.002483230372219816  0.012613832942563071  0.026628403965355544  0.0009087178631192877  0.00941012052592574  0.006876229045789438  0.006080321489725167
0.02410829309295659  -0.036721671267366765  0.012613832942563071  0.06407330680357724  0.1352618117530496  0.004615929092029282  0.04779970864222631  0.034928537210593184  0.03088564007858316
0.05089375848860984  -0.07752120241666431  0.026628403965355544  0.1352618117530496  0.2855441467194123  0.009744446838454024  0.10090746856621784  0.07373581075614083  0.06520106176179027
0.001736794571692678  -0.00264547967268959  0.0009087178631192876  0.004615929092029282  0.009744446838454024  0.0003325378764668991  0.003443556712135418  0.002516299830546635  0.0022250439641221267
0.017985171098434807  -0.027394952360066165  0.00941012052592574  0.04779970864222632  0.10090746856621785  0.003443556712135418  0.035659344901396925  0.026057245758889465  0.02304118002697771
0.01314224993822614  -0.020018231074439178  0.0068762290457894375  0.034928537210593184  0.07373581075614083  0.002516299830546635  0.026057245758889465  0.019040732756494993  0.016836812123103527
0.011621065003888254  -0.017701167278993634  0.006080321489725172  0.030885640078583156  0.06520106176179029  0.0022250439641221254  0.023041180026977706  0.016836812123103527  0.014887990188930035
