#chebyshev_coefficients--c1 chebyshev_coefficients--c2 chebyshev_coefficients--c3 intrinsic_alignment_parameters--a nofz_shifts--uncorr_bias_1 nofz_shifts--uncorr_bias_2 nofz_shifts--uncorr_bias_3 nofz_shifts--uncorr_bias_4 nofz_shifts--uncorr_bias_5
0.005703928008995765  -0.004521025976770755  -0.00020489661856029116  0.009461204658125158  0.006002160353726973  0.00036657370519728574  -0.004037517371842178  0.0012825529826251015  0.005337429091927892
-0.004521025976770755  0.010960845560846075  -0.007254222495306063  0.006635595521828103  0.0009103137041589966  -0.0002598413730714242  -0.0016706527048876367  0.005982018503019518  -0.001691647664128726
-0.00020489661856029108  -0.007254222495306063  0.011123719874009447  -0.01658446583033948  -0.006555835190825003  -0.00019512751022332926  0.005271960688824433  -0.004781187527154892  -0.0036848207716138957
0.00946120465812516  0.006635595521828102  -0.01658446583033948  0.07542378004677447  0.030139146731079935  0.0012736745372469176  -0.013431835048364227  0.003822197602963724  0.027892925964381466
0.006002160353726973  0.0009103137041589968  -0.006555835190825003  0.030139146731079935  0.0704668297418003  -0.016976377776964164  -0.00459746773822988  -0.006058832916699405  0.024710967771011384
0.0003665737051972855  -0.00025984137307142414  -0.00019512751022332923  0.001273674537246918  -0.01697637777696416  0.07028881688170942  -0.004790815292770346  -0.001973428795962812  0.01636617244323107
-0.004037517371842178  -0.0016706527048876367  0.005271960688824433  -0.013431835048364225  -0.00459746773822988  -0.004790815292770346  0.05230942138220463  -0.006450510771680016  0.01990166490401116
0.0012825529826251017  0.005982018503019518  -0.004781187527154892  0.003822197602963724  -0.006058832916699405  -0.0019734287959628127  -0.006450510771680017  0.045199355355139186  -0.014835073636816076
0.0053374290919278936  -0.0016916476641287259  -0.0036848207716138944  0.027892925964381473  0.02471096777101138  0.01636617244323107  0.019901664904011164  -0.01483507363681608  0.06447950214178566
