#cosmological_parameters--omch2 cosmological_parameters--ombh2 cosmological_parameters--h0 cosmological_parameters--n_s cosmological_parameters--s_8_input intrinsic_alignment_parameters--a halo_model_parameters--logt_agn nofz_shifts--uncorr_bias_1 nofz_shifts--uncorr_bias_2 nofz_shifts--uncorr_bias_3 nofz_shifts--uncorr_bias_4 nofz_shifts--uncorr_bias_5 chebyshev_coefficients--c1 chebyshev_coefficients--c2 chebyshev_coefficients--c3
0.002719630418936968  1.9117164560217012e-07  9.246357746540047e-05  -0.00029066999529545734  0.0014642370205235867  0.03501147586667069  -0.0004639784588840547  0.0014060731322153859  -0.002643695983462552  0.006345316017181898  0.0009952344823055813  -0.0015606066797346804  0.000786137333794868  -0.0010204874761359198  -0.0001335902175010015
1.9117164560217075e-07  3.475649359145518e-06  9.817936366336837e-06  -7.95829382322064e-07  -5.436520601191626e-06  0.000176473391255187  -7.717625829649956e-06  -7.40832832874763e-05  -0.00012989207516762253  -6.556754904871957e-05  7.935982163253044e-05  5.195597644200952e-05  -1.3079951937629937e-05  2.1848983797632075e-05  7.592944108476432e-06
9.246357746540043e-05  9.817936366336837e-06  0.002441302643128874  -1.2722201643584325e-05  0.0001720231574157937  -0.006793863724783545  0.0002277736299330449  0.0011630471734200374  0.002704574348613783  -0.002607128991108842  0.0014709555106601482  -0.005567785387665459  0.00023666940029832032  -0.0008799988406885593  0.00027098322598473275
-0.0002906699952954573  -7.958293823220638e-07  -1.272220164358429e-05  0.004961089992508475  0.002045507739921782  0.005554932827134237  0.0005685797102432003  0.0028726982701589884  0.0014075226079781232  -0.0037759277614260287  0.0002699680127177562  -0.0023959023082482577  0.0008513977592800347  -0.0006015708678989822  0.001357195649370089
0.001464237020523587  -5.436520601191629e-06  0.00017202315741579371  0.002045507739921782  0.012695287943637668  0.12330609929902554  0.00047565541615091826  0.00879396171054136  -0.007594906779705546  0.0019035962891917441  -0.006796614854008873  0.00682319540920761  -0.0006021247372884424  -0.0010738312179889018  0.0013003724101526741
0.035011475866670694  0.000176473391255187  -0.0067938637247835455  0.005554932827134236  0.12330609929902554  2.5476556643815496  0.001531090537183983  0.16488507299634256  -0.12014799166307107  0.12798381602736325  -0.07421201161925992  0.1331639906184301  -0.015956770732410693  -0.001733134162722549  0.015385223366826975
-0.00046397845888405465  -7.717625829649958e-06  0.0002277736299330449  0.0005685797102432003  0.0004756554161509181  0.0015310905371839828  0.011655969484321365  -0.0019012603628501016  0.00414900296866713  -0.004961647063000753  -0.010643975912804032  -0.00034137083249809045  0.00021229131761041497  0.0018620579450631407  9.507756680406619e-05
0.0014060731322153863  -7.408328328747627e-05  0.0011630471734200372  0.002872698270158988  0.008793961710541358  0.16488507299634253  -0.0019012603628501012  0.9519620353787591  -0.03717608472268864  0.005817093015886624  0.10479171397304181  0.032958989446089805  -0.024039526683641864  -0.00046491366809454004  0.02338199802803051
-0.0026436959834625516  -0.00012989207516762247  0.002704574348613784  0.0014075226079781223  -0.007594906779705545  -0.12014799166307107  0.0041490029686671315  -0.03717608472268864  0.8217405846622253  0.010507190249224911  -0.08255183544449536  -0.014626067752484775  0.0064107332098522945  -0.0015069400463557404  0.018884499214687617
0.006345316017181898  -6.556754904871957e-05  -0.002607128991108842  -0.0037759277614260287  0.0019035962891917413  0.12798381602736322  -0.004961647063000753  0.005817093015886612  0.010507190249224911  0.8300439313568465  0.006681483079897688  0.09879061740499054  -0.0007019107320480226  0.01013149987752855  -0.022111652449312433
0.000995234482305581  7.935982163253041e-05  0.0014709555106601486  0.00026996801271775674  -0.006796614854008873  -0.07421201161925992  -0.010643975912804029  0.10479171397304181  -0.08255183544449535  0.006681483079897691  0.8554848398175453  -0.030493916402516842  0.010421429771655874  0.001288786784512217  0.019485321666960036
-0.0015606066797346815  5.195597644200952e-05  -0.00556778538766546  -0.0023959023082482577  0.006823195409207612  0.13316399061843007  -0.0003413708324980911  0.03295898944608978  -0.014626067752484767  0.09879061740499054  -0.030493916402516832  0.6775022391947133  -0.008237507230524445  -0.0021927509893315844  0.008022048682297597
0.0007861373337948678  -1.3079951937629937e-05  0.0002366694002983202  0.000851397759280035  -0.000602124737288442  -0.015956770732410686  0.00021229131761041486  -0.024039526683641864  0.006410733209852296  -0.0007019107320480226  0.01042142977165587  -0.008237507230524443  0.07770953736615507  -0.011308352489213715  -0.0037087568417224124
-0.0010204874761359202  2.1848983797632075e-05  -0.0008799988406885591  -0.0006015708678989824  -0.0010738312179889014  -0.0017331341627225473  0.0018620579450631407  -0.0004649136680945424  -0.0015069400463557396  0.010131499877528548  0.0012887867845122161  -0.0021927509893315865  -0.011308352489213719  0.07177365928440309  0.0017535059587854857
-0.00013359021750100175  7.592944108476434e-06  0.0002709832259847326  0.0013571956493700886  0.0013003724101526726  0.015385223366826977  9.507756680406585e-05  0.02338199802803051  0.01888449921468762  -0.022111652449312444  0.019485321666960015  0.008022048682297599  -0.003708756841722412  0.0017535059587854862  0.07271389559192443
