#cosmological_parameters--omega_m	cosmological_parameters--h0	cosmological_parameters--omega_k	prior	post
#sampler=emcee
#n_varied=3
#module_0=consistency 1.1
#module_1=camb 2.0
## CITE http://arxiv.org/abs/1201.3654
## CITE http://arxiv.org/abs/astro-ph/9911177
#module_2=load_nz_fits 1
#module_3=project_2d 1.0
#module_4=cl_to_xi_nicaea 1.0
## CITE http://arxiv.org/abs/0810.5129
#module_5=2pt 1
#timestamp=2024-09-26T17:52:16.962372
#platform=Linux-5.15.153.1-microsoft-standard-WSL2-x86_64-with-glibc2.35
#platform_version=#1 SMP Fri Mar 29 23:14:13 UTC 2024
#uuid=d330663fc828488896a65055eefd0ce5
#cosmosis_git_version=
#csl_git_version=
#cwd_git_version=60963521c93b06fc746030b9e5dede3e950b59f9
#walkers=32
#samples=300
#nsteps=10
#a=2.0
#random_start=False
#start_points=
#covmat=
## START_OF_PARAMS_INI
## [runtime]
## sampler = emcee
## root = /home/steven/cosmosis-standard-library
## resume = T
## verbosity = quiet
## 
## [output]
## filename = examples/cfhtlens_emcee.txt
## format = text
## 
## [emcee]
## walkers = 32
## samples = 300
## nsteps = 10
## 
## [pipeline]
## modules = consistency  camb  load_nz  shear_shear  2pt  cfhtlens
## values = examples/cfhtlens_values.ini
## 
## [consistency]
## file = utility/consistency/consistency_interface.py
## verbose = F
## 
## [camb]
## file = boltzmann/camb/camb_interface.py
## mode = all
## lmax = 2500
## feedback = 2
## nonlinear = pk
## kmax = 10.0
## kmax_extrapolate = 500.0
## nk = 100
## zmin = 0.0
## zmax = 3.0
## nz = 100
## 
## [load_nz]
## file = number_density/load_nz_fits/load_nz_fits.py
## nz_file = likelihood/cfhtlens/cfhtlens_heymans13.fits
## data_sets = SAMPLE
## 
## [shear_shear]
## file = structure/projection/project_2d.py
## shear-shear = sample-sample
## verbose = T
## ell_min_logspaced = 20.0
## ell_max_logspaced = 10000.0
## n_ell_logspaced = 220
## 
## [2pt]
## file = shear/cl_to_xi_nicaea/nicaea_interface.so
## corr_type = 0
## 
## [cfhtlens]
## file = likelihood/2pt/2pt_like.py
## data_file = likelihood/cfhtlens/cfhtlens_heymans13.fits
## like_name = cfhtlens
## data_sets = xi_plus xi_minus
## covariance_realizations = 1656
## angle_range_xi_plus_1_1 = 2.0  999999.0
## angle_range_xi_plus_1_2 = 2.0  999999.0
## angle_range_xi_plus_1_3 = 2.0  999999.0
## angle_range_xi_plus_1_4 = 2.0  999999.0
## angle_range_xi_plus_1_5 = 2.0  999999.0
## angle_range_xi_plus_1_6 = 2.0  999999.0
## angle_range_xi_plus_2_2 = 2.0  999999.0
## angle_range_xi_plus_2_3 = 2.0  999999.0
## angle_range_xi_plus_2_4 = 2.0  999999.0
## angle_range_xi_plus_2_5 = 2.0  999999.0
## angle_range_xi_plus_2_6 = 2.0  999999.0
## angle_range_xi_plus_3_3 = 2.0  999999.0
## angle_range_xi_plus_3_4 = 2.0  999999.0
## angle_range_xi_plus_3_5 = 2.0  999999.0
## angle_range_xi_plus_3_6 = 2.0  999999.0
## angle_range_xi_plus_4_4 = 2.0  999999.0
## angle_range_xi_plus_4_5 = 2.0  999999.0
## angle_range_xi_plus_4_6 = 2.0  999999.0
## angle_range_xi_plus_5_5 = 2.0  999999.0
## angle_range_xi_plus_5_6 = 2.0  999999.0
## angle_range_xi_plus_6_6 = 2.0  999999.0
## angle_range_xi_minus_1_1 = 2.0  999999.0
## angle_range_xi_minus_1_2 = 2.0  999999.0
## angle_range_xi_minus_1_3 = 2.0  999999.0
## angle_range_xi_minus_1_4 = 2.0  999999.0
## angle_range_xi_minus_1_5 = 2.0  999999.0
## angle_range_xi_minus_1_6 = 2.0  999999.0
## angle_range_xi_minus_2_2 = 2.0  999999.0
## angle_range_xi_minus_2_3 = 2.0  999999.0
## angle_range_xi_minus_2_4 = 2.0  999999.0
## angle_range_xi_minus_2_5 = 2.0  999999.0
## angle_range_xi_minus_2_6 = 2.0  999999.0
## angle_range_xi_minus_3_3 = 2.0  999999.0
## angle_range_xi_minus_3_4 = 2.0  999999.0
## angle_range_xi_minus_3_5 = 2.0  999999.0
## angle_range_xi_minus_3_6 = 2.0  999999.0
## angle_range_xi_minus_4_4 = 2.0  999999.0
## angle_range_xi_minus_4_5 = 2.0  999999.0
## angle_range_xi_minus_4_6 = 2.0  999999.0
## angle_range_xi_minus_5_5 = 2.0  999999.0
## angle_range_xi_minus_5_6 = 2.0  999999.0
## angle_range_xi_minus_6_6 = 2.0  999999.0
## 
## END_OF_PARAMS_INI
## START_OF_VALUES_INI
## [cosmological_parameters]
## omega_m = 0.15    0.3    0.4
## h0 = 0.6  0.7  0.8
## w = -1.0
## omega_b = 0.04
## omega_k = -0.3  0.0  0.3
## a_s = 2.0e-9
## n_s = 1.0
## tau = 0.08
## 
## END_OF_VALUES_INI
## START_OF_PRIORS_INI
## END_OF_PRIORS_INI
0.2999911690129922	0.7009556204532078	0.0005097664427909068	3.506557897319981	-97.47967465253325
0.300021900936083	0.7001989295389948	-0.00111229235311804	3.506557897319981	-97.6042869397873
0.2994055305221593	0.6997302953526087	0.0002128183641380642	3.506557897319981	-96.43311335192804
0.2996573241450746	0.700281307440776	0.00035909369544566373	3.506557897319981	-96.88143220665788
0.3000696138329542	0.7003238203655285	-0.00010150714450383547	3.506557897319981	-97.44988216329058
0.30051737062985795	0.6998519879267473	-0.0009517544059521918	3.506557897319981	-97.95101261721314
0.2999443039086122	0.7006047005878868	0.0007216536444603341	3.506557897319981	-97.22836015055002
0.2997393266191455	0.6998847308731772	-0.0007953691268873797	3.506557897319981	-97.0907618120364
0.3001555444331195	0.6994742888862545	-0.0002179112139313294	3.506557897319981	-97.21668261293702
0.30019643622284964	0.7000955209811996	0.0003205617027356407	3.506557897319981	-97.38158031796856
0.2997551754168574	0.7000841920687758	0.0005196901625491175	3.506557897319981	-96.8660161216702
0.29994522282477515	0.7000007241141594	-0.00010076837583582174	3.506557897319981	-97.18274733411657
0.29971181408628433	0.7000215694287868	0.00014363662726296186	3.506557897319981	-96.88136711775267
0.2999373771774672	0.7000801806672933	-1.9837416514595742e-05	3.506557897319981	-97.18250254938282
0.30041929495744896	0.6998017979989452	0.00034827595199492164	3.506557897319981	-97.48910381258841
0.300497903796581	0.6998798730924074	-0.0009248955653408215	3.506557897319981	-97.93478410105426
0.29938739349259236	0.6997188633854101	0.0007860489706064911	3.506557897319981	-96.27284968655205
0.3000697032882283	0.7002324947159656	-0.0007233449186387908	3.506557897319981	-97.56733263371301
0.29966071538774686	0.700065464619448	-0.0018865109855937174	3.506557897319981	-97.35987423515053
0.3001257863253126	0.6996445339840327	-4.3183275556056105e-05	3.506557897319981	-97.20886595741639
0.2998713838508059	0.6996013809418331	0.0003268918524734712	3.506557897319981	-96.83295989510512
0.29990741161816037	0.7001342213231296	-0.0015103338721734235	3.506557897319981	-97.55298393296361
0.3001184557279843	0.6993992885601795	3.8641904793422976e-05	3.506557897319981	-97.07668788523826
0.30077580894668426	0.6998565543210233	-0.0003583794857457809	3.506557897319981	-98.0778516761648
0.30037372223634373	0.7001848704731454	-0.000361754500635035	3.506557897319981	-97.78290277067697
0.30000086659993724	0.6999592005780019	-0.0007290968492986395	3.506557897319981	-97.3803080825658
0.2998711763895516	0.7001747345119413	0.00048719926410456527	3.506557897319981	-97.0325067608144
0.3000033472996889	0.6998835069462155	-0.0006976010110599936	3.506557897319981	-97.34303852646478
0.3002593963281081	0.7002248539842333	-0.000103203553331963	3.506557897319981	-97.61130867514592
0.30034872199592866	0.6995783805185831	-0.0002211994675556889	3.506557897319981	-97.4659964157731
0.29985595088015965	0.6998037510844769	0.000607479957049295	3.506557897319981	-96.8361176950292
0.29988374920886335	0.6999605465452533	-0.00018698755049339642	3.506557897319981	-97.12585874501671
0.2999700423028616	0.7007484332387828	2.2249297351880325e-07	3.506557897319981	-97.49434988606868
0.2993802750505956	0.700840131626443	-0.003470502043494544	3.506557897319981	-97.78946118164276
0.29957802530026634	0.6997539149152989	3.316392145805147e-05	3.506557897319981	-96.6589205729481
0.29972123978600923	0.7002668653903739	0.00010113821205873772	3.506557897319981	-97.00243755357432
0.2999197740419922	0.7004791379593365	0.00018656019149903766	3.506557897319981	-97.27979922418594
0.30085147244373606	0.6993047770662438	-0.001532863025793947	3.506557897319981	-98.2267734897462
0.2999764004035419	0.7006453960126354	0.0007079395971993196	3.506557897319981	-97.28286663717978
0.29944125554298556	0.6997437101423659	-0.0009991031609535971	3.506557897319981	-96.77382599011919
0.3003496521155257	0.6989580413440354	0.000793116557313057	3.506557897319981	-96.9547376694989
0.30053639190526726	0.6999729411362484	0.00047753733792242745	3.506557897319981	-97.65711983369513
0.29957403722693415	0.7001637471354903	0.0011110622722605246	3.506557897319981	-96.56090977941422
0.29997386027427886	0.699933425614717	-0.00032816478658497135	3.506557897319981	-97.23942657553813
0.2997458428083099	0.7000054543186534	4.5444584518956085e-05	3.506557897319981	-96.9345436936801
0.29993943287682795	0.7000775100656236	-7.666151171070929e-05	3.506557897319981	-97.20568927719107
0.3007690976913502	0.6994522263120077	0.001633928877577009	3.506557897319981	-97.38894918167331
0.30041937087274495	0.6999168211006527	-0.000747951116372645	3.506557897319981	-97.81564847318718
0.2992311234980114	0.6997004529497762	0.0010263781908018512	3.506557897319981	-96.04669102464605
0.2999466653406436	0.7007926189668454	-0.001389832109864217	3.506557897319981	-97.84292497323786
0.2996386072014452	0.700114166965567	-0.0021187921803871327	3.506557897319981	-97.41551266341368
0.29995680663646174	0.6996782770852875	-1.9630804667875795e-05	3.506557897319981	-97.0360697151547
0.2998713838508059	0.6996013809418331	0.0003268918524734712	3.506557897319981	-96.83295989510512
0.3000465631950073	0.6997641346853799	-0.0007855500467182216	3.506557897319981	-97.36264857962782
0.3001184557279843	0.6993992885601795	3.8641904793422976e-05	3.506557897319981	-97.07668788523826
0.30137042283517407	0.6996979590289478	-0.0005984727450827068	3.506557897319981	-98.72736813153425
0.30037372223634373	0.7001848704731454	-0.000361754500635035	3.506557897319981	-97.78290277067697
0.29996930509206127	0.7000387024513371	-0.0009023958746917451	3.506557897319981	-97.4280371268917
0.2998711763895516	0.7001747345119413	0.00048719926410456527	3.506557897319981	-97.0325067608144
0.3001892999875411	0.6996308141619211	-0.0012240942741942634	3.506557897319981	-97.57078747497599
0.3001644899629315	0.70026986252788	-6.0896553027225964e-05	3.506557897319981	-97.51598422164786
0.3001602920300338	0.6996731065192507	-0.0003987373574833125	3.506557897319981	-97.35019173892464
0.30002954931198267	0.6998348798521876	0.0009662103883673239	3.506557897319981	-96.93779973142456
0.2998818294683134	0.6999592918523727	-0.00018968006244863368	3.506557897319981	-97.12389401748914
0.2999700423028616	0.7007484332387828	2.2249297351880325e-07	3.506557897319981	-97.49434988606868
0.29987501323889176	0.7001933669425356	-0.0030682970733386526	3.506557897319981	-97.94404961013305
0.29838874117562286	0.7002170812696095	0.002627483197617837	3.506557897319981	-95.04454574803006
0.29990307068113736	0.6998881575949777	0.000301361912353891	3.506557897319981	-96.99010146645954
0.2998992780831279	0.7009223802372723	0.0003006780986066986	3.506557897319981	-97.41650081992357
0.3008848924514752	0.699244955885702	-0.002817652440677121	3.506557897319981	-98.57741196226274
0.30012399575416365	0.7010979277591216	0.0011945688340342122	3.506557897319981	-97.50272930328012
0.29954367316218894	0.6997307114347538	-0.0008045245283491864	3.506557897319981	-96.82494864420978
0.3003158645318702	0.6983617764340624	0.0014616345815377245	3.506557897319981	-96.50542881770093
0.300399516665436	0.6998380238152961	-0.00019349884332533736	3.506557897319981	-97.6244658389574
0.29957403722693415	0.7001637471354903	0.0011110622722605246	3.506557897319981	-96.56090977941422
0.3002355541684341	0.6998128414539947	-0.0004979400649537747	3.506557897319981	-97.5140368407877
0.2997733458214428	0.7000228246085753	3.8458506457242006e-05	3.506557897319981	-96.97234782967274
0.3000347736672141	0.7007445956896463	-0.0006420641185290131	3.506557897319981	-97.72488061752313
0.30135855382431054	0.6993570890108549	0.001866783550922623	3.506557897319981	-97.92378581955803
0.30041937087274495	0.6999168211006527	-0.000747951116372645	3.506557897319981	-97.81564847318718
0.2992311234980114	0.6997004529497762	0.0010263781908018512	3.506557897319981	-96.04669102464605
0.2998490450627308	0.700648368308086	-0.0016782385768983749	3.506557897319981	-97.75135636225193
0.2994496749969021	0.7000582307227774	-0.002858125708829471	3.506557897319981	-97.37551727157117
0.29995680663646174	0.6996782770852875	-1.9630804667875795e-05	3.506557897319981	-97.0360697151547
0.2998333803743826	0.699335476152475	0.0005522651113992203	3.506557897319981	-96.63354168010301
0.300490606857221	0.6993886095549054	-0.002567840834573297	3.506557897319981	-98.14030439980156
0.3001184557279843	0.6993992885601795	3.8641904793422976e-05	3.506557897319981	-97.07668788523826
0.301656698737256	0.699632079414075	-0.0005534782996967061	3.506557897319981	-99.00998987631932
0.30057445820638634	0.7000868062789525	-0.0004094296665592328	3.506557897319981	-97.97353482951857
0.2999590488463555	0.7003802412289533	-0.0011232139261631044	3.506557897319981	-97.61617702853475
0.2998711763895516	0.7001747345119413	0.00048719926410456527	3.506557897319981	-97.0325067608144
0.29996672372341393	0.6993541239762814	-0.001684726940356097	3.506557897319981	-97.33373937813552
0.3001825826262327	0.7003209197568705	-9.440125336622094e-05	3.506557897319981	-97.56905513413724
0.3007019505131107	0.699597933834662	-0.0008005171254666058	3.506557897319981	-98.000669279696
0.29941383243611497	0.7001534610956498	0.0004102960579392043	3.506557897319981	-96.56412644468112
0.29984628583346457	0.7000434099572674	-0.00022397630937785713	3.506557897319981	-97.12775458233105
0.29999051526268994	0.7007865442324906	0.00018012478876790693	3.506557897319981	-97.48544476645834
0.29970402575617894	0.7007511063255902	-0.005250527779216664	3.506557897319981	-98.57678263053339
0.29838874117562286	0.7002170812696095	0.002627483197617837	3.506557897319981	-95.04454574803006
0.29991226873390703	0.6998133212996747	0.0004934027152352369	3.506557897319981	-96.92507076052286
0.2999039991296671	0.7010479837086272	0.0002693427949007376	3.506557897319981	-97.48185520336467
0.3006794661055173	0.6995240965900426	-0.002223438258325657	3.506557897319981	-98.31809052402146
0.3007794524088226	0.7021238126572044	0.0013180374216159305	3.506557897319981	-98.62877516423673
0.29954367316218894	0.6997307114347538	-0.0008045245283491864	3.506557897319981	-96.82494864420978
0.3003153223931118	0.6986248061772724	0.0011924722045715144	3.506557897319981	-96.67867499902084
0.30065479276395435	0.6986780470848184	0.000611130539297114	3.506557897319981	-97.20555290314921
0.29956072648638826	0.7001731585871012	0.0011826956630348754	3.506557897319981	-96.53280797484257
0.3003126027169853	0.699944312857281	-0.00015779925172674614	3.506557897319981	-97.56338835132519
0.2997733458214428	0.7000228246085753	3.8458506457242006e-05	3.506557897319981	-96.97234782967274
0.3001027411183323	0.7011865743878457	-0.0011289343448451208	3.506557897319981	-98.11842983305718
0.30063827283014316	0.6994733412407071	0.0015822487293548457	3.506557897319981	-97.27169253526598
0.30041414500359054	0.6998960806955291	-0.000602012525815321	3.506557897319981	-97.76443443299114
0.2992311234980114	0.6997004529497762	0.0010263781908018512	3.506557897319981	-96.04669102464605
0.2998294926374228	0.7004867960617402	-0.0012348313388908622	3.506557897319981	-97.5492726715934
0.2991844820606914	0.7005776178497393	-0.004180665255755453	3.506557897319981	-97.65205541589359
0.29932661822090645	0.699894816613574	0.0010442154572109146	3.506557897319981	-96.2161464920173
0.2998272217242357	0.6989976410856871	0.0009226974462538731	3.506557897319981	-96.39786252868447
0.3005555690026782	0.6997703446750176	-0.004065837199060663	3.506557897319981	-98.77954120926816
0.3001184557279843	0.6993992885601795	3.8641904793422976e-05	3.506557897319981	-97.07668788523826
0.301656698737256	0.699632079414075	-0.0005534782996967061	3.506557897319981	-99.00998987631932
0.30065524113655245	0.7000767063444239	-0.0005124215405944797	3.506557897319981	-98.08287287309545
0.3001546416223723	0.7002372469661403	-0.0007053362365237836	3.506557897319981	-97.65584701662314
0.2998711763895516	0.7001747345119413	0.00048719926410456527	3.506557897319981	-97.0325067608144
0.29996672372341393	0.6993541239762814	-0.001684726940356097	3.506557897319981	-97.33373937813552
0.3001468320479248	0.700297606041634	-5.2288552887378185e-05	3.506557897319981	-97.50487290497983
0.3011718139537268	0.6992596104122639	0.0004880290824349114	3.506557897319981	-98.03589800205354
0.2995621209142902	0.7001603587544113	0.00043523103154794086	3.506557897319981	-96.71605622403702
0.2998517762733088	0.7003445900969458	-0.0005542169306776909	3.506557897319981	-97.34075989007762
0.30108753202128347	0.701543116382496	0.004810219431668903	3.506557897319981	-97.80714739100327
0.2990294343263358	0.7019591779866445	-0.010676485480660419	3.506557897319981	-99.83834586191475
0.29804186345335276	0.7003362721917201	0.0032130613502103535	3.506557897319981	-94.62142291489226
0.29991226873390703	0.6998133212996747	0.0004934027152352369	3.506557897319981	-96.92507076052286
0.29984345826884556	0.701184684216385	0.00037274969064190393	3.506557897319981	-97.45083284480874
0.3006643547892933	0.6991311914591904	-0.0027586751570828913	3.506557897319981	-98.26811425475631
0.3007572944647633	0.7015476901155963	0.0005332117264011528	3.506557897319981	-98.56544844250793
0.2992424110412088	0.6991473137510984	-0.0013219693039433166	3.506557897319981	-96.40099501724806
0.30121227785359667	0.6974726488103499	0.0013269711809460083	3.506557897319981	-97.10340514333394
0.3008063304538753	0.6980039746658938	0.001035782004744273	3.506557897319981	-96.97405291670589
0.29956072648638826	0.7001731585871012	0.0011826956630348754	3.506557897319981	-96.53280797484257
0.30062384259292135	0.6996739676109895	0.00010993926655623442	3.506557897319981	-97.71144142095123
0.29964379988914286	0.6999857037433448	0.0003301166034633409	3.506557897319981	-96.75287569255063
0.2999288441578247	0.7019072234910576	-0.001423182769775386	3.506557897319981	-98.31324648001542
0.3005376035284109	0.6996774287494573	0.0013643418377442312	3.506557897319981	-97.30373133247566
0.30096236223074385	0.6986582130422372	-0.001538395670727193	3.506557897319981	-98.06924142963065
0.2999487683795177	0.6993167753625289	-0.0002931498500784594	3.506557897319981	-96.9477383568678
0.2999009565461626	0.7003301739219094	-0.0010749868811486564	3.506557897319981	-97.52097346357702
0.2979442397584228	0.6993753032048224	-0.008456433564592166	3.506557897319981	-96.9181401874743
0.3003573043752081	0.7002821600885384	0.008127794715281007	3.506557897319981	-95.7287746600288
0.299836860988534	0.6990222732258751	0.0007425304741067989	3.506557897319981	-96.4629141696225
0.30051800165614895	0.6997972435633532	-0.0034615779891938106	3.506557897319981	-98.58473872362698
0.300190138677522	0.699092489206493	0.00040566947426645575	3.506557897319981	-96.94027101525677
0.30191735730954977	0.699576698149472	-0.0005432969596510384	3.506557897319981	-99.27816860123644
0.3006479832704332	0.7008296887814226	0.001276433980006997	3.506557897319981	-97.93174695459548
0.30015505989211133	0.7002388461408385	-0.0007072419499835063	3.506557897319981	-97.65747382461647
0.2998711763895516	0.7001747345119413	0.00048719926410456527	3.506557897319981	-97.0325067608144
0.30043353426889413	0.6993492355878446	-0.00012174591414784199	3.506557897319981	-97.42995778144655
0.3003897497397837	0.6995230982673041	0.0002649726634292274	3.506557897319981	-97.36061771915878
0.3021025086911971	0.6984755981236905	0.0016326820727947994	3.506557897319981	-98.41273315768055
0.299347410575126	0.7010497766178315	0.00019507543095572365	3.506557897319981	-96.91158382893805
0.2998517762733088	0.7003445900969458	-0.0005542169306776909	3.506557897319981	-97.34075989007762
0.30108753202128347	0.701543116382496	0.004810219431668903	3.506557897319981	-97.80714739100327
0.29890952572606516	0.7022236516435125	-0.011361014901731994	3.506557897319981	-100.01290345923879
0.2967397870532238	0.6996246645759296	0.006223024128149511	3.506557897319981	-92.56558691256497
0.29991226873390703	0.6998133212996747	0.0004934027152352369	3.506557897319981	-96.92507076052286
0.2996467576902487	0.7017965271098242	0.0005375887479290104	3.506557897319981	-97.45723795621203
0.30084482157972703	0.7001597731426356	0.00046913109123384103	3.506557897319981	-98.07225116472081
0.30054991672870374	0.7015970768808882	-0.0008121758874536089	3.506557897319981	-98.7090943597678
0.29946818582031987	0.6991076623821021	-8.116070350426899e-05	3.506557897319981	-96.3216685595935
0.30197895195556884	0.6966088692993194	0.0016527455446706458	3.506557897319981	-97.46741918381296
0.30111191091675565	0.6973660112082206	0.0012118735829775458	3.506557897319981	-96.98350005270916
0.29957967414168457	0.7001635433359695	0.001186218899794702	3.506557897319981	-96.54756343924716
0.30159307784607475	0.6986292722629832	4.529268083616709e-05	3.506557897319981	-98.33207689729959
0.2994786247608217	0.6998483844451611	0.00021600565276348906	3.506557897319981	-96.55909016794142
0.299921986541826	0.7027988165883312	-0.0018121230229299515	3.506557897319981	-98.80084716434982
0.3009436351260924	0.6976187102299566	0.0034593865334947393	3.506557897319981	-96.36610580100945
0.3010381913521349	0.6984546912193571	-0.002749814905207152	3.506557897319981	-98.38211987224415
0.2990460851370439	0.7008307102894505	-0.0014611575439387942	3.506557897319981	-96.91813830837141
0.2999009565461626	0.7003301739219094	-0.0010749868811486564	3.506557897319981	-97.52097346357702
0.29809219645983304	0.699408165224649	-0.008076672098827176	3.506557897319981	-96.99142125289988
0.3006472521528376	0.698605915967082	0.014748375902188287	3.506557897319981	-93.91113171085668
0.299836860988534	0.6990222732258751	0.0007425304741067989	3.506557897319981	-96.4629141696225
0.30033219479341156	0.6999056815179153	-0.002327253232611659	3.506557897319981	-98.12856815341371
0.300190138677522	0.699092489206493	0.00040566947426645575	3.506557897319981	-96.94027101525677
0.30191735730954977	0.699576698149472	-0.0005432969596510384	3.506557897319981	-99.27816860123644
0.3008663864539389	0.7019347487134313	0.0021318859074847415	3.506557897319981	-98.43117470098352
0.3002386658533889	0.7002577275281495	-0.0010590144376163015	3.506557897319981	-97.8493926181866
0.2998711763895516	0.7001747345119413	0.00048719926410456527	3.506557897319981	-97.0325067608144
0.30043353426889413	0.6993492355878446	-0.00012174591414784199	3.506557897319981	-97.42995778144655
0.3003897497397837	0.6995230982673041	0.0002649726634292274	3.506557897319981	-97.36061771915878
0.30412953016094324	0.6979865008259062	0.0024290796767773544	3.506557897319981	-100.27875940916196
0.2995940722159627	0.7006635791311425	0.00012312444297551901	3.506557897319981	-97.02724299428304
0.2998457049834296	0.7001323658628984	-0.0004454420650045834	3.506557897319981	-97.22093470306787
0.30071948229473106	0.7010014074615568	0.0034583494046496054	3.506557897319981	-97.52780423542937
0.29873802832249535	0.7031801976244748	-0.014823703086437656	3.506557897319981	-101.26957246379408
0.2956152177924546	0.6996559575940832	0.008058725505584806	3.506557897319981	-91.29671099231047
0.30185785155876144	0.6998845711235715	-0.0029319609320499034	3.506557897319981	-100.00722311432037
0.2994359888162638	0.7028453805615383	0.0005887581436531368	3.506557897319981	-97.65852197749805
0.3013464974856522	0.7001582781270355	0.00018478029924688037	3.506557897319981	-98.69499877464956
0.30059630874975746	0.7017271263765793	-0.0008124405368876582	3.506557897319981	-98.81875348947229
0.29946818582031987	0.6991076623821021	-8.116070350426899e-05	3.506557897319981	-96.3216685595935
0.3015655400707914	0.6974471072635438	-0.00044898854542451544	3.506557897319981	-97.92542139104161
0.3011884681479419	0.6972665650364401	0.0012400541334769309	3.506557897319981	-97.01498699725859
0.29962203760615785	0.700086622993555	0.0015348315072194448	3.506557897319981	-96.47399870908937
0.30159307784607475	0.6986292722629832	4.529268083616709e-05	3.506557897319981	-98.33207689729959
0.29948547667686437	0.7003345798963321	0.0004110598274181229	3.506557897319981	-96.71296083919333
0.30015173888494556	0.7019046500580413	-0.0020051314252300047	3.506557897319981	-98.71956267963408
0.30085989285267106	0.6977391573773908	0.004218483240512069	3.506557897319981	-96.1453536254942
0.3017497495395148	0.6974064054766244	-0.004563814852212321	3.506557897319981	-99.19988631830883
0.29820960793759155	0.7021016143617317	-0.0028260921215615417	3.506557897319981	-96.90317581193358
0.3000784492698067	0.6998686078314474	-0.0003031111536943832	3.506557897319981	-97.31600563805334
0.29859533693754525	0.6992501866428898	-0.003581973377982141	3.506557897319981	-96.3330385687594
0.3007537130621359	0.6983508478200721	0.01639735512030622	3.506557897319981	-93.57156831201485
0.29995207537628177	0.6994258934797097	0.00024385992884678738	3.506557897319981	-96.86957649506377
0.30073620700882564	0.6999945415815931	-0.005041015411970572	3.506557897319981	-99.34551543101966
0.2985596030556858	0.6983102176446672	0.0003026467217750173	3.506557897319981	-95.01633893560135
0.3023498338247836	0.7001286322218866	0.0005421263143585067	3.506557897319981	-99.72923370200776
0.3014020300639471	0.703017791226721	0.0029796929012194727	3.506557897319981	-99.2858093184254
0.3001026791855299	0.7003433479934036	-0.0008096245616006248	3.506557897319981	-97.6738711757698
0.2998711763895516	0.7001747345119413	0.00048719926410456527	3.506557897319981	-97.0325067608144
0.3013455982926023	0.6972884450272312	0.0077868823294895174	3.506557897319981	-95.61844315698242
0.3003897497397837	0.6995230982673041	0.0002649726634292274	3.506557897319981	-97.36061771915878
0.3027326302719968	0.6985604577307286	0.001620732526364482	3.506557897319981	-99.15456743649736
0.3005570395657364	0.6996633503809209	0.0021744588857841906	3.506557897319981	-97.12009790487888
0.2998457049834296	0.7001323658628984	-0.0004454420650045834	3.506557897319981	-97.22093470306787
0.30071948229473106	0.7010014074615568	0.0034583494046496054	3.506557897319981	-97.52780423542937
0.29873802832249535	0.7031801976244748	-0.014823703086437656	3.506557897319981	-101.26957246379408
0.29355035665785845	0.6994749819305095	0.010895544558719491	3.506557897319981	-89.23325231774899
0.3023416636801258	0.6999084247905009	-0.0037372475851828336	3.506557897319981	-100.82207337520069
0.299449433041113	0.7028519287442114	0.0005737807161787644	3.506557897319981	-97.67982907694706
0.3015318749436294	0.7021306938343637	0.0007580164779180145	3.506557897319981	-99.6405790659116
0.3004241473858411	0.7015113037448724	-0.000622817373665136	3.506557897319981	-98.47858439898256
0.29926187378770486	0.6985613721290233	-0.0003721340143634874	3.506557897319981	-95.96193161251263
0.30115458134662687	0.698116290869071	-0.00040867521233808695	3.506557897319981	-97.75768965519221
0.3011884681479419	0.6972665650364401	0.0012400541334769309	3.506557897319981	-97.01498699725859
0.2983763390385871	0.7023292645049005	0.0017692522124012342	3.506557897319981	-96.04461433076317
0.3022462747177672	0.6984939772715482	0.0008356607996001511	3.506557897319981	-98.79392034017052
0.29948547667686437	0.7003345798963321	0.0004110598274181229	3.506557897319981	-96.71296083919333
0.30018450096528737	0.7020277392099309	-0.0020652533386961006	3.506557897319981	-98.82407899182016
0.30095395736447017	0.6960239116589487	0.011260438836812558	3.506557897319981	-93.99941128030603
0.3033909156733448	0.6944799909589432	-0.008304547571976906	3.506557897319981	-100.78946277557324
0.2980557715379971	0.7018915702956688	-0.0070660402956715974	3.506557897319981	-97.73327332931474
0.3000784492698067	0.6998686078314474	-0.0003031111536943832	3.506557897319981	-97.31600563805334
0.2968911694771588	0.6996031664747733	-0.0056440157546311966	3.506557897319981	-95.25737115391055
0.30204364746100415	0.6952603127208294	0.03637722407398424	3.506557897319981	-89.98583476547302
0.29924443230078374	0.7005125452656115	-0.0010028952542603577	3.506557897319981	-96.88445837092158
0.30073620700882564	0.6999945415815931	-0.005041015411970572	3.506557897319981	-99.34551543101966
0.29912929130072485	0.6986961442110148	0.0008365056861984431	3.506557897319981	-95.59858092670589
0.3023498338247836	0.7001286322218866	0.0005421263143585067	3.506557897319981	-99.72923370200776
0.3012520990851559	0.7029747633035088	0.002707026256062883	3.506557897319981	-99.1697730740195
0.3002524973670665	0.7004663523995683	-0.0010219461057149434	3.506557897319981	-97.94454200087088
0.2996230550866018	0.7006604502396816	-0.0007412190533092628	3.506557897319981	-97.27518386113597
0.3013455982926023	0.6972884450272312	0.0077868823294895174	3.506557897319981	-95.61844315698242
0.3003897497397837	0.6995230982673041	0.0002649726634292274	3.506557897319981	-97.36061771915878
0.3038289888507889	0.6994791244518722	0.0018910150409407888	3.506557897319981	-100.78325709670587
0.3017163127916741	0.6996945164125573	0.0007315334309479678	3.506557897319981	-98.76283011968995
0.2998457049834296	0.7001323658628984	-0.0004454420650045834	3.506557897319981	-97.22093470306787
0.2981920741515947	0.7071712342314995	0.01458707222573944	3.506557897319981	-94.75530195601736
0.29484529510278623	0.7053622932465223	-0.027928853898599122	3.506557897319981	-101.48255522512785
0.2907862163791607	0.6984206113553639	0.015335791774715196	3.506557897319981	-86.68935971267425
0.3034447223639131	0.6991652131882768	-0.008630144160208396	3.506557897319981	-103.29366264059313
0.2981159009450016	0.7038789148069988	0.00017269569146258733	3.506557897319981	-96.78282450414464
0.3015318749436294	0.7021306938343637	0.0007580164779180145	3.506557897319981	-99.6405790659116
0.3004478554180432	0.7016239600938871	-0.0006447428774694999	3.506557897319981	-98.5604298051555
0.299336037693244	0.698245809566939	-0.0005514760063099419	3.506557897319981	-95.95309260025158
0.3011108278483691	0.6976599699988517	0.0021362077858470985	3.506557897319981	-96.87764642132123
0.30116891807174945	0.6955127685982724	0.0007893391507256737	3.506557897319981	-96.3911606784584
0.2983763390385871	0.7023292645049005	0.0017692522124012342	3.506557897319981	-96.04461433076317
0.30216232985328945	0.6971543276271073	0.015559897607904188	3.506557897319981	-94.60702991889092
0.2996715122904137	0.7018098729758704	0.0010626701327750678	3.506557897319981	-97.35221788057864
0.30018450096528737	0.7020277392099309	-0.0020652533386961006	3.506557897319981	-98.82407899182016
0.30095395736447017	0.6960239116589487	0.011260438836812558	3.506557897319981	-93.99941128030603
0.3033909156733448	0.6944799909589432	-0.008304547571976906	3.506557897319981	-100.78946277557324
0.29577958317646813	0.7050536499319117	-0.006537642978471215	3.506557897319981	-96.48385869492549
0.3000784492698067	0.6998686078314474	-0.0003031111536943832	3.506557897319981	-97.31600563805334
0.296950571351034	0.6995758112953196	-0.005534490334131505	3.506557897319981	-95.27950255750426
0.3019684211157507	0.6955602978827237	0.03463199211839289	3.506557897319981	-90.29934251121414
0.29924443230078374	0.7005125452656115	-0.0010028952542603577	3.506557897319981	-96.88445837092158
0.300766032933778	0.7000002520284005	-0.005255854962242963	3.506557897319981	-99.44116702519544
0.29912929130072485	0.6986961442110148	0.0008365056861984431	3.506557897319981	-95.59858092670589
0.30265287806904506	0.7009857044468616	-0.0016440954843220529	3.506557897319981	-101.10613191928762
0.30183716609170064	0.7053165698360527	0.004363854771016279	3.506557897319981	-100.46344642853754
0.2999417511608903	0.7005621755898975	-0.0008833553735485205	3.506557897319981	-97.61407535080698
0.30079651486783116	0.6981545760077011	-0.0014527867469252634	3.506557897319981	-97.65275378246925
0.3013455982926023	0.6972884450272312	0.0077868823294895174	3.506557897319981	-95.61844315698242
0.3003897497397837	0.6995230982673041	0.0002649726634292274	3.506557897319981	-97.36061771915878
0.30406234770221713	0.699348299709837	0.0019375099792883267	3.506557897319981	-100.98711188064964
0.299414086114964	0.6996509305022591	-0.002310440342051203	3.506557897319981	-97.0323382434061
0.2997608656520388	0.6997527071317762	-5.862529325740564e-05	3.506557897319981	-96.87259143797341
0.296411016806755	0.7140661493843038	0.028645925217337248	3.506557897319981	-92.59225393012842
0.29484529510278623	0.7053622932465223	-0.027928853898599122	3.506557897319981	-101.48255522512785
0.28886369436025955	0.6980344047518365	0.018118247525602288	3.506557897319981	-85.37413402126701
0.3034447223639131	0.6991652131882768	-0.008630144160208396	3.506557897319981	-103.29366264059313
0.2980805492625668	0.7039552485030653	-0.00014351137565728894	3.506557897319981	-96.85592617134262
0.3014173547430761	0.7023836414478944	0.00027436891362923876	3.506557897319981	-99.75365522850785
0.3004478554180432	0.7016239600938871	-0.0006447428774694999	3.506557897319981	-98.5604298051555
0.2993417023447605	0.6982016128609072	-0.0006264387101707538	3.506557897319981	-95.957295224924
0.3022009500891524	0.6973262136150995	0.003838530420724016	3.506557897319981	-97.45677651136968
0.30116891807174945	0.6955127685982724	0.0007893391507256737	3.506557897319981	-96.3911606784584
0.2983763390385871	0.7023292645049005	0.0017692522124012342	3.506557897319981	-96.04461433076317
0.30280130943116784	0.6967224291935049	0.02356353771567405	3.506557897319981	-93.3497882719984
0.2988257769680978	0.7025147616491014	-0.0005889152560259606	3.506557897319981	-97.16283890880858
0.2998060785216194	0.7042012465375562	-0.0029289413907066823	3.506557897319981	-99.60037536232407
0.3010137060584909	0.6966525560245953	0.010793887863717145	3.506557897319981	-94.38246438430528
0.3033909156733448	0.6944799909589432	-0.008304547571976906	3.506557897319981	-100.78946277557324
0.2921398745708419	0.7101099311510888	-0.005692716304075878	3.506557897319981	-94.56204393208759
0.3000784492698067	0.6998686078314474	-0.0003031111536943832	3.506557897319981	-97.31600563805334
0.296950571351034	0.6995758112953196	-0.005534490334131505	3.506557897319981	-95.27950255750426
0.3019684211157507	0.6955602978827237	0.03463199211839289	3.506557897319981	-90.29934251121414
0.2970938767199968	0.7016613231872079	-0.005820454284770854	3.506557897319981	-96.30816131560793
0.300766032933778	0.7000002520284005	-0.005255854962242963	3.506557897319981	-99.44116702519544
0.29726159461181834	0.6996727899092675	-0.00038852814472659656	3.506557897319981	-94.44236632496087
0.3026857723861013	0.7008110584159136	-0.0018863714665878746	3.506557897319981	-101.13544579700225
0.30167466136198934	0.7040746217356424	0.0035407202367534335	3.506557897319981	-99.92665230546783
0.2993164154849449	0.7016981260321692	-0.0005216683080790679	3.506557897319981	-97.32979774981797
0.30088236634667476	0.6980194792731279	-0.00047248842239292453	3.506557897319981	-97.44170788579673
0.3013455982926023	0.6972884450272312	0.0077868823294895174	3.506557897319981	-95.61844315698242
0.3031037380141913	0.6962672826340495	0.004269647729690115	3.506557897319981	-97.85959683071619
0.3032278489747448	0.6983846945983476	0.007920540690094556	3.506557897319981	-97.97786466295395
0.299414086114964	0.6996509305022591	-0.002310440342051203	3.506557897319981	-97.0323382434061
0.29994301910271753	0.699562786000916	0.00017722273837425789	3.506557897319981	-96.92646753643434
#evaluations=0
#successes=0
#complete=1
