#cosmological_parameters--h0 cosmological_parameters--omch2 cosmological_parameters--ombh2 cosmological_parameters--n_s cosmological_parameters--s_8_input intrinsic_alignment_parameters--a nofz_shifts--uncorr_bias_1 nofz_shifts--uncorr_bias_2 nofz_shifts--uncorr_bias_3 nofz_shifts--uncorr_bias_4 nofz_shifts--uncorr_bias_5
0.0023844514472911725  0.0009919499590939692  -5.127106465958812e-06  -2.6428444469264364e-06  0.0002709745439345631  -0.0002311321933537451  0.007802220794227309  -0.003398939772649401  -0.0004444183931387321  -0.004057177585052975  0.003271764420695081
0.0009919499590939692  0.00046131131570446805  -5.525273127143525e-06  -2.065086081481384e-05  -0.00024602033383573597  0.0015815503112712906  0.003631120731920252  -0.0005762712199913708  -0.0010133019499402938  -0.0018675616558313888  0.0010536667148243865
-5.127106465958814e-06  -5.525273127143526e-06  3.535683304576369e-06  2.349733498700215e-06  6.926481045414725e-05  6.471915804287786e-05  -8.767594463620028e-05  -4.7681356448614616e-05  -5.887190259109697e-05  1.6771118447372417e-05  2.704123033794912e-05
-2.6428444469263754e-06  -2.065086081481385e-05  2.349733498700216e-06  0.0047899544687499285  -0.0022359490282089765  -0.0008723812296965488  -0.006333409667416779  0.0009517255548323639  -0.010422799441069  -0.006835751229979804  0.002703270244023614
0.00027097454393456275  -0.0002460203338357359  6.926481045414725e-05  -0.002235949028208977  0.11201355059806117  -0.011146646840137733  0.03138851209564668  0.0005281403587297877  0.0032690872728612604  0.028241216737808685  -0.009761428814331813
-0.00023113219335374488  0.0015815503112712906  6.471915804287786e-05  -0.0008723812296965485  -0.011146646840137733  0.19230841880948582  0.0591700722653909  0.09313326066881064  -0.025133249126465116  -0.05867323837584045  -0.010751003413031975
0.0078022207942273075  0.0036311207319202517  -8.767594463620027e-05  -0.006333409667416779  0.031388512095646685  0.0591700722653909  0.8056926283440846  0.07654432462196949  -0.0036309050411105206  0.01181824807958704  0.047391107715264585
-0.0033989397726494007  -0.0005762712199913706  -4.768135644861462e-05  0.0009517255548323641  0.0005281403587297833  0.09313326066881066  0.07654432462196949  0.7586862433204671  -0.0650741390532457  0.040959970701573235  -0.055772376584743245
-0.00044441839313873237  -0.001013301949940294  -5.8871902591096955e-05  -0.010422799441068999  0.0032690872728612626  -0.025133249126465116  -0.0036309050411105154  -0.0650741390532457  0.5949357406749638  -0.004741457348175261  0.03095678126808416
-0.004057177585052974  -0.0018675616558313892  1.677111844737243e-05  -0.006835751229979804  0.028241216737808685  -0.058673238375840465  0.01181824807958705  0.04095997070157324  -0.0047414573481752605  0.6652254640473508  0.02584981957273898
0.0032717644206950794  0.0010536667148243867  2.7041230337949124e-05  0.0027032702440236145  -0.009761428814331825  -0.010751003413031994  0.04739110771526458  -0.05577237658474326  0.03095678126808418  0.02584981957273898  0.690067478636729
