#chebyshev_coefficients--c0 chebyshev_coefficients--c1 chebyshev_coefficients--c2 cosmological_parameters--omch2 cosmological_parameters--ombh2 cosmological_parameters--s_8_input intrinsic_alignment_parameters--a nofz_shifts--uncorr_bias_1 nofz_shifts--uncorr_bias_2 nofz_shifts--uncorr_bias_3 nofz_shifts--uncorr_bias_4 nofz_shifts--uncorr_bias_5
0.0003723158572517278  4.248374454113815e-05  2.572191208321378e-06  5.2197625350660285e-06  -1.1047723347833414e-06  0.00010701814927458369  0.0006787995509478719  -5.545493111117154e-05  0.0016265052735789166  -0.0020892953214674036  0.0002718469082010527  -0.0014032261264843567
4.248374454113816e-05  0.0007460446591774251  4.207947594676806e-05  1.3202447162477961e-05  2.3291643085892277e-06  0.000929905895366474  0.0005422161848748711  -0.0026934447432048095  0.0012898960498388579  0.0018897177896318002  0.0009719144836039032  -0.0009777461601603373
2.5721912083213817e-06  4.2079475946768055e-05  0.00015887040624229713  -4.171135739825117e-05  1.6173899890711414e-06  0.00041692254111162135  -0.00042850511905485173  0.00046849442690582007  -0.0001923596068471281  -0.0007717477079082094  0.0009465290195658329  0.0005042627982989966
5.219762535066025e-06  1.3202447162477968e-05  -4.171135739825115e-05  0.002935645804734622  -8.285158831952054e-06  -0.0021470391098796387  0.022807011726554645  -0.005191049645255223  0.0029865485530265854  0.0017564115087181473  0.0017494828953643652  -0.00447293733423579
-1.1047723347833412e-06  2.3291643085892264e-06  1.6173899890711412e-06  -8.285158831952056e-06  3.655667259283211e-06  -2.7997880705067718e-06  -6.137462130302961e-05  8.463913130074475e-05  2.964426646638082e-05  0.00027023392988480234  -4.34085932428972e-06  1.0291777314828398e-05
0.00010701814927458369  0.0009299058953664741  0.00041692254111162135  -0.0021470391098796387  -2.799788070506771e-06  0.01804620085934527  0.09496167462539834  0.017349445922863912  0.0038467007561990853  -0.005553614062731496  -0.006207409240094932  -0.004967758883797121
0.0006787995509478715  0.0005422161848748707  -0.0004285051190548518  0.02280701172655464  -6.13746213030296e-05  0.09496167462539834  2.168069715595098  0.10774483289462831  0.15323838546098567  -0.08113134745242337  -0.016094961573263435  -0.19831897436605522
-5.545493111117159e-05  -0.002693444743204809  0.0004684944269058201  -0.005191049645255224  8.463913130074473e-05  0.01734944592286391  0.10774483289462831  0.7867074566301635  0.05880284040102043  0.05803395509149081  -0.045916929236917925  -0.004448055037484134
0.0016265052735789163  0.001289896049838858  -0.00019235960684712815  0.0029865485530265845  2.9644266466380807e-05  0.003846700756199086  0.15323838546098562  0.058802840401020406  0.8995815974601526  -0.10676488924190061  -0.04342986034332722  -0.03360386588463631
-0.002089295321467404  0.0018897177896318002  -0.0007717477079082097  0.0017564115087181464  0.0002702339298848024  -0.005553614062731496  -0.08113134745242342  0.05803395509149081  -0.1067648892419006  0.9267751776858812  0.07022200025682884  0.07439385792839036
0.00027184690820105273  0.0009719144836039028  0.000946529019565833  0.0017494828953643652  -4.340859324289733e-06  -0.006207409240094932  -0.01609496157326344  -0.04591692923691791  -0.04342986034332722  0.07022200025682886  0.8048958138182616  -0.012635226635996075
-0.0014032261264843567  -0.000977746160160337  0.0005042627982989966  -0.004472937334235789  1.0291777314828408e-05  -0.004967758883797117  -0.19831897436605525  -0.004448055037484132  -0.03360386588463632  0.07439385792839039  -0.012635226635996076  0.8111898858783154
