    0.127053375720977768E+01   -0.431230158805847141E+00    0.183258146374831044E+01   -0.513654818311617447E+02   -0.531980632949100567E+02
    0.111679153919219964E+01   -0.427619786262512180E+00    0.183258146374831044E+01   -0.508990302864945434E+02   -0.527316117502428554E+02
    0.137037027359008778E+01   -0.489310665130615219E+00    0.183258146374831044E+01   -0.506942842546463694E+02   -0.525268657183946814E+02
    0.123811111927032469E+01   -0.471030254364013634E+00    0.183258146374831044E+01   -0.505021712827062856E+02   -0.523347527464545976E+02
    0.995027213096618679E+00   -0.421946854591369602E+00    0.183258146374831044E+01   -0.504302432428440710E+02   -0.522628247065923830E+02
    0.132791500568389886E+01   -0.495310206413269005E+00    0.183258146374831044E+01   -0.504015224699958537E+02   -0.522341039337441657E+02
    0.137862306118011468E+01   -0.514432377815246533E+00    0.183258146374831044E+01   -0.502409869319294629E+02   -0.520735683956777748E+02
    0.119928298473358153E+01   -0.482195563316345222E+00    0.183258146374831044E+01   -0.500431825871271840E+02   -0.518757640508754960E+02
    0.102900550842285154E+01   -0.448683018684387203E+00    0.183258146374831044E+01   -0.498693495052868698E+02   -0.517019309690351818E+02
    0.130616341114044188E+01   -0.518452448844909597E+00    0.183258146374831044E+01   -0.497749985669725064E+02   -0.516075800307208183E+02
    0.112730305671691888E+01   -0.476046128273010238E+00    0.183258146374831044E+01   -0.497537707698399316E+02   -0.515863522335882436E+02
    0.985409646034240749E+00   -0.442406578063964828E+00    0.183258146374831044E+01   -0.497366930861425871E+02   -0.515692745498908991E+02
    0.135169361114501951E+01   -0.701140303611755389E+00    0.183258146374831044E+01   -0.496574187428647207E+02   -0.514900002066130327E+02
    0.102766266345977786E+01   -0.461558790206909153E+00    0.183258146374831044E+01   -0.494409028263333141E+02   -0.512734842900816261E+02
    0.117221115112304686E+01   -0.506759543418884295E+00    0.183258146374831044E+01   -0.491798107827462871E+02   -0.510123922464945991E+02
    0.100570424079895027E+01   -0.463402481079101536E+00    0.183258146374831044E+01   -0.491765934548487564E+02   -0.510091749185970684E+02
    0.115972052097320555E+01   -0.504092187881469700E+00    0.183258146374831044E+01   -0.491614137743750845E+02   -0.509939952381233965E+02
    0.113538358688354490E+01   -0.498413128852844223E+00    0.183258146374831044E+01   -0.491394536651934075E+02   -0.509720351289417195E+02
    0.135689371109008783E+01   -0.557793993949890154E+00    0.183258146374831044E+01   -0.491093669684882812E+02   -0.509419484322365932E+02
    0.103250172615051272E+01   -0.474431104660034186E+00    0.183258146374831044E+01   -0.490310440570246229E+02   -0.508636255207729349E+02
    0.104680200099945075E+01   -0.478842563629150397E+00    0.183258146374831044E+01   -0.490090997263059478E+02   -0.508416811900542598E+02
    0.105605893611907953E+01   -0.482260150909423813E+00    0.183258146374831044E+01   -0.489751527625727974E+02   -0.508077342263211094E+02
    0.106321614265441888E+01   -0.484304018020629889E+00    0.183258146374831044E+01   -0.489705995174017517E+02   -0.508031809811500636E+02
    0.123981931686401348E+01   -0.532165713310241650E+00    0.183258146374831044E+01   -0.489547864608440264E+02   -0.507873679245923384E+02
    0.121097546100616449E+01   -0.525422949790954608E+00    0.183258146374831044E+01   -0.489240632936259985E+02   -0.507566447573743105E+02
    0.104774327754974372E+01   -0.481882710456848107E+00    0.183258146374831044E+01   -0.489079180099419446E+02   -0.507404994736902566E+02
    0.105125189304351796E+01   -0.485015387535095210E+00    0.183258146374831044E+01   -0.488278300935152956E+02   -0.506604115572636076E+02
    0.111628566265106199E+01   -0.502927012443542432E+00    0.183258146374831044E+01   -0.488213729989306131E+02   -0.506539544626789251E+02
    0.115774262428283681E+01   -0.620141620635986324E+00    0.183258146374831044E+01   -0.487798894370733365E+02   -0.506124709008216485E+02
    0.135626574039459213E+01   -0.570810408592224094E+00    0.183258146374831044E+01   -0.487564944498116830E+02   -0.505890759135599950E+02
    0.128948066711425779E+01   -0.552433438301086377E+00    0.183258146374831044E+01   -0.487564100325784437E+02   -0.505889914963267557E+02
    0.997755341529846129E+00   -0.472280092239379889E+00    0.183258146374831044E+01   -0.487545391549996197E+02   -0.505871206187479316E+02
    0.126096070289611806E+01   -0.544928116798400808E+00    0.183258146374831044E+01   -0.487462576809167132E+02   -0.505788391446650252E+02
    0.986933403015136657E+00   -0.471170468330383285E+00    0.183258146374831044E+01   -0.486785603146957015E+02   -0.505111417784440135E+02
    0.103585479736328123E+01   -0.486796493530273433E+00    0.183258146374831044E+01   -0.485996041994882049E+02   -0.504321856632365169E+02
    0.136115255832672100E+01   -0.578965587615966726E+00    0.183258146374831044E+01   -0.485684895038319056E+02   -0.504010709675802175E+02
    0.106330955505371083E+01   -0.496318478584289513E+00    0.183258146374831044E+01   -0.485305008580241903E+02   -0.503630823217725023E+02
    0.125811527252197264E+01   -0.551691193580627459E+00    0.183258146374831044E+01   -0.485171249943408753E+02   -0.503497064580891873E+02
    0.120876136302948001E+01   -0.538367385864257808E+00    0.183258146374831044E+01   -0.484972777920645512E+02   -0.503298592558128632E+02
    0.105308659553527839E+01   -0.494375796318054173E+00    0.183258146374831044E+01   -0.484943845837608052E+02   -0.503269660475091172E+02
    0.106928153514862068E+01   -0.583327503204345676E+00    0.183258146374831044E+01   -0.483877552413686587E+02   -0.502203367051169707E+02
    0.128121986865997295E+01   -0.665994925498962331E+00    0.183258146374831044E+01   -0.483672420180947142E+02   -0.501998234818430262E+02
    0.101020482063293460E+01   -0.486079425811767551E+00    0.183258146374831044E+01   -0.483364074032002264E+02   -0.501689888669485384E+02
    0.128443894863128660E+01   -0.566530818939208980E+00    0.183258146374831044E+01   -0.482926393115161048E+02   -0.501252207752644168E+02
    0.131010435104370115E+01   -0.577406091690063406E+00    0.183258146374831044E+01   -0.481891892348181727E+02   -0.500217706985664847E+02
    0.120298991680145262E+01   -0.546712298393249529E+00    0.183258146374831044E+01   -0.481679808027155758E+02   -0.500005622664638878E+02
    0.101734076023101805E+01   -0.492810745239257775E+00    0.183258146374831044E+01   -0.481438378671938594E+02   -0.499764193309421714E+02
    0.100864723205566409E+01   -0.491352386474609326E+00    0.183258146374831044E+01   -0.480973725687413847E+02   -0.499299540324896967E+02
    0.103751516819000233E+01   -0.501170868873596187E+00    0.183258146374831044E+01   -0.480458970189976711E+02   -0.498784784827459831E+02
    0.103751516819000233E+01   -0.501170868873596187E+00    0.183258146374831044E+01   -0.480458970189976711E+02   -0.498784784827459831E+02
    0.135761526107788066E+01   -0.597989053726196262E+00    0.183258146374831044E+01   -0.479955870841690313E+02   -0.498281685479173433E+02
    0.135761526107788066E+01   -0.597989053726196262E+00    0.183258146374831044E+01   -0.479955870841690313E+02   -0.498281685479173433E+02
    0.106073163032531737E+01   -0.510254926681518506E+00    0.183258146374831044E+01   -0.479599574175222543E+02   -0.497925388812705663E+02
    0.995190386772155766E+00   -0.490620942115783665E+00    0.183258146374831044E+01   -0.479571676543007044E+02   -0.497897491180490164E+02
    0.995190386772155766E+00   -0.490620942115783665E+00    0.183258146374831044E+01   -0.479571676543007044E+02   -0.497897491180490164E+02
    0.107744491577148427E+01   -0.515859098434448216E+00    0.183258146374831044E+01   -0.479372043802350021E+02   -0.497697858439833141E+02
    0.101568913936614980E+01   -0.559772915840148877E+00    0.183258146374831044E+01   -0.479351965372342903E+02   -0.497677780009826023E+02
    0.101568913936614980E+01   -0.559772915840148877E+00    0.183258146374831044E+01   -0.479351965372342903E+02   -0.497677780009826023E+02
    0.132664535522460936E+01   -0.680186171531677264E+00    0.183258146374831044E+01   -0.479349636372960717E+02   -0.497675451010443837E+02
    0.132664535522460936E+01   -0.680186171531677264E+00    0.183258146374831044E+01   -0.479349636372960717E+02   -0.497675451010443837E+02
    0.133398409366607651E+01   -0.593040938377380367E+00    0.183258146374831044E+01   -0.479332511986644576E+02   -0.497658326624127696E+02
    0.101620281219482411E+01   -0.498261208534240718E+00    0.183258146374831044E+01   -0.479018472076058828E+02   -0.497344286713541948E+02
    0.116867638111114491E+01   -0.544370241165161084E+00    0.183258146374831044E+01   -0.478992105678054187E+02   -0.497317920315537307E+02
    0.133870041847228993E+01   -0.596159954071044940E+00    0.183258146374831044E+01   -0.478829123272227335E+02   -0.497154937909710455E+02
    0.133870041847228993E+01   -0.596159954071044940E+00    0.183258146374831044E+01   -0.478829123272227335E+02   -0.497154937909710455E+02
    0.124848030090332029E+01   -0.649576802253723162E+00    0.183258146374831044E+01   -0.478821655048933366E+02   -0.497147469686416486E+02
    0.124848030090332029E+01   -0.649576802253723162E+00    0.183258146374831044E+01   -0.478821655048933366E+02   -0.497147469686416486E+02
    0.118186040401458725E+01   -0.549559564590454075E+00    0.183258146374831044E+01   -0.478574001301491165E+02   -0.496899815938974285E+02
    0.103564680099487294E+01   -0.505625123977661128E+00    0.183258146374831044E+01   -0.478411221068107437E+02   -0.496737035705590557E+02
    0.106861823081970209E+01   -0.516253156661987234E+00    0.183258146374831044E+01   -0.478175306010983761E+02   -0.496501120648466880E+02
    0.133342133045196531E+01   -0.598026366233825657E+00    0.183258146374831044E+01   -0.477803209435043286E+02   -0.496129024072526406E+02
    0.114586380004882815E+01   -0.541783375740051198E+00    0.183258146374831044E+01   -0.477454897441558899E+02   -0.495780712079042019E+02
    0.114586380004882815E+01   -0.541783375740051198E+00    0.183258146374831044E+01   -0.477454897441558899E+02   -0.495780712079042019E+02
    0.123380561351776108E+01   -0.569090409278869558E+00    0.183258146374831044E+01   -0.477334039818845710E+02   -0.495659854456328830E+02
    0.988030247688293395E+00   -0.493609805107116661E+00    0.183258146374831044E+01   -0.477326719132885557E+02   -0.495652533770368677E+02
    0.127546487331390379E+01   -0.582889218330383319E+00    0.183258146374831044E+01   -0.477012289136661494E+02   -0.495338103774144614E+02
    0.118219552516937254E+01   -0.622294874191284153E+00    0.183258146374831044E+01   -0.476817940156611257E+02   -0.495143754794094377E+02
    0.118219552516937254E+01   -0.622294874191284153E+00    0.183258146374831044E+01   -0.476817940156611257E+02   -0.495143754794094377E+02
    0.101328411579132083E+01   -0.502740020751953121E+00    0.183258146374831044E+01   -0.476760091851134362E+02   -0.495085906488617482E+02
    0.104014652252197259E+01   -0.511386985778808589E+00    0.183258146374831044E+01   -0.476627050519920559E+02   -0.494952865157403679E+02
    0.124985545158386224E+01   -0.576386280059814404E+00    0.183258146374831044E+01   -0.476575030537217685E+02   -0.494900845174700805E+02
    0.124985545158386224E+01   -0.576386280059814404E+00    0.183258146374831044E+01   -0.476575030537217685E+02   -0.494900845174700805E+02
    0.118831410884857180E+01   -0.557640261650085400E+00    0.183258146374831044E+01   -0.476484854157566460E+02   -0.494810668795049580E+02
    0.103990762710571283E+01   -0.511952991485595699E+00    0.183258146374831044E+01   -0.476368122036944683E+02   -0.494693936674427803E+02
    0.103990762710571283E+01   -0.511952991485595699E+00    0.183258146374831044E+01   -0.476368122036944683E+02   -0.494693936674427803E+02
    0.108068430900573720E+01   -0.526237411499023366E+00    0.183258146374831044E+01   -0.475747839477720760E+02   -0.494073654115203880E+02
    0.108068430900573720E+01   -0.526237411499023366E+00    0.183258146374831044E+01   -0.475747839477720760E+02   -0.494073654115203880E+02
    0.133705375671386717E+01   -0.606263608932495091E+00    0.183258146374831044E+01   -0.475711543722167818E+02   -0.494037358359650938E+02
    0.133705375671386717E+01   -0.606263608932495091E+00    0.183258146374831044E+01   -0.475711543722167818E+02   -0.494037358359650938E+02
    0.117275991916656497E+01   -0.617333478927612256E+00    0.183258146374831044E+01   -0.475388605976536880E+02   -0.493714420614020000E+02
    0.117275991916656497E+01   -0.617333478927612256E+00    0.183258146374831044E+01   -0.475388605976536880E+02   -0.493714420614020000E+02
    0.103147950649261477E+01   -0.563055725097656223E+00    0.183258146374831044E+01   -0.475370435904726492E+02   -0.493696250542209611E+02
    0.103147950649261477E+01   -0.563055725097656223E+00    0.183258146374831044E+01   -0.475370435904726492E+02   -0.493696250542209611E+02
    0.132412050247192381E+01   -0.603818960189819287E+00    0.183258146374831044E+01   -0.475247351457092648E+02   -0.493573166094575768E+02
    0.132412050247192381E+01   -0.603818960189819287E+00    0.183258146374831044E+01   -0.475247351457092648E+02   -0.493573166094575768E+02
    0.126083889484405498E+01   -0.584139080047607395E+00    0.183258146374831044E+01   -0.475209465210804041E+02   -0.493535279848287161E+02
    0.126083889484405498E+01   -0.584139080047607395E+00    0.183258146374831044E+01   -0.475209465210804041E+02   -0.493535279848287161E+02
    0.130677314281463608E+01   -0.668085904121398899E+00    0.183258146374831044E+01   -0.474963679438879254E+02   -0.493289494076362374E+02
    0.130677314281463608E+01   -0.668085904121398899E+00    0.183258146374831044E+01   -0.474963679438879254E+02   -0.493289494076362374E+02
    0.127034504890441879E+01   -0.589354510307312007E+00    0.183258146374831044E+01   -0.474523586993437902E+02   -0.492849401630921022E+02
    0.127034504890441879E+01   -0.589354510307312007E+00    0.183258146374831044E+01   -0.474523586993437902E+02   -0.492849401630921022E+02
    0.134200575828552227E+01   -0.680938692092895481E+00    0.183258146374831044E+01   -0.474499920030594069E+02   -0.492825734668077189E+02
    0.134200575828552227E+01   -0.680938692092895481E+00    0.183258146374831044E+01   -0.474499920030594069E+02   -0.492825734668077189E+02
    0.130076628208160394E+01   -0.599036855697631765E+00    0.183258146374831044E+01   -0.474496342569201701E+02   -0.492822157206684821E+02
    0.130076628208160394E+01   -0.599036855697631765E+00    0.183258146374831044E+01   -0.474496342569201701E+02   -0.492822157206684821E+02
    0.124752319335937489E+01   -0.582594890594482440E+00    0.183258146374831044E+01   -0.474387516284106567E+02   -0.492713330921589687E+02
    0.124752319335937489E+01   -0.582594890594482440E+00    0.183258146374831044E+01   -0.474387516284106567E+02   -0.492713330921589687E+02
    0.117391393661499022E+01   -0.559983892440795827E+00    0.183258146374831044E+01   -0.474170181352536417E+02   -0.492495995990019537E+02
    0.133949859619140610E+01   -0.614070696830749441E+00    0.183258146374831044E+01   -0.473697175036933871E+02   -0.492022989674416991E+02
    0.133949859619140610E+01   -0.614070696830749441E+00    0.183258146374831044E+01   -0.473697175036933871E+02   -0.492022989674416991E+02
    0.102333171844482429E+01   -0.513516492843627881E+00    0.183258146374831044E+01   -0.473634353301201401E+02   -0.491960167938684521E+02
    0.102333171844482429E+01   -0.513516492843627881E+00    0.183258146374831044E+01   -0.473634353301201401E+02   -0.491960167938684521E+02
    0.111331108093261721E+01   -0.592607159614563006E+00    0.183258146374831044E+01   -0.473439545364651835E+02   -0.491765360002134955E+02
    0.111331108093261721E+01   -0.592607159614563006E+00    0.183258146374831044E+01   -0.473439545364651835E+02   -0.491765360002134955E+02
    0.131221018314361570E+01   -0.606718964576721143E+00    0.183258146374831044E+01   -0.473318340530653856E+02   -0.491644155168136976E+02
    0.131221018314361570E+01   -0.606718964576721143E+00    0.183258146374831044E+01   -0.473318340530653856E+02   -0.491644155168136976E+02
    0.135533848285675029E+01   -0.620491070747375417E+00    0.183258146374831044E+01   -0.473315143878157798E+02   -0.491640958515640918E+02
    0.135533848285675029E+01   -0.620491070747375417E+00    0.183258146374831044E+01   -0.473315143878157798E+02   -0.491640958515640918E+02
    0.124882586479186997E+01   -0.587892289161682124E+00    0.183258146374831044E+01   -0.472893282448603500E+02   -0.491219097086086620E+02
    0.124882586479186997E+01   -0.587892289161682124E+00    0.183258146374831044E+01   -0.472893282448603500E+02   -0.491219097086086620E+02
    0.104285672187805178E+01   -0.565058917999267551E+00    0.183258146374831044E+01   -0.472813561283206241E+02   -0.491139375920689361E+02
    0.104285672187805178E+01   -0.565058917999267551E+00    0.183258146374831044E+01   -0.472813561283206241E+02   -0.491139375920689361E+02
    0.121158936500549319E+01   -0.577024073600769016E+00    0.183258146374831044E+01   -0.472557980891122611E+02   -0.490883795528605731E+02
    0.121158936500549319E+01   -0.577024073600769016E+00    0.183258146374831044E+01   -0.472557980891122611E+02   -0.490883795528605731E+02
    0.130778537273406981E+01   -0.608339233398437429E+00    0.183258146374831044E+01   -0.472459290470590503E+02   -0.490785105108073623E+02
    0.130778537273406981E+01   -0.608339233398437429E+00    0.183258146374831044E+01   -0.472459290470590503E+02   -0.490785105108073623E+02
    0.131687970638275131E+01   -0.668392629623413059E+00    0.183258146374831044E+01   -0.472308310972281191E+02   -0.490634125609764311E+02
    0.131687970638275131E+01   -0.668392629623413059E+00    0.183258146374831044E+01   -0.472308310972281191E+02   -0.490634125609764311E+02
    0.129932246685028074E+01   -0.661503572463989276E+00    0.183258146374831044E+01   -0.472136719985728206E+02   -0.490462534623211326E+02
    0.129932246685028074E+01   -0.661503572463989276E+00    0.183258146374831044E+01   -0.472136719985728206E+02   -0.490462534623211326E+02
    0.133290732383728017E+01   -0.617812819480895947E+00    0.183258146374831044E+01   -0.472083443885716321E+02   -0.490409258523199441E+02
    0.133290732383728017E+01   -0.617812819480895947E+00    0.183258146374831044E+01   -0.472083443885716321E+02   -0.490409258523199441E+02
    0.100871768474578860E+01   -0.512954230308532710E+00    0.183258146374831044E+01   -0.471996098843768408E+02   -0.490321913481251528E+02
    0.100871768474578860E+01   -0.512954230308532710E+00    0.183258146374831044E+01   -0.471996098843768408E+02   -0.490321913481251528E+02
    0.137524109363555902E+01   -0.631844825744628857E+00    0.183258146374831044E+01   -0.471992718798999533E+02   -0.490318533436482653E+02
    0.130881207466125482E+01   -0.610397977828979421E+00    0.183258146374831044E+01   -0.471980247163968585E+02   -0.490306061801451705E+02
    0.130881207466125482E+01   -0.610397977828979421E+00    0.183258146374831044E+01   -0.471980247163968585E+02   -0.490306061801451705E+02
    0.132301764965057367E+01   -0.615399451255798313E+00    0.183258146374831044E+01   -0.471871088822392721E+02   -0.490196903459875841E+02
    0.132301764965057367E+01   -0.615399451255798313E+00    0.183258146374831044E+01   -0.471871088822392721E+02   -0.490196903459875841E+02
    0.133214304924011229E+01   -0.673369379043579075E+00    0.183258146374831044E+01   -0.471812059709983700E+02   -0.490137874347466820E+02
    0.133214304924011229E+01   -0.673369379043579075E+00    0.183258146374831044E+01   -0.471812059709983700E+02   -0.490137874347466820E+02
    0.104325781345367430E+01   -0.524773044586181570E+00    0.183258146374831044E+01   -0.471786564176183347E+02   -0.490112378813666467E+02
    0.118866696834564212E+01   -0.618952627182006831E+00    0.183258146374831044E+01   -0.471616848274558933E+02   -0.489942662912042053E+02
    0.118866696834564212E+01   -0.618952627182006831E+00    0.183258146374831044E+01   -0.471616848274558933E+02   -0.489942662912042053E+02
    0.998590593338012700E+00   -0.546671981811523433E+00    0.183258146374831044E+01   -0.471427110039954869E+02   -0.489752924677437989E+02
    0.998590593338012700E+00   -0.546671981811523433E+00    0.183258146374831044E+01   -0.471427110039954869E+02   -0.489752924677437989E+02
    0.115976155281066884E+01   -0.607726020812988210E+00    0.183258146374831044E+01   -0.471401532751610688E+02   -0.489727347389093808E+02
    0.110650148868560794E+01   -0.546787829399108860E+00    0.183258146374831044E+01   -0.471315466347151499E+02   -0.489641280984634619E+02
    0.110650148868560794E+01   -0.546787829399108860E+00    0.183258146374831044E+01   -0.471315466347151499E+02   -0.489641280984634619E+02
    0.992053513526916508E+00   -0.509432215690612811E+00    0.183258146374831044E+01   -0.471247340333463356E+02   -0.489573154970946476E+02
    0.992053513526916508E+00   -0.509432215690612811E+00    0.183258146374831044E+01   -0.471247340333463356E+02   -0.489573154970946476E+02
    0.107770071506500242E+01   -0.537678141593933123E+00    0.183258146374831044E+01   -0.471205490339205468E+02   -0.489531304976688588E+02
    0.107770071506500242E+01   -0.537678141593933123E+00    0.183258146374831044E+01   -0.471205490339205468E+02   -0.489531304976688588E+02
    0.102559497833251956E+01   -0.556619710922241162E+00    0.183258146374831044E+01   -0.471163496888269719E+02   -0.489489311525752839E+02
    0.102559497833251956E+01   -0.556619710922241162E+00    0.183258146374831044E+01   -0.471163496888269719E+02   -0.489489311525752839E+02
    0.106239004611969001E+01   -0.532894511222839373E+00    0.183258146374831044E+01   -0.471122162537428153E+02   -0.489447977174911273E+02
    0.106239004611969001E+01   -0.532894511222839373E+00    0.183258146374831044E+01   -0.471122162537428153E+02   -0.489447977174911273E+02
    0.113130352973937987E+01   -0.555712885856628369E+00    0.183258146374831044E+01   -0.471055783749172505E+02   -0.489381598386655625E+02
    0.113130352973937987E+01   -0.555712885856628369E+00    0.183258146374831044E+01   -0.471055783749172505E+02   -0.489381598386655625E+02
    0.136007521629333494E+01   -0.682433671951293896E+00    0.183258146374831044E+01   -0.470986894463850660E+02   -0.489312709101333780E+02
    0.118881717205047610E+01   -0.575114579200744602E+00    0.183258146374831044E+01   -0.470892498023663109E+02   -0.489218312661146228E+02
    0.118881717205047610E+01   -0.575114579200744602E+00    0.183258146374831044E+01   -0.470892498023663109E+02   -0.489218312661146228E+02
    0.127929351806640623E+01   -0.651566047668457049E+00    0.183258146374831044E+01   -0.470678020887373378E+02   -0.489003835524856498E+02
    0.127929351806640623E+01   -0.651566047668457049E+00    0.183258146374831044E+01   -0.470678020887373378E+02   -0.489003835524856498E+02
    0.130984914779663075E+01   -0.616045327186584446E+00    0.183258146374831044E+01   -0.470569130726850560E+02   -0.488894945364333680E+02
    0.130984914779663075E+01   -0.616045327186584446E+00    0.183258146374831044E+01   -0.470569130726850560E+02   -0.488894945364333680E+02
    0.112228503704071048E+01   -0.554507179260253835E+00    0.183258146374831044E+01   -0.470500330058261014E+02   -0.488826144695744134E+02
    0.112228503704071048E+01   -0.554507179260253835E+00    0.183258146374831044E+01   -0.470500330058261014E+02   -0.488826144695744134E+02
    0.110714612483978270E+01   -0.549677867889404315E+00    0.183258146374831044E+01   -0.470446258958385712E+02   -0.488772073595868832E+02
    0.137893367290496816E+01   -0.639478917121887203E+00    0.183258146374831044E+01   -0.470395136006578269E+02   -0.488720950644061389E+02
    0.137540846347808832E+01   -0.638498611450195264E+00    0.183258146374831044E+01   -0.470352221164161932E+02   -0.488678035801645052E+02
    0.137540846347808832E+01   -0.638498611450195264E+00    0.183258146374831044E+01   -0.470352221164161932E+02   -0.488678035801645052E+02
    0.129798517704010008E+01   -0.613084335327148455E+00    0.183258146374831044E+01   -0.470327439658570583E+02   -0.488653254296053703E+02
    0.129798517704010008E+01   -0.613084335327148455E+00    0.183258146374831044E+01   -0.470327439658570583E+02   -0.488653254296053703E+02
    0.116528454303741458E+01   -0.569770140647888113E+00    0.183258146374831044E+01   -0.470185372177751404E+02   -0.488511186815234524E+02
    0.116528454303741458E+01   -0.569770140647888113E+00    0.183258146374831044E+01   -0.470185372177751404E+02   -0.488511186815234524E+02
    0.134516666412353514E+01   -0.629718585014343191E+00    0.183258146374831044E+01   -0.470066431170195571E+02   -0.488392245807678691E+02
    0.134516666412353514E+01   -0.629718585014343191E+00    0.183258146374831044E+01   -0.470066431170195571E+02   -0.488392245807678691E+02
    0.987270884513854918E+00   -0.540608258247375462E+00    0.183258146374831044E+01   -0.470020476350490739E+02   -0.488346290987973859E+02
    0.987270884513854918E+00   -0.540608258247375462E+00    0.183258146374831044E+01   -0.470020476350490739E+02   -0.488346290987973859E+02
    0.107353244304656981E+01   -0.539880199432372976E+00    0.183258146374831044E+01   -0.470017197621558935E+02   -0.488343012259042055E+02
    0.107353244304656981E+01   -0.539880199432372976E+00    0.183258146374831044E+01   -0.470017197621558935E+02   -0.488343012259042055E+02
    0.103541450977325433E+01   -0.527250380516052219E+00    0.183258146374831044E+01   -0.469998157715373566E+02   -0.488323972352856686E+02
    0.103541450977325433E+01   -0.527250380516052219E+00    0.183258146374831044E+01   -0.469998157715373566E+02   -0.488323972352856686E+02
    0.102701428413391116E+01   -0.555525918006896990E+00    0.183258146374831044E+01   -0.469955778253851975E+02   -0.488281592891335094E+02
    0.102701428413391116E+01   -0.555525918006896990E+00    0.183258146374831044E+01   -0.469955778253851975E+02   -0.488281592891335094E+02
    0.131194508552551259E+01   -0.619505114555358838E+00    0.183258146374831044E+01   -0.469877537667007346E+02   -0.488203352304490465E+02
    0.131194508552551259E+01   -0.619505114555358838E+00    0.183258146374831044E+01   -0.469877537667007346E+02   -0.488203352304490465E+02
    0.105590341567993162E+01   -0.566291112899780291E+00    0.183258146374831044E+01   -0.469875931862413054E+02   -0.488201746499896174E+02
    0.105590341567993162E+01   -0.566291112899780291E+00    0.183258146374831044E+01   -0.469875931862413054E+02   -0.488201746499896174E+02
    0.125078747749328612E+01   -0.639328761100768972E+00    0.183258146374831044E+01   -0.469848453267516319E+02   -0.488174267904999439E+02
    0.132067199230194077E+01   -0.665420098304748464E+00    0.183258146374831044E+01   -0.469844048762832500E+02   -0.488169863400315620E+02
    0.119306338310241689E+01   -0.580361266136169451E+00    0.183258146374831044E+01   -0.469797389977795774E+02   -0.488123204615278894E+02
    0.108904741287231444E+01   -0.545822424888610769E+00    0.183258146374831044E+01   -0.469773284539495677E+02   -0.488099099176978797E+02
    0.108904741287231444E+01   -0.545822424888610769E+00    0.183258146374831044E+01   -0.469773284539495677E+02   -0.488099099176978797E+02
    0.127324188232421864E+01   -0.647499747276306103E+00    0.183258146374831044E+01   -0.469741235522079847E+02   -0.488067050159562967E+02
    0.114688780784606936E+01   -0.565326352119445819E+00    0.183258146374831044E+01   -0.469705323076024754E+02   -0.488031137713507874E+02
    0.114688780784606936E+01   -0.565326352119445819E+00    0.183258146374831044E+01   -0.469705323076024754E+02   -0.488031137713507874E+02
    0.122773526191711424E+01   -0.630359287261962886E+00    0.183258146374831044E+01   -0.469670726151788074E+02   -0.487996540789271194E+02
    0.122773526191711424E+01   -0.630359287261962886E+00    0.183258146374831044E+01   -0.469670726151788074E+02   -0.487996540789271194E+02
    0.125461059093475336E+01   -0.601574106216430593E+00    0.183258146374831044E+01   -0.469602658711090939E+02   -0.487928473348574059E+02
    0.125461059093475336E+01   -0.601574106216430593E+00    0.183258146374831044E+01   -0.469602658711090939E+02   -0.487928473348574059E+02
    0.135362201213836664E+01   -0.634609003067016619E+00    0.183258146374831044E+01   -0.469578502923592822E+02   -0.487904317561075942E+02
    0.135362201213836664E+01   -0.634609003067016619E+00    0.183258146374831044E+01   -0.469578502923592822E+02   -0.487904317561075942E+02
    0.135534325122833232E+01   -0.635237188339233372E+00    0.183258146374831044E+01   -0.469565785736585468E+02   -0.487891600374068588E+02
    0.135534325122833232E+01   -0.635237188339233372E+00    0.183258146374831044E+01   -0.469565785736585468E+02   -0.487891600374068588E+02
    0.129281368732452373E+01   -0.614848775863647390E+00    0.183258146374831044E+01   -0.469467033879108797E+02   -0.487792848516591917E+02
    0.129281368732452373E+01   -0.614848775863647390E+00    0.183258146374831044E+01   -0.469467033879108797E+02   -0.487792848516591917E+02
    0.134359534263610825E+01   -0.632116265296935986E+00    0.183258146374831044E+01   -0.469386775201610860E+02   -0.487712589839093980E+02
    0.128858328342437733E+01   -0.652332897186279292E+00    0.183258146374831044E+01   -0.469332824253059400E+02   -0.487658638890542520E+02
    0.995056324005126891E+00   -0.516036362648010227E+00    0.183258146374831044E+01   -0.469225659510029587E+02   -0.487551474147512707E+02
    0.995056324005126891E+00   -0.516036362648010227E+00    0.183258146374831044E+01   -0.469225659510029587E+02   -0.487551474147512707E+02
    0.110947268486022943E+01   -0.554614157676696751E+00    0.183258146374831044E+01   -0.469192090112017723E+02   -0.487517904749500843E+02
    0.108333962440490716E+01   -0.546009202003479022E+00    0.183258146374831044E+01   -0.469142547225747535E+02   -0.487468361863230655E+02
    0.129923480033874506E+01   -0.618428511619567800E+00    0.183258146374831044E+01   -0.469130090386253755E+02   -0.487455905023736875E+02
    0.127650330543518065E+01   -0.610969634056091282E+00    0.183258146374831044E+01   -0.469095459538151403E+02   -0.487421274175634522E+02
    0.109102523803710927E+01   -0.548979372978210423E+00    0.183258146374831044E+01   -0.469030952307153939E+02   -0.487356766944637059E+02
    0.994192867279052761E+00   -0.516430730819702144E+00    0.183258146374831044E+01   -0.469000421115188857E+02   -0.487326235752671977E+02
    0.994192867279052761E+00   -0.516430730819702144E+00    0.183258146374831044E+01   -0.469000421115188857E+02   -0.487326235752671977E+02
    0.115483179569244387E+01   -0.570563001632690359E+00    0.183258146374831044E+01   -0.468995767426715418E+02   -0.487321582064198537E+02
    0.122031674861907957E+01   -0.593309087753295827E+00    0.183258146374831044E+01   -0.468812146073674967E+02   -0.487137960711158087E+02
    0.122031674861907957E+01   -0.593309087753295827E+00    0.183258146374831044E+01   -0.468812146073674967E+02   -0.487137960711158087E+02
    0.131284273147582997E+01   -0.624462218284606907E+00    0.183258146374831044E+01   -0.468800516366913769E+02   -0.487126331004396889E+02
    0.133145778656005853E+01   -0.631012363433837820E+00    0.183258146374831044E+01   -0.468737114190904833E+02   -0.487062928828387953E+02
    0.133145778656005853E+01   -0.631012363433837820E+00    0.183258146374831044E+01   -0.468737114190904833E+02   -0.487062928828387953E+02
    0.116826243877410874E+01   -0.576160712242126394E+00    0.183258146374831044E+01   -0.468718484076172786E+02   -0.487044298713655905E+02
    0.111989915847778310E+01   -0.560021777153015154E+00    0.183258146374831044E+01   -0.468671498479211124E+02   -0.486997313116694244E+02
    0.111989915847778310E+01   -0.560021777153015154E+00    0.183258146374831044E+01   -0.468671498479211124E+02   -0.486997313116694244E+02
    0.114674823760986322E+01   -0.569832987785339307E+00    0.183258146374831044E+01   -0.468483404438208524E+02   -0.486809219075691644E+02
    0.132751245975494370E+01   -0.631157774925231951E+00    0.183258146374831044E+01   -0.468430375170927746E+02   -0.486756189808410866E+02
    0.131611938953399643E+01   -0.660184235572814915E+00    0.183258146374831044E+01   -0.468410187871488617E+02   -0.486736002508971737E+02
    0.131611938953399643E+01   -0.660184235572814915E+00    0.183258146374831044E+01   -0.468410187871488617E+02   -0.486736002508971737E+02
    0.135271664142608627E+01   -0.639801831245422337E+00    0.183258146374831044E+01   -0.468403254389500674E+02   -0.486729069026983794E+02
    0.994072259679609327E+00   -0.518365427738454398E+00    0.183258146374831044E+01   -0.468384157385300384E+02   -0.486709972022783504E+02
    0.994072259679609327E+00   -0.518365427738454398E+00    0.183258146374831044E+01   -0.468384157385300384E+02   -0.486709972022783504E+02
    0.130715959548950189E+01   -0.625166339874267507E+00    0.183258146374831044E+01   -0.468250012356714649E+02   -0.486575826994197769E+02
    0.130715959548950189E+01   -0.625166339874267507E+00    0.183258146374831044E+01   -0.468250012356714649E+02   -0.486575826994197769E+02
    0.126424048423767088E+01   -0.610746259689331050E+00    0.183258146374831044E+01   -0.468226050691914253E+02   -0.486551865329397373E+02
    0.126424048423767088E+01   -0.610746259689331050E+00    0.183258146374831044E+01   -0.468226050691914253E+02   -0.486551865329397373E+02
    0.116868117332458499E+01   -0.578716988563537593E+00    0.183258146374831044E+01   -0.468138214100292700E+02   -0.486464028737775820E+02
    0.116868117332458499E+01   -0.578716988563537593E+00    0.183258146374831044E+01   -0.468138214100292700E+02   -0.486464028737775820E+02
    0.125807537259501045E+01   -0.637859504986556303E+00    0.183258146374831044E+01   -0.468111870905194536E+02   -0.486437685542677656E+02
    0.125807537259501045E+01   -0.637859504986556303E+00    0.183258146374831044E+01   -0.468111870905194536E+02   -0.486437685542677656E+02
    0.102636735916137689E+01   -0.530486531257629346E+00    0.183258146374831044E+01   -0.468072012618471121E+02   -0.486397827255954240E+02
    0.107701104164123529E+01   -0.570645470619201678E+00    0.183258146374831044E+01   -0.468048787293872266E+02   -0.486374601931355386E+02
    0.128609908103942860E+01   -0.647614974975585955E+00    0.183258146374831044E+01   -0.467926581797459562E+02   -0.486252396434942682E+02
    0.131358194828033437E+01   -0.629075999259948726E+00    0.183258146374831044E+01   -0.467912855206510088E+02   -0.486238669843993208E+02
    0.131692860603332518E+01   -0.658596153259277339E+00    0.183258146374831044E+01   -0.467818760587145945E+02   -0.486144575224629065E+02
    0.100963905334472659E+01   -0.525788707733154226E+00    0.183258146374831044E+01   -0.467797670980078379E+02   -0.486123485617561499E+02
    0.100963905334472659E+01   -0.525788707733154226E+00    0.183258146374831044E+01   -0.467797670980078379E+02   -0.486123485617561499E+02
    0.121759124279022202E+01   -0.597066612243652317E+00    0.183258146374831044E+01   -0.467776133455739185E+02   -0.486101948093222305E+02
    0.121759124279022202E+01   -0.597066612243652317E+00    0.183258146374831044E+01   -0.467776133455739185E+02   -0.486101948093222305E+02
    0.121287789821624759E+01   -0.595566339492797803E+00    0.183258146374831044E+01   -0.467754119453716157E+02   -0.486079934091199277E+02
    0.121287789821624759E+01   -0.595566339492797803E+00    0.183258146374831044E+01   -0.467754119453716157E+02   -0.486079934091199277E+02
    0.125402918338775615E+01   -0.609633727073669363E+00    0.183258146374831044E+01   -0.467751054075942392E+02   -0.486076868713425512E+02
    0.125402918338775615E+01   -0.609633727073669363E+00    0.183258146374831044E+01   -0.467751054075942392E+02   -0.486076868713425512E+02
    0.132325096607208237E+01   -0.660640068054199170E+00    0.183258146374831044E+01   -0.467740601781779901E+02   -0.486066416419263021E+02
    0.110394225597381590E+01   -0.558485455513000439E+00    0.183258146374831044E+01   -0.467713951484019859E+02   -0.486039766121502979E+02
    0.110394225597381590E+01   -0.558485455513000439E+00    0.183258146374831044E+01   -0.467713951484019859E+02   -0.486039766121502979E+02
    0.100428619861602786E+01   -0.524388904571533199E+00    0.183258146374831044E+01   -0.467684137022404371E+02   -0.486009951659887491E+02
    0.125124834060668944E+01   -0.609167189598083469E+00    0.183258146374831044E+01   -0.467659129161307092E+02   -0.485984943798790212E+02
    0.122777586460113519E+01   -0.601311440467834468E+00    0.183258146374831044E+01   -0.467626443277365169E+02   -0.485952257914848289E+02
    0.132224152565002440E+01   -0.634012026786804128E+00    0.183258146374831044E+01   -0.467557779851535997E+02   -0.485883594489019117E+02
    0.107126138687133787E+01   -0.567175812721252393E+00    0.183258146374831044E+01   -0.467552757898188460E+02   -0.485878572535671580E+02
    0.130547065577937893E+01   -0.653048996319577690E+00    0.183258146374831044E+01   -0.467462609547791672E+02   -0.485788424185274792E+02
    0.105324709892272939E+01   -0.542185683250427264E+00    0.183258146374831044E+01   -0.467461088948297530E+02   -0.485786903585780649E+02
    0.126929965496063213E+01   -0.616453523635864253E+00    0.183258146374831044E+01   -0.467458857392014693E+02   -0.485784672029497813E+02
    0.120016572952270506E+01   -0.592932696342468257E+00    0.183258146374831044E+01   -0.467421210067657213E+02   -0.485747024705140333E+02
    0.102579751491546634E+01   -0.532910747528076101E+00    0.183258146374831044E+01   -0.467416652288330994E+02   -0.485742466925814114E+02
    0.108520075132360283E+01   -0.553409308629997820E+00    0.183258146374831044E+01   -0.467415337495730583E+02   -0.485741152133213703E+02
    0.104184709072113035E+01   -0.538651413917541455E+00    0.183258146374831044E+01   -0.467372316102517402E+02   -0.485698130740000522E+02
    0.105223981326455385E+01   -0.542468370859238491E+00    0.183258146374831044E+01   -0.467323162034427000E+02   -0.485648976671910120E+02
    0.112917874336242674E+01   -0.569077248573303218E+00    0.183258146374831044E+01   -0.467312330651167400E+02   -0.485638145288650520E+02
    0.127281131625556743E+01   -0.618939297530866739E+00    0.183258146374831044E+01   -0.467244371393271720E+02   -0.485570186030754840E+02
    0.127281131625556743E+01   -0.618939297530866739E+00    0.183258146374831044E+01   -0.467244371393271720E+02   -0.485570186030754840E+02
    0.137861433506011943E+01   -0.678773207664489675E+00    0.183258146374831044E+01   -0.467232454289316124E+02   -0.485558268926799244E+02
    0.110382788869060211E+01   -0.578044882787121628E+00    0.183258146374831044E+01   -0.467206291213109495E+02   -0.485532105850592615E+02
    0.137157808720427932E+01   -0.675644235969652840E+00    0.183258146374831044E+01   -0.467120845067366020E+02   -0.485446659704849139E+02
    0.137740202426910385E+01   -0.655914707183837820E+00    0.183258146374831044E+01   -0.467103503709904331E+02   -0.485429318347387451E+02
    0.137740202426910385E+01   -0.655914707183837820E+00    0.183258146374831044E+01   -0.467103503709904331E+02   -0.485429318347387451E+02
    0.124392518747885328E+01   -0.610064252807762442E+00    0.183258146374831044E+01   -0.467073054842650066E+02   -0.485398869480133186E+02
    0.137076903339529466E+01   -0.654059185013528444E+00    0.183258146374831044E+01   -0.467044985095778244E+02   -0.485370799733261364E+02
    0.987539380466837535E+00   -0.534549647250075033E+00    0.183258146374831044E+01   -0.467031214263344410E+02   -0.485357028900827530E+02
    0.126527998924255369E+01   -0.636386556625366140E+00    0.183258146374831044E+01   -0.467022381695451756E+02   -0.485348196332934876E+02
    0.120606210708618167E+01   -0.597318787574768084E+00    0.183258146374831044E+01   -0.467019166697198855E+02   -0.485344981334681975E+02
    0.133117416381835918E+01   -0.660365242958068865E+00    0.183258146374831044E+01   -0.467014867436570853E+02   -0.485340682074053973E+02
    0.127825482368469223E+01   -0.622444672584533620E+00    0.183258146374831044E+01   -0.466996980514475197E+02   -0.485322795151958317E+02
    0.124816292215934310E+01   -0.612040639674744980E+00    0.183258146374831044E+01   -0.466996052662464365E+02   -0.485321867299947485E+02
    0.119932600612453610E+01   -0.612165370335524317E+00    0.183258146374831044E+01   -0.466993241567315422E+02   -0.485319056204798542E+02
    0.127126697558436841E+01   -0.620083954032473295E+00    0.183258146374831044E+01   -0.466988886984624045E+02   -0.485314701622107165E+02
    0.104478402614593513E+01   -0.541575736999511670E+00    0.183258146374831044E+01   -0.466984215523784272E+02   -0.485310030161267392E+02
    0.987603201101319605E+00   -0.521706499102441823E+00    0.183258146374831044E+01   -0.466975995960496206E+02   -0.485301810597979326E+02
    0.135577471733093247E+01   -0.668998737335205096E+00    0.183258146374831044E+01   -0.466957472536110245E+02   -0.485283287173593365E+02
    0.134838495587493146E+01   -0.647003096580810122E+00    0.183258146374831044E+01   -0.466955745971946996E+02   -0.485281560609430116E+02
    0.113188338174176639E+01   -0.572228085967181554E+00    0.183258146374831044E+01   -0.466919132150785359E+02   -0.485244946788268479E+02
    0.116688158988952639E+01   -0.584397358894348073E+00    0.183258146374831044E+01   -0.466916768888074429E+02   -0.485242583525557549E+02
    0.105956802845001219E+01   -0.560609669685363743E+00    0.183258146374831044E+01   -0.466911043262701355E+02   -0.485236857900184475E+02
    0.121146238327026357E+01   -0.599942560195922847E+00    0.183258146374831044E+01   -0.466905620353743984E+02   -0.485231434991227104E+02
    0.107381588703855746E+01   -0.552119275236027440E+00    0.183258146374831044E+01   -0.466905345615561984E+02   -0.485231160253045104E+02
    0.122969198763318688E+01   -0.606358385209707307E+00    0.183258146374831044E+01   -0.466892425795876562E+02   -0.485218240433359682E+02
    0.125504091262817363E+01   -0.615272397994995113E+00    0.183258146374831044E+01   -0.466875720809433901E+02   -0.485201535446917021E+02
    0.109993396282196043E+01   -0.561567111015319753E+00    0.183258146374831044E+01   -0.466846663250520280E+02   -0.485172477888003399E+02
    0.130770786285400376E+01   -0.650794119834899876E+00    0.183258146374831044E+01   -0.466833456921165535E+02   -0.485159271558648655E+02
    0.118981035747688013E+01   -0.593048214786698891E+00    0.183258146374831044E+01   -0.466815861754094072E+02   -0.485141676391577192E+02
    0.129457016468048081E+01   -0.645810027122497576E+00    0.183258146374831044E+01   -0.466798980048517151E+02   -0.485124794686000271E+02
    0.131047379195314906E+01   -0.651388691704627543E+00    0.183258146374831044E+01   -0.466768212520903774E+02   -0.485094027158386893E+02
    0.131803123170130587E+01   -0.638016129310146618E+00    0.183258146374831044E+01   -0.466765007170863484E+02   -0.485090821808346604E+02
    0.135646640374152527E+01   -0.651517688007052787E+00    0.183258146374831044E+01   -0.466748408375953190E+02   -0.485074223013436310E+02
    0.112137573242187494E+01   -0.569718260765075701E+00    0.183258146374831044E+01   -0.466743906934268438E+02   -0.485069721571751558E+02
    0.136170278072357176E+01   -0.653497214317321773E+00    0.183258146374831044E+01   -0.466730695085595002E+02   -0.485056509723078122E+02
    0.121272117121135903E+01   -0.615590741207723391E+00    0.183258146374831044E+01   -0.466721891439955598E+02   -0.485047706077438718E+02
    0.129573510169982908E+01   -0.630647273063659641E+00    0.183258146374831044E+01   -0.466719972395169975E+02   -0.485045787032653095E+02
    0.982385438511716558E+00   -0.531371651709065862E+00    0.183258146374831044E+01   -0.466716172314160076E+02   -0.485041986951643196E+02
    0.131082859516143779E+01   -0.635960311889648411E+00    0.183258146374831044E+01   -0.466713031656794826E+02   -0.485038846294277946E+02
    0.123553691387176512E+01   -0.623817701339721697E+00    0.183258146374831044E+01   -0.466711492102698244E+02   -0.485037306740181364E+02
    0.125049432457406051E+01   -0.629241372327442594E+00    0.183258146374831044E+01   -0.466710183109086358E+02   -0.485035997746569478E+02
    0.127291616225566839E+01   -0.637203508604595070E+00    0.183258146374831044E+01   -0.466684109172203989E+02   -0.485009923809687109E+02
    0.136335505614308317E+01   -0.654734270579556465E+00    0.183258146374831044E+01   -0.466660325976185817E+02   -0.484986140613668937E+02
    0.129024417877197251E+01   -0.643289680480957027E+00    0.183258146374831044E+01   -0.466656501174572327E+02   -0.484982315812055447E+02
    0.101270271002746637E+01   -0.532469255048008017E+00    0.183258146374831044E+01   -0.466631831467023090E+02   -0.484957646104506210E+02
    0.133164772601303594E+01   -0.644009229223174273E+00    0.183258146374831044E+01   -0.466626890247635231E+02   -0.484952704885118351E+02
    0.136872112948700009E+01   -0.671397013298393630E+00    0.183258146374831044E+01   -0.466620027126936279E+02   -0.484945841764419399E+02
    0.119774715122727593E+01   -0.609424282297122644E+00    0.183258146374831044E+01   -0.466610661237084869E+02   -0.484936475874567989E+02
    0.104898755494008888E+01   -0.545370513108596189E+00    0.183258146374831044E+01   -0.466607201628793788E+02   -0.484933016266276908E+02
    0.101506488800048822E+01   -0.542711157798767108E+00    0.183258146374831044E+01   -0.466589990641917254E+02   -0.484915805279400374E+02
    0.114351295702611599E+01   -0.589530923918508032E+00    0.183258146374831044E+01   -0.466582883184337831E+02   -0.484908697821820951E+02
    0.137302041530609120E+01   -0.658951683044433523E+00    0.183258146374831044E+01   -0.466577625989322939E+02   -0.484903440626806059E+02
    0.101011928262115602E+01   -0.532054146504118419E+00    0.183258146374831044E+01   -0.466561898870928857E+02   -0.484887713508411977E+02
    0.106388509750366200E+01   -0.550967116355896014E+00    0.183258146374831044E+01   -0.466558512294545338E+02   -0.484884326932028458E+02
    0.999467186927795348E+00   -0.528348751068115186E+00    0.183258146374831044E+01   -0.466556447630819591E+02   -0.484882262268302711E+02
    0.104284995079040521E+01   -0.552634210586547825E+00    0.183258146374831044E+01   -0.466550221698050649E+02   -0.484876036335533769E+02
    0.114189553103054364E+01   -0.578593713062249604E+00    0.183258146374831044E+01   -0.466527900089739305E+02   -0.484853714727222425E+02
    0.105576747614529864E+01   -0.548423646669791154E+00    0.183258146374831044E+01   -0.466520345113654926E+02   -0.484846159751138046E+02
    0.137473077049337400E+01   -0.660388109488488362E+00    0.183258146374831044E+01   -0.466503709465705114E+02   -0.484829524103188234E+02
    0.113577574025502370E+01   -0.576697621146549100E+00    0.183258146374831044E+01   -0.466500591026512907E+02   -0.484826405663996027E+02
    0.130122852802276601E+01   -0.645924229621887225E+00    0.183258146374831044E+01   -0.466494118011171821E+02   -0.484819932648654941E+02
    0.137343840257186933E+01   -0.660098460459867198E+00    0.183258146374831044E+01   -0.466490356645457283E+02   -0.484816171282940402E+02
    0.114376342773437489E+01   -0.579615898132324170E+00    0.183258146374831044E+01   -0.466488551125471744E+02   -0.484814365762954864E+02
    0.124509237790210570E+01   -0.625599012477719874E+00    0.183258146374831044E+01   -0.466487646961407449E+02   -0.484813461598890569E+02
    0.100782053439574004E+01   -0.531939445466273586E+00    0.183258146374831044E+01   -0.466473666268035814E+02   -0.484799480905518934E+02
    0.131930779543996168E+01   -0.641344722312220838E+00    0.183258146374831044E+01   -0.466473435145654918E+02   -0.484799249783138038E+02
    0.131479400196767315E+01   -0.650518214113314786E+00    0.183258146374831044E+01   -0.466464015256475761E+02   -0.484789829893958881E+02
    0.127933794782250576E+01   -0.637619011461266427E+00    0.183258146374831044E+01   -0.466452136645572182E+02   -0.484777951283055302E+02
    0.130168814036509684E+01   -0.645673005717131598E+00    0.183258146374831044E+01   -0.466452083676530691E+02   -0.484777898314013811E+02
    0.134979785644803596E+01   -0.662957173563196611E+00    0.183258146374831044E+01   -0.466448750638334886E+02   -0.484774565275818006E+02
    0.110521795400182188E+01   -0.566509727387981554E+00    0.183258146374831044E+01   -0.466443541392374073E+02   -0.484769356029857192E+02
    0.126510286808013905E+01   -0.632326025962829608E+00    0.183258146374831044E+01   -0.466436518109504021E+02   -0.484762332746987141E+02
    0.109925666663893673E+01   -0.564529206563650909E+00    0.183258146374831044E+01   -0.466431918399368399E+02   -0.484757733036851519E+02
    0.103462331771850580E+01   -0.541818208694457959E+00    0.183258146374831044E+01   -0.466425869296333317E+02   -0.484751683933816437E+02
    0.133287063121795635E+01   -0.656559963226318377E+00    0.183258146374831044E+01   -0.466421453411999423E+02   -0.484747268049482543E+02
    0.131321387491879404E+01   -0.649482244248148932E+00    0.183258146374831044E+01   -0.466420812161175746E+02   -0.484746626798658866E+02
    0.133755147933959950E+01   -0.658215661048889178E+00    0.183258146374831044E+01   -0.466419075911181906E+02   -0.484744890548665026E+02
    0.132155619144439695E+01   -0.652443451881408620E+00    0.183258146374831044E+01   -0.466417356929613405E+02   -0.484743171567096525E+02
    0.111891074657440193E+01   -0.579280395507812518E+00    0.183258146374831044E+01   -0.466415260333501038E+02   -0.484741074970984158E+02
    0.100379556400594350E+01   -0.531126316467981141E+00    0.183258146374831044E+01   -0.466406857123483576E+02   -0.484732671760966696E+02
    0.100478516101837156E+01   -0.531658954620361279E+00    0.183258146374831044E+01   -0.466388702457797848E+02   -0.484714517095280968E+02
    0.124624572277069090E+01   -0.616834254264831516E+00    0.183258146374831044E+01   -0.466383087848784967E+02   -0.484708902486268087E+02
    0.110662797414710279E+01   -0.574500887775161839E+00    0.183258146374831044E+01   -0.466381729964360829E+02   -0.484707544601843949E+02
    0.134563448330719604E+01   -0.651852983607669634E+00    0.183258146374831044E+01   -0.466379417138712071E+02   -0.484705231776195191E+02
    0.116326672190293401E+01   -0.587808282756487444E+00    0.183258146374831044E+01   -0.466368212459063400E+02   -0.484694027096546520E+02
    0.108650144761805678E+01   -0.566997849163671019E+00    0.183258146374831044E+01   -0.466362059248930052E+02   -0.484687873886413172E+02
    0.131153028488159173E+01   -0.640430636405944775E+00    0.183258146374831044E+01   -0.466342982809390278E+02   -0.484668797446873398E+02
    0.108666251974964334E+01   -0.561165090868146921E+00    0.183258146374831044E+01   -0.466338677655454816E+02   -0.484664492292937936E+02
    0.125244842657910938E+01   -0.626471949741019274E+00    0.183258146374831044E+01   -0.466330073176906126E+02   -0.484655887814389246E+02
    0.126559895809734035E+01   -0.631010839052108752E+00    0.183258146374831044E+01   -0.466318175997506543E+02   -0.484643990634989663E+02
    0.112930780662469776E+01   -0.581902990814790355E+00    0.183258146374831044E+01   -0.466314180703103105E+02   -0.484639995340586225E+02
    0.115462551593780516E+01   -0.585585136413574237E+00    0.183258146374831044E+01   -0.466310938170368274E+02   -0.484636752807851394E+02
    0.101374917394335196E+01   -0.535807593507426461E+00    0.183258146374831044E+01   -0.466308305211191438E+02   -0.484634119848674558E+02
    0.136363985564969825E+01   -0.659493921761080681E+00    0.183258146374831044E+01   -0.466306979517360745E+02   -0.484632794154843864E+02
    0.101242727467200511E+01   -0.539314310042765643E+00    0.183258146374831044E+01   -0.466299233441815488E+02   -0.484625048079298608E+02
    0.112808808095866042E+01   -0.581190572739344491E+00    0.183258146374831044E+01   -0.466296052155279810E+02   -0.484621866792762930E+02
    0.123467078251849571E+01   -0.614206875029831845E+00    0.183258146374831044E+01   -0.466292695285582894E+02   -0.484618509923066014E+02
    0.101156755308455137E+01   -0.535439528178407009E+00    0.183258146374831044E+01   -0.466283455728210399E+02   -0.484609270365693519E+02
    0.100769940182341999E+01   -0.537315955399913392E+00    0.183258146374831044E+01   -0.466281545530218082E+02   -0.484607360167701202E+02
    0.100001098499106811E+01   -0.531600717085989771E+00    0.183258146374831044E+01   -0.466270643693353932E+02   -0.484596458330837052E+02
    0.119641880520623500E+01   -0.601244521413784261E+00    0.183258146374831044E+01   -0.466266038013073896E+02   -0.484591852650557016E+02
    0.122393397250774849E+01   -0.615066120351335233E+00    0.183258146374831044E+01   -0.466265271513087214E+02   -0.484591086150570334E+02
    0.128516025651565657E+01   -0.632718701465094235E+00    0.183258146374831044E+01   -0.466265213639626381E+02   -0.484591028277109501E+02
    0.124775370217003800E+01   -0.619607501351789880E+00    0.183258146374831044E+01   -0.466259705149787962E+02   -0.484585519787271082E+02
    0.112652598788040637E+01   -0.576719818299792575E+00    0.183258146374831044E+01   -0.466256285658561254E+02   -0.484582100296044374E+02
    0.103491048242121675E+01   -0.546633375393477117E+00    0.183258146374831044E+01   -0.466253319879453159E+02   -0.484579134516936278E+02
    0.987998166268078570E+00   -0.529373983422422811E+00    0.183258146374831044E+01   -0.466249723226248776E+02   -0.484575537863731896E+02
    0.104281025409698480E+01   -0.547258944511413548E+00    0.183258146374831044E+01   -0.466249623663632349E+02   -0.484575438301115469E+02
    0.115670137268562701E+01   -0.587606014612243932E+00    0.183258146374831044E+01   -0.466249516342520494E+02   -0.484575330980003613E+02
    0.985344740304013644E+00   -0.528362375727673195E+00    0.183258146374831044E+01   -0.466248866369724624E+02   -0.484574681007207744E+02
    0.136753880533941508E+01   -0.665727612799830615E+00    0.183258146374831044E+01   -0.466246643524787174E+02   -0.484572458162270294E+02
    0.112814971500985428E+01   -0.577572008273830928E+00    0.183258146374831044E+01   -0.466246398594571119E+02   -0.484572213232054239E+02
    0.116661134296142177E+01   -0.594007611045030082E+00    0.183258146374831044E+01   -0.466246077564979728E+02   -0.484571892202462848E+02
    0.134239914036932118E+01   -0.656585278674715833E+00    0.183258146374831044E+01   -0.466241513205739224E+02   -0.484567327843222344E+02
    0.118384834976863607E+01   -0.597596020983059306E+00    0.183258146374831044E+01   -0.466238891060984315E+02   -0.484564705698467435E+02
    0.113546128584798822E+01   -0.580450290969220628E+00    0.183258146374831044E+01   -0.466238101312511191E+02   -0.484563915949994310E+02
    0.103446353892540355E+01   -0.544768727215851456E+00    0.183258146374831044E+01   -0.466237828449559188E+02   -0.484563643087042308E+02
    0.104885566242695027E+01   -0.551121244002602206E+00    0.183258146374831044E+01   -0.466236513325478299E+02   -0.484562327962961419E+02
    0.126753445060987846E+01   -0.629690984247497698E+00    0.183258146374831044E+01   -0.466235485488203310E+02   -0.484561300125686429E+02
    0.121605156816171034E+01   -0.611308400168268262E+00    0.183258146374831044E+01   -0.466234951973611444E+02   -0.484560766611094564E+02
    0.134138885741310743E+01   -0.655806344129504115E+00    0.183258146374831044E+01   -0.466233621528271769E+02   -0.484559436165754889E+02
    0.133919547717621668E+01   -0.654965873760889772E+00    0.183258146374831044E+01   -0.466232721123284435E+02   -0.484558535760767555E+02
    0.109213477128591641E+01   -0.566657356156122338E+00    0.183258146374831044E+01   -0.466232642535228905E+02   -0.484558457172712025E+02
    0.108171261719093414E+01   -0.561706574482835341E+00    0.183258146374831044E+01   -0.466232178824757071E+02   -0.484557993462240191E+02
    0.111850937330055578E+01   -0.574760455520051949E+00    0.183258146374831044E+01   -0.466231224582845343E+02   -0.484557039220328463E+02
    0.126531038761138914E+01   -0.628654069900512646E+00    0.183258146374831044E+01   -0.466230952766925171E+02   -0.484556767404408291E+02
    0.125031379631943151E+01   -0.623274192802018234E+00    0.183258146374831044E+01   -0.466230221130596618E+02   -0.484556035768079738E+02
    0.120395308854382943E+01   -0.605189660654639638E+00    0.183258146374831044E+01   -0.466229798007303557E+02   -0.484555612644786677E+02
    0.122358037330589231E+01   -0.613074154541439320E+00    0.183258146374831044E+01   -0.466223871077870626E+02   -0.484549685715353746E+02
    0.120031913446389127E+01   -0.604449238552780099E+00    0.183258146374831044E+01   -0.466224167099580313E+02   -0.484549981737063433E+02
    0.127243133544132836E+01   -0.629868140694843870E+00    0.183258146374831044E+01   -0.466226587922437474E+02   -0.484552402559920594E+02
    0.132587542172522821E+01   -0.649327105855437070E+00    0.183258146374831044E+01   -0.466226095828461951E+02   -0.484551910465945070E+02
    0.121447314758296332E+01   -0.610110483257422009E+00    0.183258146374831044E+01   -0.466225386244749487E+02   -0.484551200882232607E+02
