    0.617339611053466797E+00    0.684977591037750244E+00    0.573616802692413330E+00    0.410557746887207031E+00    0.863424658775329590E+00    0.451066255569458008E+00    0.857061982154846191E+00    0.210578262805938721E+00    0.400314033031463623E+00    0.268568694591522217E+00    0.100000000000000000E+01    0.000000000000000000E+00    0.395252516672997235-322
    0.661586940288543701E+00    0.593401014804840088E+00    0.978312313556671143E+00    0.965911448001861572E+00    0.398331344127655029E+00    0.678339660167694092E+00    0.297097504138946533E+00    0.298213362693786621E+00    0.312458276748657227E+00    0.130229711532592773E+00    0.402761005052830447-310    0.000000000000000000E+00    0.395252516672997235-322
    0.854879021644592285E+00    0.544446647167205811E+00    0.261490046977996826E+00    0.740372598171234131E+00    0.779410839080810547E+00    0.649428367614746094E-01    0.883400380611419678E+00    0.798401236534118652E+00    0.246098577976226807E+00    0.285196781158447266E+00    0.267585344697242917-296    0.107145955320985466-295    0.395252516672997235-322
    0.578275918960571289E+00    0.772886276245117188E+00    0.545508563518524170E+00    0.789635181427001953E+00    0.230142176151275635E+00    0.905322492122650146E+00    0.263082146644592285E+00    0.308367490768432617E+00    0.244753956794738770E-01    0.603022217750549316E+00    0.000000000000000000E+00    0.362861280255061566-311    0.395252516672997235-322
    0.684040069580078125E+00    0.631463050842285156E+00    0.453106343746185303E+00    0.921474099159240723E+00    0.416419208049774170E+00    0.114079475402832031E+00    0.992255151271820068E+00    0.644706726074218750E+00    0.223810374736785889E+00    0.547390639781951904E+00    0.476126271259490905-286    0.105463562533619265-309    0.395252516672997235-322
    0.836610734462738037E+00    0.311992824077606201E+00    0.668029367923736572E+00    0.913600385189056396E+00    0.548571646213531494E+00    0.791753709316253662E+00    0.415372252464294434E+00    0.763818740844726562E+00    0.325768291950225830E+00    0.882047235965728760E+00    0.000000000000000000E+00    0.000000000000000000E+00    0.395252516672997235-322
    0.360281467437744141E+00    0.258299469947814941E+00    0.411340117454528809E+00    0.944657683372497559E+00    0.222547292709350586E+00    0.783753395080566406E-02    0.150643587112426758E-01    0.456398785114288330E+00    0.769098877906799316E+00    0.634080588817596436E+00    0.000000000000000000E+00    0.138269429034015428-315    0.395252516672997235-322
    0.721187055110931396E+00    0.882101058959960938E-01    0.378903985023498535E+00    0.233825325965881348E+00    0.501931607723236084E+00    0.909068286418914795E+00    0.195899665355682373E+00    0.294237792491912842E+00    0.128475725650787354E+00    0.325196564197540283E+00    0.584142419401071510-301    0.732088632238008683-310    0.395252516672997235-322
    0.557887911796569824E+00    0.193072557449340820E+00    0.814113378524780273E+00    0.244362652301788330E+00    0.414619922637939453E+00    0.379242002964019775E+00    0.917432785034179688E+00    0.900384485721588135E+00    0.168049931526184082E-01    0.488532602787017822E+00    0.138265634609855367-315    0.107160830349143177-295    0.395252516672997235-322
    0.129417002201080322E+00    0.258290708065032959E+00    0.718116104602813721E+00    0.569572567939758301E+00    0.340219795703887939E+00    0.698720514774322510E+00    0.146833062171936035E-01    0.162078559398651123E+00    0.709995090961456299E+00    0.691492319107055664E+00   -0.166770271115232873E+02   -0.825670299281422615E+02    0.395252516672997235-322
    0.117117524147033691E+00    0.417599916458129883E+00    0.110876917839050293E+00    0.112771391868591309E-01    0.908289074897766113E+00    0.948229253292083740E+00    0.581855595111846924E+00    0.610157251358032227E+00    0.591067552566528320E+00    0.145380914211273193E+00   -0.169163071873784325E+02   -0.947184837085613544E+05    0.395252516672997235-322
    0.490874826908111572E+00    0.545290231704711914E+00    0.848106145858764648E-01    0.927110195159912109E+00    0.749274671077728271E+00    0.598711848258972168E+00    0.442467272281646729E+00    0.453092396259307861E+00    0.634271204471588135E+00    0.269356906414031982E+00    0.402761005052830447-310    0.000000000000000000E+00    0.395252516672997235-322
    0.221521198749542236E+00    0.600371837615966797E+00    0.870409667491912842E+00    0.738539040088653564E+00    0.457613229751586914E+00    0.455861091613769531E-01    0.196782112121582031E+00    0.431480288505554199E+00    0.284559369087219238E+00    0.437632262706756592E+00    0.267585344697242917-296    0.107145955320985466-295    0.395252516672997235-322
    0.750308752059936523E+00    0.475725233554840088E+00    0.710520744323730469E-01    0.458528876304626465E+00    0.659564733505249023E+00    0.138628900051116943E+00    0.273008584976196289E+00    0.913247585296630859E+00    0.276963651180267334E+00    0.921213686466217041E+00    0.000000000000000000E+00    0.362861280255061566-311    0.395252516672997235-322
    0.817513048648834229E+00    0.787780940532684326E+00    0.387361288070678711E+00    0.376275956630706787E+00    0.430545568466186523E+00    0.926361739635467529E+00    0.863875687122344971E+00    0.787164390087127686E+00    0.869342386722564697E+00    0.837856769561767578E+00    0.476126271259490905-286    0.105463562533619265-309    0.395252516672997235-322
    0.529035747051239014E+00    0.439061462879180908E+00    0.503390908241271973E+00    0.631078600883483887E+00    0.569073557853698730E-01    0.805052518844604492E+00    0.949434995651245117E+00    0.164828479290008545E+00    0.931106507778167725E+00    0.389184236526489258E+00    0.000000000000000000E+00    0.000000000000000000E+00    0.395252516672997235-322
    0.453416407108306885E+00    0.588745534420013428E+00    0.166376352310180664E+00    0.631953775882720947E+00    0.653850197792053223E+00    0.995474576950073242E+00    0.694948136806488037E+00    0.749322891235351562E+00    0.708809971809387207E+00    0.977375805377960205E+00   -0.242121411447571937E+02   -0.110381984182096375E+03    0.395252516672997235-322
    0.513768792152404785E+00    0.874392271041870117E+00    0.935119986534118652E-01    0.940277278423309326E+00    0.524580597877502441E+00    0.215471446514129639E+00    0.879510700702667236E+00    0.514165878295898438E+00    0.109767258167266846E+00    0.249527573585510254E+00    0.584142419401071510-301    0.732088632238008683-310    0.395252516672997235-322
    0.212721049785614014E+00    0.757033586502075195E+00    0.209374368190765381E+00    0.512619256973266602E+00    0.417785048484802246E-01    0.550102651119232178E+00    0.350375831127166748E+00    0.787341237068176270E+00    0.147589445114135742E+00    0.775397419929504395E+00    0.138265634609855367-315    0.107160830349143177-295    0.395252516672997235-322
    0.360372662544250488E+00    0.564941763877868652E+00    0.360861659049987793E+00    0.138024747371673584E+00    0.100897431373596191E+00    0.640004038810729980E+00    0.481540083885192871E+00    0.192138433456420898E+00    0.775247573852539062E+00    0.991019666194915771E+00   -0.162859244449916289E+02   -0.747057103489896974E+02    0.395252516672997235-322
    0.534927845001220703E-02    0.144023299217224121E-01    0.898028314113616943E+00    0.316972494125366211E+00    0.440883755683898926E+00    0.658907413482666016E+00    0.822688758373260498E+00    0.401124358177185059E-01    0.859870254993438721E+00    0.191584467887878418E+00   -0.169163071873784325E+02   -0.947184837085613544E+05    0.395252516672997235-322
    0.855462312698364258E+00    0.538258314132690430E+00    0.704168617725372314E+00    0.409634709358215332E-01    0.963509500026702881E+00    0.148580431938171387E+00    0.936654329299926758E+00    0.815892636775970459E+00    0.142652213573455811E+00    0.686501264572143555E-01    0.402761005052830447-310    0.000000000000000000E+00    0.395252516672997235-322
    0.508346378803253174E+00    0.703488230705261230E+00    0.895251512527465820E+00    0.222157716751098633E+00    0.437996268272399902E+00    0.361651778221130371E-01    0.919579386711120605E+00    0.950871765613555908E+00    0.827498376369476318E+00    0.992294609546661377E+00   -0.242121411447571937E+02   -0.110381984182096375E+03    0.395252516672997235-322
    0.833571553230285645E+00    0.907731354236602783E+00    0.627256691455841064E+00    0.203539848327636719E+00    0.290959239006042480E+00    0.227282226085662842E+00    0.908821523189544678E+00    0.137442529201507568E+00    0.345920026302337646E+00    0.237952113151550293E+00    0.000000000000000000E+00    0.362861280255061566-311    0.395252516672997235-322
    0.307550370693206787E+00    0.340024113655090332E+00    0.219102382659912109E+00    0.258480608463287354E+00    0.351143896579742432E+00    0.166163861751556396E+00    0.714900016784667969E+00    0.805594682693481445E+00    0.628000915050506592E+00    0.997777640819549561E+00   -0.242121411447571937E+02   -0.110381984182096375E+03    0.395252516672997235-322
    0.507030367851257324E+00    0.623326301574707031E-01    0.340713143348693848E+00    0.539316534996032715E-01    0.910499155521392822E+00    0.716612279415130615E+00    0.608469247817993164E+00    0.333192825317382812E+00    0.157077252864837646E+00    0.869618058204650879E+00    0.000000000000000000E+00    0.000000000000000000E+00    0.395252516672997235-322
    0.650962054729461670E+00    0.594144523143768311E+00    0.472821056842803955E+00    0.837820708751678467E+00    0.332867383956909180E+00    0.706236422061920166E+00    0.557098388671875000E+00    0.684165954589843750E-02    0.486739754676818848E+00    0.812047064304351807E+00   -0.173794457390270765E+02   -0.881143374422217960E+02    0.395252516672997235-322
    0.619342446327209473E+00    0.451401710510253906E+00    0.706493377685546875E+00    0.599041640758514404E+00    0.999185025691986084E+00    0.430684447288513184E+00    0.296808660030364990E+00    0.195094347000122070E-01    0.647554099559783936E+00    0.468175530433654785E+00    0.584142419401071510-301    0.732088632238008683-310    0.395252516672997235-322
    0.278747081756591797E-02    0.806991934776306152E+00    0.390607118606567383E-01    0.590884327888488770E+00    0.928780734539031982E+00    0.466881513595581055E+00    0.837704062461853027E+00    0.223450660705566406E-01    0.877034127712249756E+00    0.237330317497253418E+00    0.138265634609855367-315    0.107160830349143177-295    0.395252516672997235-322
    0.746002912521362305E+00    0.341224610805511475E+00    0.624023318290710449E+00    0.120813012123107910E+00    0.301803112030029297E+00    0.921329975128173828E+00    0.336475253105163574E+00    0.826611518859863281E-01    0.467047214508056641E+00    0.314409255981445312E+00   -0.162859244449916289E+02   -0.747057103489896974E+02    0.395252516672997235-322
    0.149857223033905029E+00    0.849468171596527100E+00    0.529911398887634277E+00    0.755484700202941895E-01    0.917146325111389160E+00    0.938045382499694824E+00    0.833444595336914062E+00    0.553412139415740967E+00    0.260941803455352783E+00    0.169611573219299316E-01   -0.169163071873784325E+02   -0.947184837085613544E+05    0.395252516672997235-322
    0.872883200645446777E-01    0.838022947311401367E+00    0.658705532550811768E+00    0.368400931358337402E+00    0.899667680263519287E+00    0.450591921806335449E+00    0.280999124050140381E+00    0.286733210086822510E+00    0.199245810508728027E-01    0.521733105182647705E+00    0.402761005052830447-310    0.000000000000000000E+00    0.395252516672997235-322
    0.815779566764831543E+00    0.903685569763183594E+00    0.513015270233154297E+00    0.292718470096588135E+00    0.959767103195190430E+00    0.775744438171386719E+00    0.945212066173553467E+00    0.353566586971282959E+00    0.264432966709136963E+00    0.250459313392639160E-01   -0.178223686650525224E+02   -0.266724163118866500E+03    0.395252516672997235-322
    0.311376273632049561E+00    0.470642864704132080E+00    0.158368945121765137E-01    0.318161487579345703E+00    0.303404629230499268E+00    0.287672162055969238E+00    0.903002619743347168E-01    0.932659924030303955E+00    0.587388277053833008E-01    0.239908099174499512E+00    0.000000000000000000E+00    0.362861280255061566-311    0.395252516672997235-322
    0.706042826175689697E+00    0.151472210884094238E+00    0.224187076091766357E+00    0.698045432567596436E+00    0.628410458564758301E+00    0.445148646831512451E+00    0.924175322055816650E+00    0.553824126720428467E+00    0.144355893135070801E-01    0.918641805648803711E+00   -0.158918767254663020E+02   -0.464085641270213364E+04    0.395252516672997235-322
    0.823596715927124023E-01    0.661968708038330078E+00    0.422506570816040039E+00    0.476550161838531494E+00    0.569600820541381836E+00    0.240388810634613037E+00    0.629459500312805176E+00    0.219623923301696777E+00    0.845720827579498291E+00    0.552302181720733643E+00    0.000000000000000000E+00    0.000000000000000000E+00    0.395252516672997235-322
    0.857040464878082275E+00    0.126784324645996094E+00    0.903304517269134521E+00    0.565704464912414551E+00    0.902400434017181396E+00    0.693972885608673096E+00    0.841695427894592285E+00    0.387062549591064453E+00    0.691087543964385986E+00    0.599784195423126221E+00   -0.181547906446611549E+02   -0.423843203174804876E+04    0.395252516672997235-322
    0.106206238269805908E+00    0.836503624916076660E+00    0.543067216873168945E+00    0.399289608001708984E+00    0.132794439792633057E+00    0.144357144832611084E+00    0.947353303432464600E+00    0.783348083496093750E-02    0.451532840728759766E+00    0.660808205604553223E+00    0.584142419401071510-301    0.732088632238008683-310    0.395252516672997235-322
    0.392161011695861816E-01    0.372734308242797852E+00    0.462861955165863037E+00    0.126200079917907715E+00    0.187464952468872070E+00    0.737849593162536621E+00    0.500335097312927246E+00    0.372190117835998535E+00    0.752857089042663574E+00    0.102818191051483154E+00    0.138265634609855367-315    0.107160830349143177-295    0.395252516672997235-322
    0.465676724910736084E+00    0.476803004741668701E+00    0.845981776714324951E+00    0.412621855735778809E+00    0.345297336578369141E+00    0.409396111965179443E+00    0.505916476249694824E-01    0.557655096054077148E-02    0.369848310947418213E+00    0.358802080154418945E+00   -0.162859244449916289E+02   -0.747057103489896974E+02    0.395252516672997235-322
    0.815305113792419434E+00    0.809111237525939941E+00    0.377546727657318115E+00    0.222757160663604736E+00    0.668660402297973633E+00    0.125859916210174561E+00    0.481889784336090088E+00    0.274945557117462158E+00    0.470350384712219238E+00    0.944270074367523193E+00   -0.169163071873784325E+02   -0.947184837085613544E+05    0.395252516672997235-322
    0.497183799743652344E-01    0.593518853187561035E+00    0.391400992870330811E+00    0.299633383750915527E+00    0.428082525730133057E+00    0.527379333972930908E+00    0.822083175182342529E+00    0.511097669601440430E+00    0.504852473735809326E+00    0.807929575443267822E+00    0.402761005052830447-310    0.000000000000000000E+00    0.395252516672997235-322
    0.172011017799377441E+00    0.914625763893127441E+00    0.836875081062316895E+00    0.997174382209777832E-01    0.953178763389587402E+00    0.951099634170532227E+00    0.601305603981018066E+00    0.411193907260894775E+00    0.962594628334045410E+00    0.322826564311981201E+00   -0.178223686650525224E+02   -0.266724163118866500E+03    0.395252516672997235-322
    0.126399159431457520E+00    0.203603982925415039E+00    0.655150651931762695E+00    0.457508802413940430E+00    0.762295603752136230E+00    0.776172101497650146E+00    0.568364202976226807E+00    0.448287725448608398E-01    0.489291906356811523E+00    0.662209987640380859E+00    0.000000000000000000E+00    0.362861280255061566-311    0.395252516672997235-322
    0.799246013164520264E+00    0.990439116954803467E+00    0.789491057395935059E+00    0.619302332401275635E+00    0.161383926868438721E+00    0.280346333980560303E+00    0.732553243637084961E+00    0.224055230617523193E+00    0.160600543022155762E+00    0.826678276062011719E-01   -0.158918767254663020E+02   -0.464085641270213364E+04    0.395252516672997235-322
    0.903930008411407471E+00    0.459459304809570312E+00    0.283403098583221436E+00    0.764625787734985352E+00    0.684083700180053711E-01    0.228489220142364502E+00    0.128461301326751709E+00    0.359713435173034668E-01    0.764027595520019531E+00    0.346574902534484863E+00    0.000000000000000000E+00    0.000000000000000000E+00    0.395252516672997235-322
    0.655319809913635254E+00    0.896848142147064209E+00    0.784422099590301514E+00    0.584804952144622803E+00    0.509200692176818848E+00    0.817911922931671143E+00    0.380483686923980713E+00    0.383520126342773438E-01    0.211005985736846924E+00    0.581610739231109619E+00   -0.181547906446611549E+02   -0.423843203174804876E+04    0.395252516672997235-322
    0.417601644992828369E+00    0.162876605987548828E+00    0.457754313945770264E+00    0.579947888851165771E+00    0.905467867851257324E+00    0.634872913360595703E-02    0.842045724391937256E+00    0.134605467319488525E+00    0.805394172668457031E+00    0.899547994136810303E+00    0.584142419401071510-301    0.732088632238008683-310    0.395252516672997235-322
    0.527617394924163818E+00    0.108570039272308350E+00    0.193120658397674561E+00    0.590577065944671631E+00    0.363136231899261475E+00    0.376092314720153809E+00    0.701064169406890869E+00    0.216373026371002197E+00    0.523651897907257080E+00    0.449091494083404541E+00    0.138265634609855367-315    0.107160830349143177-295    0.395252516672997235-322
    0.564454615116119385E+00    0.225307106971740723E+00    0.163091659545898438E+00    0.951775550842285156E+00    0.121465206146240234E+00    0.543962717056274414E-01    0.699200272560119629E+00    0.687541007995605469E+00    0.828868806362152100E+00    0.290965974330902100E+00   -0.162859244449916289E+02   -0.747057103489896974E+02    0.395252516672997235-322
    0.934540987014770508E+00    0.664023518562316895E+00    0.206851363182067871E+00    0.183123409748077393E+00    0.687137484550476074E+00    0.438976883888244629E-01    0.851857066154479980E+00    0.880184769630432129E-01    0.987171530723571777E+00    0.405589580535888672E+00   -0.169163071873784325E+02   -0.947184837085613544E+05    0.395252516672997235-322
    0.477495670318603516E+00    0.391389012336730957E+00    0.852765262126922607E+00    0.975632786750793457E+00    0.539927721023559570E+00    0.905365169048309326E+00    0.267218947410583496E+00    0.314974486827850342E+00    0.500866234302520752E+00    0.554377138614654541E+00    0.402761005052830447-310    0.000000000000000000E+00    0.395252516672997235-322
    0.758143544197082520E+00    0.760559439659118652E+00    0.289273619651794434E+00    0.280349731445312500E+00    0.885618627071380615E+00    0.955467879772186279E+00    0.983249187469482422E+00    0.733652114868164062E-01    0.673872232437133789E+00    0.936847984790802002E+00   -0.178223686650525224E+02   -0.266724163118866500E+03    0.395252516672997235-322
    0.207098841667175293E+00    0.826790750026702881E+00    0.834803521633148193E+00    0.439653515815734863E+00    0.642868995666503906E+00    0.737190246582031250E-03    0.653616309165954590E+00    0.742871522903442383E+00    0.335375070571899414E-01    0.480863332748413086E+00    0.000000000000000000E+00    0.362861280255061566-311    0.395252516672997235-322
    0.530746281147003174E+00    0.629908084869384766E+00    0.786685526371002197E+00    0.623219788074493408E+00    0.657061338424682617E+00    0.588463842868804932E+00    0.843896508216857910E+00    0.557096838951110840E+00    0.203421950340270996E+00    0.121745049953460693E+00   -0.158918767254663020E+02   -0.464085641270213364E+04    0.395252516672997235-322
    0.114454627037048340E-01    0.585569381713867188E+00    0.148372590541839600E+00    0.300811350345611572E+00    0.662138938903808594E+00    0.317713916301727295E+00    0.365418553352355957E+00    0.525127470493316650E+00    0.153039813041687012E+00    0.469065546989440918E+00    0.000000000000000000E+00    0.000000000000000000E+00    0.395252516672997235-322
    0.635565459728240967E+00    0.415687441825866699E+00    0.917656004428863525E+00    0.666210174560546875E+00    0.160619676113128662E+00    0.781494319438934326E+00    0.348198413848876953E-02    0.924908518791198730E-01    0.936130523681640625E+00    0.343623757362365723E-01   -0.181547906446611549E+02   -0.423843203174804876E+04    0.395252516672997235-322
    0.523533821105957031E+00    0.146209001541137695E-01    0.124409198760986328E+00    0.366456329822540283E+00    0.160875320434570312E-01    0.986331880092620850E+00    0.700184881687164307E+00    0.750645637512207031E+00    0.856429219245910645E+00    0.141780078411102295E+00    0.584142419401071510-301    0.732088632238008683-310    0.395252516672997235-322
    0.282269418239593506E+00    0.864736557006835938E+00    0.415602624416351318E+00    0.307107329368591309E+00    0.704525351524353027E+00    0.905234277248382568E+00    0.134468197822570801E+00    0.344737172126770020E+00    0.806247591972351074E+00    0.152560949325561523E+00    0.138265634609855367-315    0.107160830349143177-295    0.395252516672997235-322
    0.237768828868865967E+00    0.235779583454132080E+00    0.308917820453643799E+00    0.243454992771148682E+00    0.907907009124755859E+00    0.349932909011840820E-02    0.173275589942932129E+00    0.778674185276031494E+00    0.343515336513519287E+00    0.120588600635528564E+00   -0.162859244449916289E+02   -0.747057103489896974E+02    0.395252516672997235-322
    0.464085221290588379E+00    0.580692529678344727E+00    0.295454323291778564E+00    0.704751610755920410E-01    0.271782577037811279E+00    0.517380595207214355E+00    0.149984598159790039E+00    0.284927487373352051E-01    0.428374826908111572E+00    0.632131338119506836E+00   -0.169163071873784325E+02   -0.947184837085613544E+05    0.395252516672997235-322
    0.160771191120147705E+00    0.755159854888916016E-01    0.611835479736328125E+00    0.289433360099792480E+00    0.210954666137695312E+00    0.302213609218597412E+00    0.920452892780303955E+00    0.183034360408782959E+00    0.440974593162536621E+00    0.196687936782836914E+00    0.402761005052830447-310    0.000000000000000000E+00    0.395252516672997235-322
    0.433728337287902832E+00    0.337198972702026367E-01    0.213489234447479248E+00    0.612295567989349365E+00    0.160634279251098633E+00    0.144235968589782715E+00    0.928907811641693115E+00    0.990939736366271973E+00    0.971272408962249756E+00    0.265742182731628418E+00   -0.178223686650525224E+02   -0.266724163118866500E+03    0.395252516672997235-322
    0.721426665782928467E+00    0.816034257411956787E+00    0.853062272071838379E+00    0.618678212165832520E+00    0.475590229034423828E-01    0.796966552734375000E-01    0.208234548568725586E+00    0.513043344020843506E+00    0.822840213775634766E+00    0.803246736526489258E+00    0.000000000000000000E+00    0.362861280255061566-311    0.395252516672997235-322
    0.217506110668182373E+00    0.307698667049407959E+00    0.491577923297882080E+00    0.674603819847106934E+00    0.929292798042297363E+00    0.495531320571899414E+00    0.192489981651306152E+00    0.616901993751525879E+00    0.556000411510467529E+00    0.956797242164611816E+00   -0.158918767254663020E+02   -0.464085641270213364E+04    0.395252516672997235-322
    0.302887618541717529E+00    0.862508237361907959E+00    0.218602955341339111E+00    0.485500454902648926E+00    0.501450896263122559E+00    0.405827164649963379E+00    0.779279649257659912E+00    0.853674292564392090E+00    0.106427490711212158E+00    0.279957652091979980E+00    0.000000000000000000E+00    0.000000000000000000E+00    0.395252516672997235-322
    0.422712802886962891E+00    0.393022894859313965E+00    0.175660848617553711E+00    0.398197114467620850E+00    0.848831653594970703E+00    0.111676394939422607E+00    0.900525569915771484E+00    0.417049288749694824E+00    0.332232177257537842E+00    0.769715487957000732E+00   -0.181547906446611549E+02   -0.423843203174804876E+04    0.395252516672997235-322
    0.571536302566528320E+00    0.699296355247497559E+00    0.554337918758392334E+00    0.407788991928100586E+00    0.546504259109497070E-01    0.414161801338195801E+00    0.938922286033630371E+00    0.506505668163299561E+00    0.172516942024230957E+00    0.363309621810913086E+00   -0.174723680732243984E+02   -0.691344473683431033E+02    0.395252516672997235-322
    0.221464395523071289E+00    0.756886482238769531E+00    0.489310383796691895E+00    0.272310018539428711E+00    0.526329815387725830E+00    0.717328429222106934E+00    0.825177013874053955E+00    0.891510605812072754E+00    0.342305004596710205E+00    0.264688968658447266E+00   -0.174723680732243984E+02   -0.691344473683431033E+02    0.395252516672997235-322
    0.824218273162841797E+00    0.692149996757507324E+00    0.704455971717834473E-01    0.553699612617492676E+00    0.645021557807922363E+00    0.883457660675048828E+00    0.894227743148803711E+00    0.243323087692260742E+00    0.553318738937377930E+00    0.935464620590209961E+00   -0.162859244449916289E+02   -0.747057103489896974E+02    0.395252516672997235-322
    0.650194823741912842E+00    0.392552793025970459E+00    0.656900405883789062E+00    0.352266073226928711E+00    0.890939891338348389E+00    0.300984323024749756E+00    0.205147027969360352E+00    0.773518681526184082E+00    0.766359150409698486E+00    0.200353682041168213E+00   -0.169163071873784325E+02   -0.947184837085613544E+05    0.395252516672997235-322
    0.992151200771331787E+00    0.897443890571594238E+00    0.134795248508453369E+00    0.285942018032073975E+00    0.902038812637329102E-01    0.548232018947601318E+00    0.420801997184753418E+00    0.719386339187622070E-02    0.501769900321960449E+00    0.602123200893402100E+00    0.402761005052830447-310    0.000000000000000000E+00    0.395252516672997235-322
    0.931672096252441406E+00    0.386376321315765381E+00    0.670292258262634277E+00    0.594821393489837646E+00    0.245154678821563721E+00    0.303425192832946777E+00    0.570873856544494629E+00    0.391469836235046387E+00    0.703874230384826660E+00    0.186365425586700439E+00   -0.178223686650525224E+02   -0.266724163118866500E+03    0.395252516672997235-322
    0.591191053390502930E-01    0.634237349033355713E+00    0.740462362766265869E+00    0.610503137111663818E+00    0.629187226295471191E+00    0.130869567394256592E+00    0.872143864631652832E+00    0.203962326049804688E+00    0.340343892574310303E+00    0.762933492660522461E-01    0.000000000000000000E+00    0.362861280255061566-311    0.395252516672997235-322
    0.147180855274200439E+00    0.865262448787689209E+00    0.453739523887634277E+00    0.815133929252624512E+00    0.790486335754394531E+00    0.948466658592224121E+00    0.654349803924560547E+00    0.652411758899688721E+00    0.210237145423889160E+00    0.149995326995849609E+00   -0.158918767254663020E+02   -0.464085641270213364E+04    0.395252516672997235-322
    0.286733865737915039E+00    0.264341711997985840E+00    0.524597585201263428E+00    0.247342586517333984E-01    0.100657939910888672E+00    0.525728285312652588E+00    0.230962574481964111E+00    0.179617524147033691E+00    0.547890365123748779E+00    0.519312739372253418E+00    0.000000000000000000E+00    0.000000000000000000E+00    0.395252516672997235-322
    0.377486467361450195E+00    0.971949517726898193E+00    0.208536505699157715E+00    0.580864906311035156E+00    0.978503465652465820E+00    0.243694603443145752E+00    0.267370223999023438E+00    0.983911752700805664E-01    0.849009156227111816E+00    0.100392103195190430E-01   -0.181547906446611549E+02   -0.423843203174804876E+04    0.395252516672997235-322
    0.890280544757843018E+00    0.626633703708648682E+00    0.725054740905761719E+00    0.668958723545074463E+00    0.749143660068511963E+00    0.893615484237670898E-01    0.494341075420379639E+00    0.898547351360321045E+00    0.111353337764739990E+00    0.117848277091979980E+00   -0.171401291283341344E+02   -0.687570645603341859E+02    0.395252516672997235-322
    0.915396392345428467E+00    0.920685529708862305E+00    0.998809576034545898E+00    0.853953063488006592E+00    0.858069181442260742E+00    0.603913962841033936E+00    0.715929388999938965E+00    0.412614762783050537E+00    0.311709225177764893E+00    0.441003799438476562E+00   -0.172129780572480016E+02   -0.735227024862835208E+02    0.395252516672997235-322
    0.510261476039886475E+00    0.690345764160156250E+00    0.959066808223724365E+00    0.707117736339569092E+00    0.682761609554290771E+00    0.869246125221252441E+00    0.220755636692047119E+00    0.721352636814117432E+00    0.621580302715301514E+00    0.863967061042785645E+00   -0.174723680732243984E+02   -0.691344473683431033E+02    0.395252516672997235-322
    0.873960494995117188E+00    0.118249416351318359E+00    0.823497056961059570E+00    0.303651511669158936E+00    0.591903448104858398E+00    0.942555785179138184E+00    0.888879776000976562E+00    0.567252635955810547E-01    0.780335068702697754E-01    0.366638243198394775E+00   -0.169163071873784325E+02   -0.947184837085613544E+05    0.395252516672997235-322
    0.569811820983886719E+00    0.617500960826873779E+00    0.525267243385314941E+00    0.565223693847656250E-01    0.938581824302673340E-01    0.966543436050415039E+00    0.667986333370208740E+00    0.449652552604675293E+00    0.614744901657104492E+00    0.242878854274749756E+00    0.402761005052830447-310    0.000000000000000000E+00    0.395252516672997235-322
    0.588484287261962891E+00    0.476044774055480957E+00    0.657415151596069336E+00    0.524227380752563477E+00    0.757749736309051514E+00    0.533100545406341553E+00    0.975344479084014893E+00    0.246030509471893311E+00    0.479398548603057861E+00    0.186281740665435791E+00   -0.166770271115232873E+02   -0.825670299281422615E+02    0.395252516672997235-322
    0.994506418704986572E+00    0.536023497581481934E+00    0.797034025192260742E+00    0.673963427543640137E+00    0.217726051807403564E+00    0.105093240737915039E+00    0.817121326923370361E+00    0.559901595115661621E-01    0.879652500152587891E+00    0.978039026260375977E+00    0.000000000000000000E+00    0.362861280255061566-311    0.395252516672997235-322
    0.627820849418640137E+00    0.380984544754028320E-01    0.363706946372985840E+00    0.322649776935577393E+00    0.729255676269531250E+00    0.835547864437103271E+00    0.700284183025360107E+00    0.255919992923736572E+00    0.817075848579406738E+00    0.832121908664703369E+00   -0.158918767254663020E+02   -0.464085641270213364E+04    0.395252516672997235-322
    0.682580471038818359E-02    0.373890042304992676E+00    0.627059876918792725E+00    0.104450404644012451E+00    0.301866710186004639E+00    0.741163432598114014E+00    0.435969293117523193E+00    0.652829408645629883E+00    0.658134877681732178E+00    0.210604667663574219E-01    0.000000000000000000E+00    0.000000000000000000E+00    0.395252516672997235-322
    0.731500387191772461E+00    0.836628079414367676E-01    0.708679318428039551E+00    0.635639071464538574E+00    0.381375849246978760E+00    0.327216744422912598E+00    0.675503015518188477E-01    0.860262095928192139E+00    0.165481328964233398E+00    0.810736417770385742E-02   -0.181547906446611549E+02   -0.423843203174804876E+04    0.395252516672997235-322
    0.169375777244567871E+00    0.882131457328796387E+00    0.580196082592010498E+00    0.791626870632171631E+00    0.241788983345031738E+00    0.585219383239746094E+00    0.890049338340759277E-01    0.936180055141448975E+00    0.291410267353057861E+00    0.961031079292297363E+00   -0.171401291283341344E+02   -0.687570645603341859E+02    0.395252516672997235-322
    0.716771841049194336E+00    0.615965366363525391E+00    0.802997171878814697E+00    0.196541965007781982E+00    0.982396185398101807E+00    0.845542550086975098E-01    0.192691206932067871E+00    0.442340493202209473E+00    0.638559043407440186E+00    0.123233258724212646E+00   -0.172129780572480016E+02   -0.735227024862835208E+02    0.395252516672997235-322
    0.971436023712158203E+00    0.633228838443756104E+00    0.256178617477416992E+00    0.468022167682647705E+00    0.345417916774749756E+00    0.110034406185150146E+00    0.336213171482086182E+00    0.367287278175354004E+00    0.121968746185302734E+00    0.543115735054016113E+00   -0.176651652718964698E+02   -0.701552501153008734E+02    0.395252516672997235-322
    0.686791658401489258E+00    0.126057446002960205E+00    0.903168320655822754E-01    0.331605672836303711E+00    0.242928564548492432E+00    0.224054455757141113E-01    0.555812478065490723E+00    0.765057384967803955E+00    0.925549030303955078E+00    0.785763204097747803E+00   -0.169163071873784325E+02   -0.947184837085613544E+05    0.395252516672997235-322
    0.985905885696411133E+00    0.239908993244171143E+00    0.797418057918548584E+00    0.976203441619873047E+00    0.984601616859436035E+00    0.924552559852600098E+00    0.504851698875427246E+00    0.283097028732299805E-01    0.612705290317535400E+00    0.398878931999206543E+00   -0.166770271115232873E+02   -0.825670299281422615E+02    0.395252516672997235-322
    0.178211450576782227E+00    0.535772681236267090E+00    0.552722573280334473E+00    0.490647375583648682E+00    0.403209209442138672E+00    0.738202273845672607E+00    0.789993405342102051E-01    0.210786163806915283E+00    0.443919837474822998E+00    0.934984862804412842E+00   -0.156620289843315490E+02   -0.728473982808551170E+02    0.395252516672997235-322
    0.237073242664337158E+00    0.482387840747833252E+00    0.404840946197509766E+00    0.429426550865173340E+00    0.685262501239776611E+00    0.898718833923339844E-03    0.314229488372802734E+00    0.508921504020690918E+00    0.595955491065979004E+00    0.844390034675598145E+00    0.000000000000000000E+00    0.362861280255061566-311    0.395252516672997235-322
    0.503212213516235352E-01    0.752668559551239014E+00    0.454980015754699707E+00    0.635636329650878906E+00    0.509166538715362549E+00    0.867257952690124512E+00    0.936602056026458740E+00    0.228833079338073730E+00    0.617836773395538330E+00    0.636417448520660400E+00   -0.158918767254663020E+02   -0.464085641270213364E+04    0.395252516672997235-322
    0.215585529804229736E+00    0.307687819004058838E+00    0.469912469387054443E+00    0.681518018245697021E+00    0.997049808502197266E+00    0.441638827323913574E+00    0.322872519493103027E+00    0.576983869075775146E+00    0.503863096237182617E-01    0.790838837623596191E+00    0.000000000000000000E+00    0.000000000000000000E+00    0.395252516672997235-322
    0.422450304031372070E-01    0.110812187194824219E-01    0.922090351581573486E+00    0.816568613052368164E+00    0.820199251174926758E+00    0.659198284149169922E+00    0.933472156524658203E+00    0.295137524604797363E+00    0.148490428924560547E+00    0.989457190036773682E+00   -0.181547906446611549E+02   -0.423843203174804876E+04    0.395252516672997235-322
    0.462429046630859375E+00    0.281790435314178467E+00    0.833019375801086426E+00    0.587107002735137939E+00    0.188167870044708252E+00    0.297319889068603516E+00    0.242517471313476562E+00    0.580961465835571289E+00    0.578296482563018799E+00    0.152217626571655273E+00   -0.171401291283341344E+02   -0.687570645603341859E+02    0.395252516672997235-322
    0.384384691715240479E+00    0.185330927371978760E+00    0.974742531776428223E+00    0.500771224498748779E+00    0.307504773139953613E+00    0.704713582992553711E+00    0.652337014675140381E+00    0.658508300781250000E+00    0.584210455417633057E+00    0.456689000129699707E-01   -0.242121411447571937E+02   -0.110381984182096375E+03    0.395252516672997235-322
    0.195425629615783691E+00    0.556518435478210449E-01    0.536049067974090576E+00    0.967054724693298340E+00    0.485525727272033691E+00    0.785431325435638428E+00    0.768333137035369873E+00    0.364611685276031494E+00    0.421111524105072021E+00    0.567330479621887207E+00   -0.176651652718964698E+02   -0.701552501153008734E+02    0.395252516672997235-322
    0.482097268104553223E+00    0.233372509479522705E+00    0.736489117145538330E+00    0.548096060752868652E+00    0.212258815765380859E+00    0.688517630100250244E+00    0.634481787681579590E+00    0.194578409194946289E+00    0.233163714408874512E+00    0.784573078155517578E+00   -0.174723680732243984E+02   -0.691344473683431033E+02    0.395252516672997235-322
    0.973736882209777832E+00    0.771340727806091309E+00    0.879466533660888672E-01    0.677455306053161621E+00    0.635060489177703857E+00    0.113030195236206055E+00    0.317366480827331543E+00    0.992532372474670410E-01    0.422820568084716797E+00    0.166701793670654297E+00   -0.168256503052748556E+02   -0.805974690996762035E+02    0.395252516672997235-322
    0.265270292758941650E+00    0.228829085826873779E+00    0.685966014862060547E-01    0.528726577758789062E-01    0.947538614273071289E-01    0.952701151371002197E+00    0.688562095165252686E+00    0.546554803848266602E+00    0.314962923526763916E+00    0.806896686553955078E-01   -0.166770271115232873E+02   -0.825670299281422615E+02    0.395252516672997235-322
    0.618528604507446289E+00    0.274097800254821777E+00    0.899748325347900391E+00    0.333455801010131836E+00    0.470177829265594482E+00    0.618701696395874023E+00    0.806701242923736572E+00    0.622748732566833496E+00    0.715833544731140137E+00    0.312018275260925293E+00    0.000000000000000000E+00    0.362861280255061566-311    0.395252516672997235-322
    0.953422546386718750E+00    0.797765731811523438E+00    0.441757380962371826E+00    0.447610080242156982E+00    0.398470342159271240E+00    0.927101552486419678E+00    0.812406480312347412E+00    0.890202820301055908E+00    0.960568308830261230E+00    0.374689936637878418E+00   -0.158918767254663020E+02   -0.464085641270213364E+04    0.395252516672997235-322
    0.260641813278198242E+00    0.708839356899261475E+00    0.865780413150787354E+00    0.797993361949920654E+00    0.812979936599731445E+00    0.149338483810424805E+00    0.962959587574005127E+00    0.942805171012878418E+00    0.158904910087585449E+00    0.985467433929443359E-02    0.000000000000000000E+00    0.000000000000000000E+00    0.395252516672997235-322
    0.120715737342834473E+00    0.178937196731567383E+00    0.783849358558654785E-01    0.924351751804351807E+00    0.866810083389282227E-01    0.770616650581359863E+00    0.634109020233154297E+00    0.426592290401458740E+00    0.553662717342376709E+00    0.373125553131103516E+00   -0.181547906446611549E+02   -0.423843203174804876E+04    0.395252516672997235-322
    0.767398595809936523E+00    0.731608092784881592E+00    0.700808286666870117E+00    0.460834681987762451E+00    0.411168754100799561E+00    0.220745205879211426E+00    0.245046913623809814E+00    0.307966411113739014E+00    0.886522531509399414E-01    0.199390888214111328E+00   -0.171401291283341344E+02   -0.687570645603341859E+02    0.395252516672997235-322
    0.563029944896697998E+00    0.562677621841430664E+00    0.950164198875427246E-01    0.394599378108978271E+00    0.391538977622985840E+00    0.364268422126770020E+00    0.862375497817993164E-01    0.941449880599975586E+00    0.921550631523132324E+00    0.445600152015686035E-01   -0.183853793867546322E+02   -0.997000087420197332E+02    0.395252516672997235-322
    0.951953172683715820E+00    0.710557878017425537E+00    0.615746617317199707E+00    0.944020807743072510E+00    0.938310801982879639E+00    0.551596164703369141E+00    0.308081388473510742E+00    0.937841594219207764E+00    0.224342644214630127E+00    0.211826384067535400E+00   -0.176651652718964698E+02   -0.701552501153008734E+02    0.395252516672997235-322
    0.392244815826416016E+00    0.567524075508117676E+00    0.269790470600128174E+00    0.894110143184661865E+00    0.381619215011596680E+00    0.354072213172912598E+00    0.220611929893493652E+00    0.246235609054565430E+00    0.690496087074279785E+00    0.439033567905426025E+00   -0.166881882366462477E+02   -0.718412257982016058E+02    0.395252516672997235-322
    0.421855807304382324E+00    0.550084114074707031E-01    0.878472566604614258E+00    0.175403237342834473E+00    0.413875222206115723E+00    0.661337196826934814E+00    0.561868369579315186E+00    0.426415860652923584E+00    0.605277538299560547E+00    0.932818472385406494E+00   -0.168256503052748556E+02   -0.805974690996762035E+02    0.395252516672997235-322
    0.916904270648956299E+00    0.120830118656158447E+00    0.663023889064788818E+00    0.728156089782714844E+00    0.665635287761688232E+00    0.618321716785430908E+00    0.142065346240997314E+00    0.488548576831817627E+00    0.987065851688385010E+00    0.312464058399200439E+00   -0.183372421625150395E+02   -0.748766173712572680E+02    0.395252516672997235-322
    0.390478849411010742E+00    0.340499997138977051E+00    0.708245337009429932E+00    0.341401815414428711E+00    0.916245520114898682E+00    0.116810381412506104E+00    0.167689859867095947E+00    0.652282059192657471E+00    0.365638256072998047E+00    0.258705675601959229E+00   -0.166770271115232873E+02   -0.825670299281422615E+02    0.395252516672997235-322
    0.940736413002014160E+00    0.903569281101226807E+00    0.139896273612976074E+00    0.498612046241760254E+00    0.399489045143127441E+00    0.102623462677001953E+00    0.676047682762145996E+00    0.779760658740997314E+00    0.436729669570922852E+00    0.149372458457946777E+00   -0.158918767254663020E+02   -0.464085641270213364E+04    0.395252516672997235-322
    0.298165082931518555E+00    0.761083006858825684E+00    0.382311642169952393E+00    0.493401467800140381E+00    0.974894464015960693E+00    0.943891942501068115E+00    0.317508757114410400E+00    0.451170563697814941E+00    0.821525156497955322E+00    0.280663788318634033E+00   -0.174723680732243984E+02   -0.691344473683431033E+02    0.395252516672997235-322
    0.299828410148620605E+00    0.419873833656311035E+00    0.234644174575805664E+00    0.294189453125000000E+00    0.236451566219329834E+00    0.202481865882873535E+00    0.143635869026184082E-01    0.767868399620056152E+00    0.341259479522705078E+00    0.338594615459442139E+00   -0.181547906446611549E+02   -0.423843203174804876E+04    0.395252516672997235-322
    0.944725811481475830E+00    0.231696963310241699E-01    0.552942156791687012E-01    0.993669033050537109E-01    0.655686795711517334E+00    0.656278729438781738E+00    0.864534676074981689E+00    0.783529996871948242E+00    0.536276340484619141E+00    0.951424181461334229E+00   -0.171401291283341344E+02   -0.687570645603341859E+02    0.395252516672997235-322
    0.603527247905731201E+00    0.399731278419494629E+00    0.116050839424133301E+00    0.770354509353637695E+00    0.789441943168640137E+00    0.760725259780883789E+00    0.541991591453552246E-01    0.185672581195831299E+00    0.270371317863464355E+00    0.389742493629455566E+00   -0.183853793867546322E+02   -0.997000087420197332E+02    0.395252516672997235-322
    0.544634819030761719E+00    0.433389782905578613E+00    0.670970857143402100E+00    0.927972674369812012E+00    0.893920898437500000E+00    0.821884512901306152E+00    0.206056416034698486E+00    0.900445640087127686E+00    0.565927863121032715E+00    0.912545621395111084E+00   -0.176651652718964698E+02   -0.701552501153008734E+02    0.395252516672997235-322
    0.239593565464019775E+00    0.609944820404052734E+00    0.412957668304443359E-01    0.757937550544738770E+00    0.161350429058074951E+00    0.297198295593261719E-01    0.190417528152465820E+00    0.731533169746398926E-01    0.161946892738342285E+00    0.233388364315032959E+00   -0.166881882366462477E+02   -0.718412257982016058E+02    0.395252516672997235-322
    0.417379140853881836E+00    0.675640583038330078E+00    0.298075795173645020E+00    0.808309316635131836E-01    0.136073350906372070E+00    0.501104652881622314E+00    0.253625392913818359E+00    0.329347670078277588E+00    0.474490106105804443E+00    0.283329308032989502E+00   -0.242121411447571937E+02   -0.110381984182096375E+03    0.395252516672997235-322
    0.780498802661895752E+00    0.895123481750488281E-01    0.379060685634613037E+00    0.204145252704620361E+00    0.118106603622436523E+00    0.835276067256927490E+00    0.359905540943145752E+00    0.110371112823486328E+00    0.945094645023345947E+00    0.634429395198822021E+00   -0.183372421625150395E+02   -0.748766173712572680E+02    0.395252516672997235-322
    0.860087454319000244E+00    0.747839987277984619E+00    0.704506814479827881E+00    0.261790096759796143E+00    0.957800745964050293E+00    0.310805976390838623E+00    0.284082829952239990E+00    0.773364961147308350E+00    0.324061870574951172E+00    0.855924069881439209E+00   -0.188792258913000346E+02   -0.754027689981542721E+02    0.395252516672997235-322
    0.788137495517730713E+00    0.564538240432739258E-01    0.144380211830139160E+00    0.339868903160095215E+00    0.957856237888336182E+00    0.782511115074157715E+00    0.246725797653198242E+00    0.702281236648559570E+00    0.532096922397613525E+00    0.323910355567932129E+00   -0.158918767254663020E+02   -0.464085641270213364E+04    0.395252516672997235-322
    0.644680559635162354E+00    0.644190847873687744E+00    0.525610208511352539E+00    0.834002256393432617E+00    0.610836744308471680E+00    0.339289784431457520E+00    0.802375853061676025E+00    0.300364077091217041E+00    0.159473299980163574E+00    0.905847251415252686E+00   -0.177661903383584523E+02   -0.727624728412733361E+02    0.395252516672997235-322
    0.671160221099853516E+00    0.234931886196136475E+00    0.967860877513885498E+00    0.103174448013305664E-01    0.332303166389465332E+00    0.405260324478149414E+00    0.301545441150665283E+00    0.667899072170257568E+00    0.849570810794830322E+00    0.364651739597320557E+00   -0.181547906446611549E+02   -0.423843203174804876E+04    0.395252516672997235-322
    0.375675380229949951E+00    0.837531626224517822E+00    0.762494444847106934E+00    0.494770407676696777E+00    0.601682305335998535E+00    0.722735702991485596E+00    0.398627758026123047E+00    0.888976752758026123E+00    0.316758990287780762E+00    0.250969529151916504E-01   -0.171401291283341344E+02   -0.687570645603341859E+02    0.395252516672997235-322
    0.894808411598205566E+00    0.815061628818511963E+00    0.547179460525512695E+00    0.853997468948364258E-02    0.126314461231231689E+00    0.953914284706115723E+00    0.794273018836975098E+00    0.549774765968322754E-01    0.410971641540527344E+00    0.173676967620849609E+00   -0.166770271115232873E+02   -0.825670299281422615E+02    0.395252516672997235-322
    0.801945328712463379E+00    0.365017592906951904E+00    0.284034013748168945E-02    0.779325366020202637E-01    0.664783179759979248E+00    0.535696744918823242E-01    0.813963949680328369E+00    0.275259613990783691E+00    0.288866162300109863E-01    0.201858878135681152E-01   -0.176651652718964698E+02   -0.701552501153008734E+02    0.395252516672997235-322
    0.826706945896148682E+00    0.504681169986724854E+00    0.314202904701232910E+00    0.920110046863555908E+00    0.797222852706909180E+00    0.417286694049835205E+00    0.212685465812683105E+00    0.396175086498260498E+00    0.673313856124877930E+00    0.742202103137969971E+00   -0.166881882366462477E+02   -0.718412257982016058E+02    0.395252516672997235-322
    0.412747740745544434E+00    0.965775132179260254E+00    0.632445633411407471E+00    0.563167929649353027E+00    0.795127451419830322E+00    0.304533541202545166E+00    0.367826223373413086E-01    0.294711351394653320E+00    0.400445699691772461E+00    0.879014909267425537E+00   -0.191821914409340977E+02   -0.100993439729939155E+03    0.395252516672997235-322
    0.326041638851165771E+00    0.797010660171508789E-01    0.223755240440368652E-01    0.787991583347320557E+00    0.431617975234985352E+00    0.847518444061279297E-01    0.155227661132812500E+00    0.250268161296844482E+00    0.205467462539672852E+00    0.857973098754882812E+00   -0.183372421625150395E+02   -0.748766173712572680E+02    0.395252516672997235-322
    0.410194158554077148E+00    0.808810710906982422E+00    0.626750111579895020E+00    0.249738812446594238E+00    0.517279982566833496E+00    0.714688241481781006E+00    0.968763828277587891E-01    0.608210265636444092E+00    0.712695837020874023E+00    0.461456716060638428E+00   -0.188792258913000346E+02   -0.754027689981542721E+02    0.395252516672997235-322
    0.929688870906829834E+00    0.726770877838134766E+00    0.938770413398742676E+00    0.188672900199890137E+00    0.547433853149414062E+00    0.166812479496002197E+00    0.484136521816253662E+00    0.291802883148193359E-01    0.975517749786376953E+00    0.580921113491058350E+00   -0.158918767254663020E+02   -0.464085641270213364E+04    0.395252516672997235-322
    0.915969908237457275E+00    0.406044065952301025E+00    0.149472475051879883E+00    0.678683817386627197E+00    0.377979755401611328E+00    0.866750955581665039E+00    0.346669256687164307E+00    0.191416740417480469E-01    0.332087516784667969E+00    0.817783892154693604E+00   -0.166770271115232873E+02   -0.825670299281422615E+02    0.395252516672997235-322
    0.870707631111145020E+00    0.693727314472198486E+00    0.570411920547485352E+00    0.370709240436553955E+00    0.794679403305053711E+00    0.614645183086395264E+00    0.962970316410064697E+00    0.162686228752136230E+00    0.883367121219635010E+00    0.882375061511993408E+00   -0.181547906446611549E+02   -0.423843203174804876E+04    0.395252516672997235-322
    0.610488891601562500E+00    0.732624411582946777E+00    0.767776548862457275E+00    0.831890225410461426E+00    0.378939092159271240E+00    0.954892098903656006E+00    0.695414781570434570E+00    0.342216253280639648E+00    0.830380916595458984E+00    0.910255193710327148E+00   -0.162829385313549224E+02   -0.117727660966287544E+04    0.395252516672997235-322
    0.596364736557006836E+00    0.694456934928894043E+00    0.204798936843872070E+00    0.421548187732696533E+00    0.584738790988922119E+00    0.951390326023101807E+00    0.166058897972106934E+00    0.636976778507232666E+00    0.283614277839660645E+00    0.940679132938385010E+00   -0.197142968795267599E+02   -0.765197909210521772E+02    0.395252516672997235-322
    0.894084751605987549E+00    0.570297777652740479E+00    0.296630918979644775E+00    0.109609127044677734E+00    0.204118371009826660E+00    0.537293851375579834E+00    0.184529066085815430E+00    0.233130455017089844E-01    0.337554931640625000E+00    0.254984438419342041E+00   -0.176651652718964698E+02   -0.701552501153008734E+02    0.395252516672997235-322
    0.117409110069274902E+00    0.730073928833007812E+00    0.807363271713256836E+00    0.381819784641265869E+00    0.562883079051971436E+00    0.467729330062866211E+00    0.328957676887512207E+00    0.306236326694488525E+00    0.643481016159057617E+00    0.851715862751007080E+00   -0.166881882366462477E+02   -0.718412257982016058E+02    0.395252516672997235-322
    0.486217796802520752E+00    0.692051112651824951E+00    0.883078098297119141E+00    0.731434345245361328E+00    0.347503781318664551E+00    0.399129390716552734E+00    0.117182433605194092E+00    0.857251644134521484E+00    0.700492799282073975E+00    0.884731769561767578E+00   -0.191821914409340977E+02   -0.100993439729939155E+03    0.395252516672997235-322
    0.635663211345672607E+00    0.888851881027221680E-01    0.541187644004821777E+00    0.114490747451782227E+00    0.989551663398742676E+00    0.674650728702545166E+00    0.970411419868469238E+00    0.884356319904327393E+00    0.406030476093292236E+00    0.329679250717163086E-01   -0.183372421625150395E+02   -0.748766173712572680E+02    0.395252516672997235-322
    0.273405730724334717E+00    0.682938277721405029E+00    0.419150114059448242E+00    0.395147025585174561E+00    0.750048995018005371E+00    0.233478665351867676E+00    0.864015936851501465E+00    0.607418060302734375E+00    0.955886900424957275E+00    0.762891173362731934E+00   -0.188792258913000346E+02   -0.754027689981542721E+02    0.395252516672997235-322
    0.491748273372650146E+00    0.969497621059417725E+00    0.836874663829803467E+00    0.975929856300354004E+00    0.771373748779296875E+00    0.982917129993438721E+00    0.196197688579559326E+00    0.543057739734649658E+00    0.749987959861755371E-01    0.519295752048492432E+00   -0.158918767254663020E+02   -0.464085641270213364E+04    0.395252516672997235-322
    0.707752048969268799E+00    0.521306395530700684E+00    0.165968179702758789E+00    0.308261334896087646E+00    0.889191925525665283E+00    0.259993791580200195E+00    0.261610031127929688E+00    0.246431708335876465E+00    0.840585231781005859E+00    0.877742588520050049E+00   -0.179220206428244424E+02   -0.762465183317895878E+02    0.395252516672997235-322
    0.220327913761138916E+00    0.578857004642486572E+00    0.228118598461151123E+00    0.792239010334014893E+00    0.386556386947631836E-01    0.479357779026031494E+00    0.958602070808410645E+00    0.737108349800109863E+00    0.168571531772613525E+00    0.822792947292327881E+00   -0.181547906446611549E+02   -0.423843203174804876E+04    0.395252516672997235-322
    0.199517250061035156E+00    0.456781566143035889E+00    0.778026342391967773E+00    0.420071244239807129E+00    0.151008427143096924E+00    0.222224295139312744E+00    0.314014196395874023E+00    0.314929842948913574E+00    0.657711744308471680E+00    0.411006629467010498E+00   -0.160869800385793980E+02   -0.725296978712849523E+02    0.395252516672997235-322
    0.737128734588623047E+00    0.824611723423004150E+00    0.203199207782745361E+00    0.685644745826721191E+00    0.799241364002227783E+00    0.257450163364410400E+00    0.228455126285552979E+00    0.571632385253906250E-01    0.818807661533355713E+00    0.999757647514343262E+00   -0.197142968795267599E+02   -0.765197909210521772E+02    0.395252516672997235-322
    0.284147620201110840E+00    0.240736246109008789E+00    0.992987811565399170E+00    0.753870606422424316E+00    0.690358757972717285E+00    0.811572134494781494E+00    0.621114313602447510E+00    0.693355619907379150E+00    0.321551382541656494E+00    0.375829696655273438E+00   -0.176651652718964698E+02   -0.701552501153008734E+02    0.395252516672997235-322
    0.628013014793395996E+00    0.833846569061279297E+00    0.540704309940338135E+00    0.481441795825958252E+00    0.657689034938812256E+00    0.129922389984130859E+00    0.152345240116119385E+00    0.512143075466156006E+00    0.102993786334991455E+00    0.658463954925537109E+00   -0.166881882366462477E+02   -0.718412257982016058E+02    0.395252516672997235-322
    0.962137818336486816E+00    0.691658437252044678E+00    0.446222424507141113E+00    0.294386446475982666E+00    0.403206110000610352E+00    0.324092686176300049E+00    0.482119560241699219E+00    0.575687289237976074E+00    0.269335508346557617E-01    0.964464306831359863E+00   -0.191821914409340977E+02   -0.100993439729939155E+03    0.395252516672997235-322
    0.165292382240295410E+00    0.734942138195037842E+00    0.695324301719665527E+00    0.162928283214569092E+00    0.576517641544342041E+00    0.802173674106597900E+00    0.124461233615875244E+00    0.884644329547882080E+00    0.629196405410766602E+00    0.120993256568908691E-01   -0.183372421625150395E+02   -0.748766173712572680E+02    0.395252516672997235-322
    0.372088015079498291E+00    0.555027306079864502E+00    0.440411925315856934E+00    0.274998962879180908E+00    0.268800795078277588E+00    0.366644978523254395E+00    0.689145207405090332E+00    0.697987973690032959E+00    0.159737408161163330E+00    0.460924506187438965E+00   -0.188792258913000346E+02   -0.754027689981542721E+02    0.395252516672997235-322
    0.696415126323699951E+00    0.357241392135620117E+00    0.469547688961029053E+00    0.835387647151947021E+00    0.908960163593292236E+00    0.142570495605468750E+00    0.194936513900756836E+00    0.730806589126586914E+00    0.797072649002075195E-01    0.225756168365478516E-01   -0.158918767254663020E+02   -0.464085641270213364E+04    0.395252516672997235-322
    0.527533948421478271E+00    0.113451540470123291E+00    0.295573472976684570E-02    0.259976983070373535E+00    0.131382167339324951E+00    0.221386611461639404E+00    0.247173249721527100E+00    0.632402300834655762E+00    0.221508800983428955E+00    0.471574068069458008E-02   -0.179220206428244424E+02   -0.762465183317895878E+02    0.395252516672997235-322
    0.264886498451232910E+00    0.222983956336975098E+00    0.737016618251800537E+00    0.312505125999450684E+00    0.364305198192596436E+00    0.366617023944854736E+00    0.642484486103057861E+00    0.481640219688415527E+00    0.972934365272521973E-01    0.552271246910095215E+00   -0.181547906446611549E+02   -0.423843203174804876E+04    0.395252516672997235-322
    0.641706466674804688E+00    0.367127656936645508E+00    0.593389332294464111E+00    0.905922055244445801E+00    0.702244341373443604E+00    0.388953208923339844E+00    0.232641220092773438E+00    0.941423892974853516E+00    0.251529812812805176E+00    0.339843630790710449E-01   -0.160869800385793980E+02   -0.725296978712849523E+02    0.395252516672997235-322
    0.436793088912963867E+00    0.657722115516662598E+00    0.629296004772186279E+00    0.551575541496276855E+00    0.250599503517150879E+00    0.578972637653350830E+00    0.959134638309478760E+00    0.828352510929107666E+00    0.151169776916503906E+00    0.333867967128753662E+00   -0.197142968795267599E+02   -0.765197909210521772E+02    0.395252516672997235-322
    0.165754795074462891E+00    0.969369709491729736E+00    0.763609230518341064E+00    0.769214093685150146E+00    0.339590847492218018E+00    0.909987390041351318E+00    0.845010101795196533E+00    0.501626610755920410E+00    0.161381423473358154E+00    0.486047863960266113E-01   -0.176651652718964698E+02   -0.701552501153008734E+02    0.395252516672997235-322
    0.606419801712036133E+00    0.623246908187866211E+00    0.967357158660888672E-01    0.485956430435180664E+00    0.576566517353057861E+00    0.397388458251953125E+00    0.965593457221984863E-01    0.601438283920288086E-01    0.559189021587371826E+00    0.926297903060913086E+00   -0.166881882366462477E+02   -0.718412257982016058E+02    0.395252516672997235-322
    0.521912336349487305E+00    0.776859343051910400E+00    0.371524453163146973E+00    0.582975864410400391E+00    0.911847651004791260E+00    0.847753465175628662E+00    0.319237589836120605E+00    0.277275145053863525E+00    0.974784672260284424E+00    0.112382769584655762E-01   -0.191821914409340977E+02   -0.100993439729939155E+03    0.395252516672997235-322
    0.658572912216186523E-01    0.612862467765808105E+00    0.112053573131561279E+00    0.586873888969421387E-01    0.471488833427429199E+00    0.878034472465515137E+00    0.711565792560577393E+00    0.957410812377929688E+00    0.261870026588439941E-01    0.432781815528869629E+00   -0.183372421625150395E+02   -0.748766173712572680E+02    0.395252516672997235-322
    0.669857859611511230E-01    0.857265710830688477E+00    0.524119794368743896E+00    0.745038092136383057E+00    0.193286836147308350E+00    0.637780725955963135E+00    0.598019361495971680E-02    0.607093989849090576E+00    0.903331398963928223E+00    0.772700250148773193E+00   -0.188792258913000346E+02   -0.754027689981542721E+02    0.395252516672997235-322
    0.631188631057739258E+00    0.661949396133422852E+00    0.984683752059936523E+00    0.897668600082397461E+00    0.634824752807617188E+00    0.845293402671813965E+00    0.329436063766479492E-01    0.665263235569000244E+00    0.771508276462554932E+00    0.645761430263519287E+00   -0.158918767254663020E+02   -0.464085641270213364E+04    0.395252516672997235-322
    0.400978565216064453E+00    0.311071276664733887E-01    0.540891408920288086E+00    0.968291938304901123E+00    0.262749075889587402E+00    0.808897554874420166E+00    0.101703763008117676E+00    0.405306339263916016E+00    0.413091242313385010E+00    0.549825847148895264E+00   -0.179220206428244424E+02   -0.762465183317895878E+02    0.395252516672997235-322
    0.335702419281005859E+00    0.774959743022918701E+00    0.826909661293029785E+00    0.924806594848632812E+00    0.429915308952331543E+00    0.834947884082794189E+00    0.525240302085876465E+00    0.622659862041473389E+00    0.359820425510406494E+00    0.674115717411041260E+00   -0.181547906446611549E+02   -0.423843203174804876E+04    0.395252516672997235-322
    0.841767907142639160E+00    0.798085868358612061E+00    0.716591477394104004E-01    0.513091862201690674E+00    0.647347211837768555E+00    0.909516811370849609E-01    0.416654825210571289E+00    0.538540303707122803E+00    0.523376464843750000E-02    0.245390713214874268E+00   -0.160869800385793980E+02   -0.725296978712849523E+02    0.395252516672997235-322
    0.991583704948425293E+00    0.405958890914916992E-01    0.950948953628540039E+00    0.321270823478698730E-01    0.727449476718902588E+00    0.996715903282165527E+00    0.208246469497680664E+00    0.201909601688385010E+00    0.915608942508697510E+00    0.873275518417358398E+00   -0.197142968795267599E+02   -0.765197909210521772E+02    0.395252516672997235-322
    0.315108895301818848E-01    0.503358244895935059E-01    0.940231025218963623E+00    0.545610249042510986E+00    0.219202697277069092E+00    0.283240675926208496E+00    0.528800547122955322E+00    0.377397537231445312E-01    0.105767726898193359E+00    0.345197021961212158E+00   -0.176651652718964698E+02   -0.701552501153008734E+02    0.395252516672997235-322
    0.932314395904541016E-01    0.902914047241210938E+00    0.865673780441284180E+00    0.853425741195678711E+00    0.316925346851348877E+00    0.998630523681640625E+00    0.380539774894714355E+00    0.298132300376892090E+00    0.565707743167877197E+00    0.290903151035308838E+00   -0.166881882366462477E+02   -0.718412257982016058E+02    0.395252516672997235-322
    0.836701989173889160E+00    0.155113577842712402E+00    0.307095527648925781E+00    0.488619744777679443E+00    0.853878378868103027E+00    0.972679257392883301E-01    0.508776664733886719E+00    0.324306368827819824E+00    0.582785606384277344E-01    0.802172005176544189E+00   -0.191821914409340977E+02   -0.100993439729939155E+03    0.395252516672997235-322
    0.211376130580902100E+00    0.366711139678955078E+00    0.271823644638061523E+00    0.403352499008178711E+00    0.866056680679321289E-01    0.721719920635223389E+00    0.979168593883514404E+00    0.396013379096984863E+00    0.578488409519195557E+00    0.456015884876251221E+00   -0.183372421625150395E+02   -0.748766173712572680E+02    0.395252516672997235-322
    0.624228060245513916E+00    0.460682272911071777E+00    0.121979773044586182E+00    0.198378264904022217E+00    0.446042358875274658E+00    0.235753118991851807E+00    0.573603272438049316E+00    0.424825131893157959E+00    0.230113983154296875E+00    0.627172172069549561E+00   -0.188792258913000346E+02   -0.754027689981542721E+02    0.395252516672997235-322
    0.787977576255798340E-01    0.461155176162719727E-02    0.946118235588073730E+00    0.442025065422058105E-01    0.814343988895416260E+00    0.224839985370635986E+00    0.373802185058593750E+00    0.219993770122528076E+00    0.629658699035644531E-01    0.617474675178527832E+00   -0.158918767254663020E+02   -0.464085641270213364E+04    0.395252516672997235-322
    0.685578584671020508E+00    0.702296793460845947E+00    0.960784912109375000E+00    0.300620436668395996E+00    0.905120909214019775E+00    0.464026749134063721E+00    0.925465404987335205E+00    0.484322071075439453E+00    0.744698226451873779E+00    0.995432555675506592E+00   -0.179220206428244424E+02   -0.762465183317895878E+02    0.395252516672997235-322
    0.132717967033386230E+00    0.911584734916687012E+00    0.895323097705841064E+00    0.873636424541473389E+00    0.590835213661193848E+00    0.122931182384490967E+00    0.817061424255371094E+00    0.193282425403594971E+00    0.816122889518737793E+00    0.208079099655151367E+00   -0.181547906446611549E+02   -0.423843203174804876E+04    0.395252516672997235-322
    0.254523038864135742E+00    0.397228002548217773E-01    0.542502164840698242E+00    0.872812986373901367E+00    0.525117754936218262E+00    0.506537973880767822E+00    0.104843556880950928E+00    0.537128508090972900E+00    0.631877601146697998E+00    0.849501907825469971E+00   -0.160869800385793980E+02   -0.725296978712849523E+02    0.395252516672997235-322
    0.540721356868743896E+00    0.849304735660552979E+00    0.202956199645996094E-01    0.619955360889434814E+00    0.531335473060607910E-01    0.964577853679656982E+00    0.386421680450439453E-01    0.486101508140563965E-01    0.964762687683105469E+00    0.849452137947082520E+00   -0.197142968795267599E+02   -0.765197909210521772E+02    0.395252516672997235-322
    0.619307100772857666E+00    0.286671280860900879E+00    0.151801288127899170E+00    0.849000632762908936E+00    0.474395155906677246E-01    0.787682652473449707E+00    0.420868396759033203E+00    0.129150688648223877E+00    0.599945545196533203E+00    0.541440784931182861E+00   -0.174723680732243984E+02   -0.691344473683431033E+02    0.395252516672997235-322
    0.513394653797149658E+00    0.810287237167358398E+00    0.556269109249114990E+00    0.347967684268951416E+00    0.936593532562255859E+00    0.157622694969177246E+00    0.874054431915283203E-02    0.358467698097229004E+00    0.151692330837249756E+00    0.161601781845092773E+00   -0.166881882366462477E+02   -0.718412257982016058E+02    0.395252516672997235-322
    0.332656979560852051E+00    0.555991053581237793E+00    0.762648761272430420E+00    0.973574876785278320E+00    0.977203369140625000E+00    0.346374928951263428E+00    0.115627765655517578E+00    0.553767502307891846E+00    0.305932104587554932E+00    0.706113636493682861E+00   -0.158505521479616682E+02   -0.315059044026097171E+08    0.395252516672997235-322
    0.751676499843597412E+00    0.721753954887390137E+00    0.242835223674774170E+00    0.969154417514801025E+00    0.979717135429382324E+00    0.495257019996643066E+00    0.556850075721740723E+00    0.876082718372344971E+00    0.371004343032836914E-01    0.583722531795501709E+00   -0.183372421625150395E+02   -0.748766173712572680E+02    0.395252516672997235-322
    0.788312733173370361E+00    0.221462845802307129E+00    0.782824754714965820E-01    0.478005230426788330E+00    0.536874532699584961E-01    0.870894312858581543E+00    0.705113828182220459E+00    0.266271591186523438E+00    0.720008313655853271E+00    0.834262907505035400E+00   -0.188792258913000346E+02   -0.754027689981542721E+02    0.395252516672997235-322
    0.198072314262390137E+00    0.558682084083557129E+00    0.286539733409881592E+00    0.626417517662048340E+00    0.418173372745513916E+00    0.928124904632568359E+00    0.424166560173034668E+00    0.140563845634460449E-01    0.879985034465789795E+00    0.550703465938568115E+00   -0.158918767254663020E+02   -0.464085641270213364E+04    0.395252516672997235-322
    0.547110319137573242E+00    0.968377590179443359E+00    0.556525111198425293E+00    0.661325752735137939E+00    0.523702383041381836E+00    0.816948413848876953E-01    0.203564941883087158E+00    0.695679605007171631E+00    0.421572387218475342E+00    0.318992137908935547E+00   -0.179220206428244424E+02   -0.762465183317895878E+02    0.395252516672997235-322
    0.786303222179412842E+00    0.733823537826538086E+00    0.624854743480682373E+00    0.474803209304809570E+00    0.930171310901641846E+00    0.624333858489990234E+00    0.898468673229217529E+00    0.470238983631134033E+00    0.417848944664001465E+00    0.210853219032287598E+00   -0.181547906446611549E+02   -0.423843203174804876E+04    0.395252516672997235-322
    0.705588638782501221E+00    0.141263008117675781E+00    0.394686162471771240E+00    0.561173975467681885E+00    0.666765272617340088E+00    0.311293423175811768E+00    0.312338173389434814E+00    0.479571580886840820E+00    0.295302331447601318E+00    0.525030851364135742E+00   -0.160869800385793980E+02   -0.725296978712849523E+02    0.395252516672997235-322
    0.955881655216217041E+00    0.732491970062255859E+00    0.585293173789978027E-01    0.235704958438873291E+00    0.757739484310150146E+00    0.359644770622253418E+00    0.435940325260162354E+00    0.975606441497802734E-01    0.292694032192230225E+00    0.373038887977600098E+00   -0.197142968795267599E+02   -0.765197909210521772E+02    0.395252516672997235-322
    0.128856062889099121E+00    0.447822213172912598E+00    0.227665066719055176E+00    0.677047371864318848E-01    0.926145017147064209E+00    0.284571349620819092E+00    0.900765597820281982E+00    0.107103288173675537E+00    0.595916271209716797E+00    0.260013401508331299E+00   -0.169672418964875362E+02   -0.707348958638444856E+02    0.395252516672997235-322
    0.951445817947387695E+00    0.379677176475524902E+00    0.288863182067871094E-01    0.818706572055816650E+00    0.328994929790496826E+00    0.685974240303039551E+00    0.270437359809875488E+00    0.943619608879089355E-01    0.602188467979431152E+00    0.628184080123901367E+00    0.100000000000000000E+01    0.000000000000000000E+00    0.395252516672997235-322
    0.815145373344421387E+00    0.532231450080871582E+00    0.363180339336395264E+00    0.138932108879089355E+00    0.187347650527954102E+00    0.249406039714813232E+00    0.985071539878845215E+00    0.775486469268798828E+00    0.606678605079650879E+00    0.842260539531707764E+00   -0.242121411447571937E+02   -0.110381984182096375E+03    0.395252516672997235-322
    0.351566076278686523E-01    0.306819200515747070E+00    0.198247313499450684E+00    0.960256457328796387E+00    0.416756033897399902E+00    0.254164338111877441E+00    0.416979670524597168E+00    0.219363033771514893E+00    0.750319719314575195E+00    0.447178542613983154E+00   -0.183372421625150395E+02   -0.748766173712572680E+02    0.395252516672997235-322
    0.967965126037597656E-01    0.639898836612701416E+00    0.249241828918457031E+00    0.478709459304809570E+00    0.242975950241088867E-01    0.251824200153350830E+00    0.260347247123718262E+00    0.627572000026702881E+00    0.541481137275695801E+00    0.148545145988464355E+00   -0.188792258913000346E+02   -0.754027689981542721E+02    0.395252516672997235-322
    0.162204504013061523E-01    0.229170203208923340E+00    0.533508956432342529E+00    0.985857725143432617E+00    0.387849807739257812E+00    0.114335417747497559E+00    0.446651816368103027E+00    0.781529068946838379E+00    0.776669263839721680E+00    0.141810894012451172E+00   -0.158918767254663020E+02   -0.464085641270213364E+04    0.395252516672997235-322
    0.723083198070526123E+00    0.217287838459014893E+00    0.330494403839111328E+00    0.387665808200836182E+00    0.643509626388549805E-01    0.355048716068267822E+00    0.946692585945129395E+00    0.413737177848815918E+00    0.980082452297210693E+00    0.164531409740447998E+00   -0.179220206428244424E+02   -0.762465183317895878E+02    0.395252516672997235-322
    0.668329954147338867E+00    0.489742755889892578E-01    0.502511441707611084E+00    0.583261191844940186E+00    0.681624412536621094E-01    0.862662494182586670E+00    0.882432222366333008E+00    0.287812769412994385E+00    0.952193617820739746E+00    0.653326988220214844E+00   -0.181547906446611549E+02   -0.423843203174804876E+04    0.395252516672997235-322
    0.991728782653808594E+00    0.974856197834014893E+00    0.667853295803070068E+00    0.619109451770782471E+00    0.242758572101593018E+00    0.780918300151824951E+00    0.260325193405151367E+00    0.795690119266510010E+00    0.280191600322723389E+00    0.924623847007751465E+00   -0.203101801560806763E+02   -0.396345718686485440E+18    0.395252516672997235-322
    0.753852009773254395E+00    0.502180278301239014E+00    0.132390737533569336E+00    0.701019704341888428E+00    0.982946157455444336E+00    0.474455416202545166E+00    0.514035701751708984E+00    0.546352863311767578E+00    0.679888606071472168E+00    0.798795342445373535E+00   -0.197142968795267599E+02   -0.765197909210521772E+02    0.395252516672997235-322
    0.411612689495086670E+00    0.656282663345336914E+00    0.314316630363464355E+00    0.920801162719726562E-01    0.828833699226379395E+00    0.826408743858337402E+00    0.354885339736938477E+00    0.900527656078338623E+00    0.332664847373962402E-01    0.851563036441802979E+00   -0.169672418964875362E+02   -0.707348958638444856E+02    0.395252516672997235-322
