#uncorr_chebyshev_coefficients--c0 uncorr_chebyshev_coefficients--c1 uncorr_chebyshev_coefficients--c2 cosmological_parameters--omch2 cosmological_parameters--ombh2 cosmological_parameters--s_8_input intrinsic_alignment_parameters--a nofz_shifts--uncorr_bias_1 nofz_shifts--uncorr_bias_2 nofz_shifts--uncorr_bias_3 nofz_shifts--uncorr_bias_4 nofz_shifts--uncorr_bias_5
0.7895032644829372  0.008765741706235777  0.005230189420933991  0.0014284669700898615  9.463829988488975e-05  -0.005726630798619956  0.06282155036851925  0.015803887876820244  0.062283989311776436  -0.05698604889017109  -0.0430092284685485  -0.023877346409333578
0.008765741706235784  0.7808718141418416  0.007620041468936858  -0.0030357318179902596  -0.0002536726517322302  0.004950378763636773  0.10374238026595248  -0.05775975472092732  0.0010063159885884774  0.026268601990970225  0.028465821648339707  -0.04221998865182512
0.005230189420933994  0.007620041468936862  0.7231141274431345  0.0012927304688541692  -0.00019931322992571758  0.006213690093562246  0.0752210660204677  0.008830240165871611  -0.02743139149574629  -0.11112556284289712  -0.0037728312667418902  -0.04708242786335189
0.0014284669700898615  -0.0030357318179902604  0.0012927304688541688  0.003215495792745742  4.830062508101557e-06  -0.0022180696705372542  0.021854866232317745  0.004469566741773666  0.003443658839147612  0.005057902927650709  -0.0027552823196001362  -0.0063213391005361086
9.463829988488976e-05  -0.0002536726517322302  -0.00019931322992571752  4.830062508101557e-06  3.372127742792758e-06  -3.916798174661335e-07  0.00014751727929377683  -0.00015971512710146992  0.00010636788541653914  5.869790763646399e-05  -8.120512288077544e-05  -6.088406261374218e-05
-0.005726630798619955  0.004950378763636773  0.006213690093562245  -0.0022180696705372542  -3.916798174661336e-07  0.013885099981525303  0.08394108101251345  -0.008650647281761443  -0.0033028113051760083  -0.008768673537649336  0.00893447369109428  0.0029029777743317248
0.06282155036851922  0.10374238026595245  0.0752210660204677  0.021854866232317742  0.00014751727929377683  0.08394108101251345  2.1123858833292193  0.004819187265094519  -0.04924299380867851  -0.030057077500262756  0.0015820557962858569  -0.0172667992670492
0.015803887876820244  -0.05775975472092733  0.008830240165871606  0.004469566741773667  -0.00015971512710146992  -0.008650647281761443  0.0048191872650945175  0.8204031400141192  0.0678781254307476  0.011908108981342964  -0.023650932446429487  0.006793243678478442
0.06228398931177642  0.0010063159885884817  -0.027431391495746284  0.003443658839147612  0.00010636788541653911  -0.0033028113051760057  -0.0492429938086785  0.06787812543074759  0.7653255822526767  0.002833308711379953  -0.014687117035770103  -0.09993654364146916
-0.05698604889017108  0.026268601990970218  -0.11112556284289711  0.00505790292765071  5.869790763646398e-05  -0.008768673537649338  -0.030057077500262777  0.011908108981342955  0.002833308711379951  0.8912810665921926  0.09880636621906781  0.10689111557184586
-0.04300922846854848  0.02846582164833972  -0.0037728312667418876  -0.002755282319600137  -8.120512288077544e-05  0.008934473691094279  0.0015820557962858291  -0.023650932446429487  -0.014687117035770112  0.09880636621906784  0.8714019003701211  0.051059543314871184
-0.023877346409333578  -0.042219988651825115  -0.04708242786335188  -0.0063213391005361086  -6.0884062613742176e-05  0.0029029777743317235  -0.01726679926704923  0.006793243678478447  -0.09993654364146916  0.10689111557184586  0.05105954331487118  0.9705990870873955
