#cosmological_parameters--h0 cosmological_parameters--omega_m cosmological_parameters--omch2 cosmological_parameters--ombh2 cosmological_parameters--n_s cosmological_parameters--s_8_input intrinsic_alignment_parameters--a nofz_shifts--uncorr_bias_1 nofz_shifts--uncorr_bias_2 nofz_shifts--uncorr_bias_3 nofz_shifts--uncorr_bias_4 nofz_shifts--uncorr_bias_5
0.003299687305788984  -2.043210468227851e-05  -0.0007288976496690285  5.6747479951923166e-05  0.0011823043326137303  -0.007073762925147427  0.02145237301224356  0.01498735361573121  -0.013616412610430572  0.018510771050712645  -0.06454992905047893  -0.034266019263400886
-2.043210468227851e-05  6.733931306593792e-07  1.6806796155485178e-05  -9.0278720506026e-07  -2.3531973129979517e-05  0.00013249458929944196  9.292053167347317e-06  0.0003647352109683771  0.0002442173262407094  -0.00041241612262052303  0.0004876387631290299  0.0005976561432844164
-0.0007288976496690285  1.6806796155485178e-05  0.0026788394383067907  -3.8249713825345586e-05  -0.0018703553643878038  0.006811651077099935  0.015909010914094295  0.03754758781781934  -0.0037973067414190163  -0.015272014440142598  0.0028756699081143454  0.02467990612664193
5.6747479951923166e-05  -9.027872050602601e-07  -3.82497138253456e-05  2.562865741240752e-06  3.957115191053743e-05  -0.0003235741067580625  -0.00022280619753587888  -0.0006702782937671657  -0.00036210685835977405  0.0006856587776575871  -0.0009550351408968096  -0.0012337067039778118
0.0011823043326137303  -2.3531973129979517e-05  -0.0018703553643878038  3.957115191053743e-05  0.0030767892665487747  -0.0051614932410368975  -0.011025820387620214  -0.02644767539438129  0.008249242402072381  0.010631223705709247  -0.008003900553990499  -0.021367780358261767
-0.007073762925147427  0.00013249458929944196  0.006811651077099936  -0.0003235741067580625  -0.005161493241036899  0.11508835238594142  -0.045670019852582254  0.1477509052329691  0.10401579518116753  -0.09994602791024476  0.188700681596774  0.288924129941515
0.021452373012243557  9.292053167347317e-06  0.015909010914094295  -0.0002228061975358788  -0.01102582038762021  -0.04567001985258226  1.0087164194955816  0.8235398777065153  -0.22428125530606208  0.12845588364462585  -0.7429618859731627  -0.05957377015880702
0.01498735361573121  0.0003647352109683771  0.03754758781781934  -0.0006702782937671656  -0.026447675394381292  0.14775090523296908  0.8235398777065153  1.7061574735470741  -0.05478355296222643  -0.05193969997463951  -0.5147565330269256  0.6866045440419788
-0.013616412610430572  0.00024421732624070933  -0.0037973067414190163  -0.00036210685835977405  0.008249242402072381  0.10401579518116752  -0.22428125530606208  -0.05478355296222643  0.4843202306805856  -0.25351882982190427  0.6558057760743808  0.4975645962827741
0.018510771050712645  -0.00041241612262052303  -0.015272014440142598  0.0006856587776575871  0.010631223705709247  -0.09994602791024475  0.12845588364462582  -0.0519396999746395  -0.25351882982190427  0.46886138812940603  -0.520572280710017  -0.4135688810714304
-0.06454992905047893  0.00048763876312902984  0.0028756699081143454  -0.0009550351408968096  -0.008003900553990495  0.188700681596774  -0.7429618859731627  -0.5147565330269258  0.6558057760743808  -0.520572280710017  1.8008246149948368  0.9399268081923742
-0.03426601926340088  0.0005976561432844162  0.02467990612664193  -0.0012337067039778116  -0.021367780358261767  0.288924129941515  -0.05957377015880707  0.6866045440419787  0.4975645962827741  -0.4135688810714304  0.9399268081923742  1.229571733949294
