#cosmological_parameters--omch2 cosmological_parameters--ombh2 cosmological_parameters--s_8_input intrinsic_alignment_parameters--a nofz_shifts--uncorr_bias_1 nofz_shifts--uncorr_bias_2 nofz_shifts--uncorr_bias_3 nofz_shifts--uncorr_bias_4 nofz_shifts--uncorr_bias_5 uncorr_chebyshev_coefficients--c0 uncorr_chebyshev_coefficients--c1
0.00275490499670482  4.609928715915923e-06  -0.003054716713434291  0.024606566753519844  -0.0010071855591866543  -0.004237689798468149  0.0018477663600674876  -0.0009586353286907646  0.0038294675541136187  -0.0020428893441474154  0.0026615970032130227
4.609928715915924e-06  3.6983205365879952e-06  -1.5278766456586263e-05  -2.708642224675673e-05  2.8681652306382614e-05  3.246836091105285e-05  -0.00023550449583941872  0.00011031494061627813  -0.00010448605128366292  1.6536679670907567e-05  -3.5086498302938974e-05
-0.003054716713434291  -1.527876645658626e-05  0.01867938019559716  0.0978461291923409  0.004779949171368675  0.008745519124817762  -0.007349990320236396  -0.003011577094747168  -0.002493040751191935  -0.015542680967146522  -0.004991039853142861
0.024606566753519844  -2.708642224675675e-05  0.0978461291923409  2.212336606197697  0.04438253978855403  -0.1059548303075381  -0.0033071830861826075  -0.11098443497967157  0.0024322270105040502  -0.07178141285311589  -0.06739106629931113
-0.0010071855591866545  2.8681652306382624e-05  0.004779949171368673  0.044382539788554026  0.8941632851167195  -0.034779910479941875  0.12190198663240198  0.004736011219358026  0.03474618679165077  -0.07317021683022934  -0.10423923148325193
-0.004237689798468148  3.246836091105285e-05  0.008745519124817764  -0.1059548303075381  -0.03477991047994186  0.8796218836794394  -0.007737586291215916  -0.03164564118906545  -0.032505843289496746  -0.03384923903895566  0.03287169336502254
0.0018477663600674876  -0.0002355044958394187  -0.007349990320236396  -0.0033071830861825936  0.12190198663240204  -0.007737586291215923  0.908356439319191  -0.018245599288147688  0.018133454213443662  -0.013430193593928426  0.020046661661937703
-0.0009586353286907638  0.00011031494061627813  -0.0030115770947471646  -0.11098443497967156  0.004736011219358035  -0.03164564118906546  -0.0182455992881477  0.9816788288865667  0.058104937195545256  0.06988851812642406  0.03719601148372276
0.003829467554113618  -0.00010448605128366293  -0.002493040751191933  0.0024322270105040294  0.034746186791650785  -0.032505843289496746  0.01813345421344367  0.058104937195545256  0.8915211161396323  -0.014308903628786045  -0.01717594662063048
-0.002042889344147416  1.653667967090758e-05  -0.015542680967146522  -0.0717814128531159  -0.07317021683022933  -0.033849239038955654  -0.013430193593928408  0.06988851812642406  -0.014308903628786042  0.7801138271721818  0.05524688670203347
0.0026615970032130222  -3.5086498302939e-05  -0.004991039853142863  -0.06739106629931117  -0.10423923148325194  0.032871693365022533  0.02004666166193772  0.03719601148372276  -0.017175946620630475  0.055246886702033454  0.9097886943704145
