#cosmological_parameters--h0 cosmological_parameters--omch2 cosmological_parameters--ombh2 cosmological_parameters--n_s cosmological_parameters--s_8_input intrinsic_alignment_parameters--a nofz_shifts--uncorr_bias_1 nofz_shifts--uncorr_bias_2 nofz_shifts--uncorr_bias_3 nofz_shifts--uncorr_bias_4 nofz_shifts--uncorr_bias_5 halo_model_parameters--logt_agn
0.0017543831537287964  2.707616027356594e-05  3.264157781472095e-06  9.606900165854632e-06  0.000676514292036724  -0.0007476562103345474  0.0009040807855354798  0.0031549387863358505  0.0027338623046232195  0.0012036736450745475  0.0017864546792449175  0.00020069395294419317
2.707616027356594e-05  6.645949793258967e-05  -8.037446465449262e-07  -2.8855825661809606e-06  -2.629380724932517e-05  -0.0001227112415196753  -0.00041893055222154283  -0.00039944025316989925  -0.0002371085192792506  0.00042796026009407607  -0.00044358945203009596  -1.5745667321422946e-05
3.264157781472095e-06  -8.037446465449261e-07  3.1744186472717752e-06  -1.104361393578183e-06  2.72165232686076e-06  3.716470652784657e-05  4.84211367343712e-05  -1.1102028080072333e-05  0.00016360395772033054  -2.930337037130112e-05  -2.7945499771566875e-05  1.072746924192669e-06
9.606900165854632e-06  -2.8855825661809606e-06  -1.1043613935781828e-06  9.372830449771038e-05  3.3682729063290505e-06  -0.00010692613300706775  -1.1706128389623371e-05  0.000380912368556675  -0.00045846116472691994  -0.00019494576596262788  -0.00035812301331410694  -5.5195020515173926e-05
0.000676514292036724  -2.6293807249325166e-05  2.7216523268607597e-06  3.3682729063290505e-06  0.0008579886309012118  0.00252767287098056  0.0008155747933754822  0.001704919898220597  -0.0019237919397141782  -0.004607575031352526  0.0005757703978213804  -5.810703963017706e-05
-0.0007476562103345474  -0.00012271124151967536  3.7164706527846555e-05  -0.00010692613300706776  0.00252767287098056  0.06871385602381168  0.03411374861337273  0.041884588161128035  -0.0009224176480600539  -0.020352040103438284  -0.0066312467717662945  0.0009022946070920321
0.0009040807855354797  -0.0004189305522215429  4.8421136734371183e-05  -1.1706128389623236e-05  0.0008155747933754822  0.03411374861337273  0.6926037220988067  -0.004366254519956915  -0.009161178427228764  -0.056296731183392325  0.05484918025887399  9.44131809543134e-05
0.0031549387863358505  -0.0003994402531698992  -1.1102028080072337e-05  0.000380912368556675  0.001704919898220597  0.041884588161128035  -0.004366254519956922  0.7516119207708611  0.19777682115808387  0.06621135084579063  -0.041329461310743644  0.01254575740755624
0.0027338623046232195  -0.00023710851927925076  0.00016360395772033057  -0.00045846116472691984  -0.001923791939714178  -0.0009224176480600582  -0.00916117842722877  0.19777682115808384  0.7125235631944855  0.11251673766386656  -0.023933895253831976  0.013898356035582841
0.0012036736450745478  0.00042796026009407596  -2.9303370371301123e-05  -0.00019494576596262788  -0.0046075750313525265  -0.020352040103438284  -0.05629673118339234  0.06621135084579063  0.11251673766386656  0.8160710059381927  -0.022225877411159712  0.009181691310109031
0.001786454679244917  -0.00044358945203009596  -2.7945499771566902e-05  -0.0003581230133141069  0.0005757703978213805  -0.006631246771766295  0.054849180258874  -0.04132946131074362  -0.023933895253831983  -0.022225877411159715  0.7714682460763017  0.004866677536741659
0.00020069395294419317  -1.5745667321422932e-05  1.0727469241926664e-06  -5.519502051517392e-05  -5.810703963017699e-05  0.0009022946070920323  9.44131809543147e-05  0.01254575740755624  0.01389835603558284  0.009181691310109034  0.004866677536741658  0.012244683175279719
