    0.232323626913853824E-01    0.281017988581759937E+03    0.802672747373580853E+00    0.725647545456886423E-01    0.104798791527748114E+01    0.441655063629150413E+00    0.176301312446594238E+01   -0.207574486732482910E+01   -0.470169782638549805E+00   -0.322000205516815186E+01    0.275117218494415283E+01   -0.380370020866394043E+00   -0.956238444998757942E+01   -0.150071378740867544E+03
    0.505099874519341105E-24    0.385383653183853880E+03    0.791971688270568741E+00    0.103704303860664371E+00    0.869343094825744567E+00    0.163821983337402333E+00    0.449261927604675293E+01   -0.423422515392303467E+01   -0.270619690418243408E+01   -0.415121972560882568E+01   -0.429481387138366699E+01   -0.198466777801513672E+00   -0.956238444998757942E+01   -0.202254211041914516E+03
    0.963193964345876826E-04    0.291989252209619849E+03    0.745764286518096897E+00    0.753836063146591240E-01    0.104173034429550171E+01    0.244109654426574701E+00   -0.149404835700988770E+01    0.428790092468261719E+01    0.161153197288513184E+01   -0.316324353218078613E+01    0.209580600261688232E+01   -0.106382966041564941E+01   -0.956238444998757942E+01   -0.155557010554797500E+03
    0.452700031455862310E-06    0.302709642750307637E+03    0.763026340007781911E+00    0.739431225657463109E-01    0.905911979675293022E+00    0.177608180046081532E+00   -0.222295403480529785E+01   -0.407816290855407715E+01    0.446811318397521973E+01    0.425086557865142822E+01    0.183704495429992676E+00    0.340161621570587158E+01   -0.956238444998757942E+01   -0.160917205825141394E+03
    0.120203928027971959E-02    0.286941042052872263E+03    0.760319422483444196E+00    0.734892337918281596E-01    0.906378678083419764E+00    0.999697875976562456E+00   -0.971412420272827148E+00   -0.370758295059204102E+01   -0.108533620834350586E+01   -0.700792074203491211E+00   -0.462883472442626953E+01   -0.278688013553619385E+01   -0.956238444998757942E+01   -0.153032905476423707E+03
    0.565323873900748934E-04    0.293054964236071555E+03    0.786846898794174132E+00    0.777827524542808596E-01    0.106375150442123423E+01    0.558314418792724587E+00    0.101450800895690918E+01   -0.292126119136810303E+01    0.213918089866638184E+01    0.237948596477508545E+01    0.430524408817291260E+01   -0.145809233188629150E+01   -0.956238444998757942E+01   -0.156089866568023353E+03
    0.721348722651447342E-08    0.310988197198907244E+03    0.764709587097167964E+00    0.864220454692840589E-01    0.912955816984176605E+00    0.147978281974792486E+00    0.351669716835021973E+01    0.478791415691375732E+01    0.275368213653564453E+01    0.379483163356781006E+01   -0.396613478660583496E+01    0.507522821426391602E+00   -0.956238444998757942E+01   -0.165056483049441198E+03
    0.593948102827960706E-01    0.279140667375082501E+03    0.746296082735061650E+00    0.738730835914611916E-01    0.929611859321594292E+00    0.632351756095886230E+00    0.115965557098388672E+01    0.257722377777099609E+01   -0.133367955684661865E+01   -0.212957262992858887E+01    0.969509482383728027E+00    0.538771152496337891E+00   -0.956238444998757942E+01   -0.149132718137528826E+03
    0.120717511736887592E-18    0.360615238025233850E+03    0.646659978628158605E+00    0.980811891555786186E-01    0.923683247566223109E+00    0.114586424827575684E+01    0.293813180923461914E+01   -0.445328235626220703E+01    0.862506031990051270E+00   -0.122902572154998779E+01    0.256714522838592529E+01   -0.265086889266967773E+01   -0.956238444998757942E+01   -0.189870003462604501E+03
    0.383205353298552448E-52    0.514880788721643853E+03    0.787841011285781878E+00    0.912200484871864420E-01    0.102250305175781264E+01    0.124272446632385258E+01   -0.565960264205932617E+01    0.179266333580017090E+01   -0.315330624580383301E+00    0.392980515956878662E+01   -0.417679786682128906E+01    0.158354699611663818E+01   -0.956238444998757942E+01   -0.267002778810809502E+03
    0.420527435961245307E-49    0.500879400748993532E+03    0.761489831209182677E+00    0.111106828570365912E+00    0.862883812189102151E+00    0.111139922142028813E+01    0.718466520309448242E+00    0.356107234954833984E+01   -0.214026153087615967E+01   -0.493358135223388672E+01    0.107334911823272705E+01    0.295897722244262695E+00   -0.956238444998757942E+01   -0.260002084824484371E+03
    0.520580957341105904E-01    0.279404360441022391E+03    0.732199400663375854E+00    0.770945997238159236E-01    0.969251562356948870E+00    0.815701341629028298E+00   -0.939101457595825195E+00   -0.474634647369384766E+01   -0.237638652324676514E+01   -0.483090877532958984E+00   -0.817338228225708008E+00    0.486535310745239258E+01   -0.956238444998757942E+01   -0.149264564670498771E+03
    0.158653672569903390E-03    0.290991144306913498E+03    0.750966441631317094E+00    0.776772978305816653E-01    0.860193760395050022E+00    0.251467132568359397E+00    0.579588747024536133E+01    0.355936706066131592E+01    0.142777562141418457E+00   -0.314010620117187500E+01   -0.277233123779296875E+01   -0.175243318080902100E+01   -0.956238444998757942E+01   -0.155057956603444325E+03
    0.222492417060133240E-07    0.308735486343355717E+03    0.776487756967544573E+00    0.813315992355346795E-01    0.103810216903686525E+01    0.270252609252929710E+00    0.273045301437377930E+00   -0.205145001411437988E+01   -0.325016200542449951E+01    0.375327527523040771E+01    0.587878823280334473E+00   -0.488025307655334473E+01   -0.956238444998757942E+01   -0.163930127621665434E+03
    0.155866087258377571E-50    0.507469595934457516E+03    0.721892443895339908E+00    0.107217219352722187E+00    0.105863034367561348E+01    0.871081805229186990E+00    0.893309354782104492E+00   -0.306324958801269531E+01    0.391544878482818604E+01    0.317469954490661621E+01    0.995964407920837402E+00   -0.280982673168182373E+01   -0.956238444998757942E+01   -0.263297182417216334E+03
    0.627558820713591999E-23    0.380344320550355462E+03    0.749526760578155482E+00    0.892338417768478442E-01    0.968433247804641795E+00    0.524099445343017556E+00   -0.210696387290954590E+01    0.706121325492858887E+00   -0.783265829086303711E+00    0.315670073032379150E+01    0.419529795646667480E+01    0.221900701522827148E+01   -0.956238444998757942E+01   -0.199734544725165307E+03
    0.439773634205817872E-25    0.390265815478306536E+03    0.710289797782897914E+00    0.971770085096359398E-01    0.109648156046867373E+01    0.279152250289916970E+00    0.159826970100402832E+01    0.108863711357116699E+00    0.220081031322479248E+01    0.450075328350067139E+01   -0.179124653339385986E+01    0.387005150318145752E+01   -0.956238444998757942E+01   -0.204695292189140844E+03
    0.943600360081029002E-42    0.467026823435458937E+03    0.652299269437789930E+00    0.108461910903453834E+00    0.101005110740661630E+01    0.988182616233825639E+00    0.328793692588806152E+01    0.273147344589233398E+01    0.462837934494018555E+01    0.170755505561828613E+01   -0.652293562889099121E+00   -0.190532863140106201E+01   -0.956238444998757942E+01   -0.243075796167717044E+03
    0.273908704894270312E-95    0.713574659037001311E+03    0.766419913768768279E+00    0.128624256432056439E+00    0.888902415037155169E+00    0.969335126876830988E+00    0.232230806350708008E+01    0.162537693977355957E+01   -0.539903044700622559E+00   -0.442963898181915283E+01   -0.161414384841918945E+01   -0.160855770111083984E+01   -0.956238444998757942E+01   -0.366349713968488231E+03
    0.440060374475695279E-01    0.279740427403787578E+03    0.645942198038101156E+00    0.753992138504982062E-01    0.108774924039840704E+01    0.295896387100219704E+00    0.386781620979309082E+01    0.473419070243835449E+01   -0.107989549636840820E+01   -0.108898341655731201E+01    0.105249226093292236E+01    0.464429676532745361E+01   -0.956238444998757942E+01   -0.149432598151881365E+03
    0.199139398366225599E-86    0.672765706929617750E+03    0.680614223480224600E+00    0.116252536296844497E+00    0.962299530506134038E+00    0.169255495071411133E+00    0.597290039062500000E+01    0.305920362472534180E+01   -0.411289572715759277E+01    0.420201718807220459E+01   -0.201360046863555908E+01   -0.437975525856018066E+00   -0.956238444998757942E+01   -0.345945237914796451E+03
    0.684898731511932035E-01    0.278855709287972275E+03    0.817599047422409075E+00    0.770761247277259864E-01    0.918316874504089387E+00    0.119212863445281991E+01    0.239093542098999023E+00   -0.412776768207550049E+01    0.352674365043640137E+01   -0.307618618011474609E+01    0.472616553306579590E+01    0.377750396728515625E+01   -0.956238444998757942E+01   -0.148990239093973713E+03
    0.378006180958331478E-58    0.542539130775087187E+03    0.724530761241912846E+00    0.109657377719879157E+00    0.108735612273216264E+01    0.943201470375060969E+00   -0.883004665374755859E+00    0.399653673171997070E+01    0.481514513492584229E+01   -0.343222796916961670E+01   -0.423246979713439941E+01   -0.133994817733764648E+01   -0.956238444998757942E+01   -0.280831949837531170E+03
    0.236591684675951376E-64    0.571107301373761516E+03    0.648246977329254181E+00    0.114039599001407643E+00    0.103282696604728708E+01    0.332715320587158192E+00    0.592805385589599609E+00    0.992298126220703125E-02   -0.303269207477569580E+01   -0.765685439109802246E+00    0.184580624103546143E+01   -0.974153280258178711E+00   -0.956238444998757942E+01   -0.295116035136868334E+03
    0.549494550232525705E-05    0.297716934299952811E+03    0.804994274377822894E+00    0.716064191460609456E-01    0.106113487839698806E+01    0.114278750419616704E+01   -0.254811787605285645E+01   -0.136055827140808105E+01    0.104552507400512695E-01    0.162689208984375000E+01   -0.205325543880462646E+01   -0.285915613174438477E+01   -0.956238444998757942E+01   -0.158420851599963981E+03
    0.230517661523078714E-66    0.580369658393124723E+03    0.713522213697433516E+00    0.116074464499950430E+00    0.103530315637588499E+01    0.906502199172973588E+00    0.341534614562988281E-02    0.921320319175720215E+00   -0.270453691482543945E+00   -0.636490583419799805E+00   -0.336519896984100342E+01   -0.891864895820617676E+00   -0.956238444998757942E+01   -0.299747213646549937E+03
    0.669650352014094139E-08    0.311136931143134120E+03    0.692633717060089138E+00    0.905326377749443162E-01    0.944738063812255890E+00    0.232567286491394049E+00    0.378521418571472168E+01   -0.291002631187438965E+01    0.518936514854431152E+00   -0.814187526702880859E+00   -0.171074032783508301E+01    0.415229737758636475E+01   -0.956238444998757942E+01   -0.165130850021554636E+03
    0.757442567757693822E-03    0.287864696207462146E+03    0.654089128971099831E+00    0.739268484711647078E-01    0.995940001010894749E+00    0.809945249557495028E+00    0.572824859619140625E+01    0.389599859714508057E+01    0.876414179801940918E+00   -0.641097426414489746E+00    0.277654111385345459E+01    0.330150604248046875E+01   -0.956238444998757942E+01   -0.153494732553718649E+03
    0.110566285114461231E-18    0.360790914017218995E+03    0.747756642103195146E+00    0.933443711996078535E-01    0.906075149774551392E+00    0.199480414390563965E+00    0.519166803359985352E+01   -0.430534124374389648E+01    0.115450203418731689E+01    0.373367607593536377E+01   -0.193471133708953857E+01    0.386384725570678711E+01   -0.956238444998757942E+01   -0.189957841458597073E+03
    0.500172186909243987E-19    0.362377409790091406E+03    0.649630514383316093E+00    0.905291917920112710E-01    0.104479614138603205E+01    0.124990162849426278E+01   -0.165584349632263184E+01    0.278213918209075928E+01   -0.189790785312652588E+01    0.230860710144042969E+01   -0.399441242218017578E+01   -0.307491779327392578E+01   -0.956238444998757942E+01   -0.190751089345033279E+03
    0.259267629979006391E-05    0.299219210315025805E+03    0.650580402612686126E+00    0.851657457351684688E-01    0.983254668712616020E+00    0.502650928497314409E+00   -0.791010618209838867E+00    0.402048051357269287E+01   -0.384337425231933594E+01   -0.410082638263702393E+01   -0.192254841327667236E+01   -0.614905357360839844E+00   -0.956238444998757942E+01   -0.159171989607500478E+03
    0.142165880159323604E+00    0.277395091990317894E+03    0.745617204904556297E+00    0.726175887584686319E-01    0.899989396333694458E+00    0.554021453857421853E+00   -0.213689804077148438E-01   -0.242656469345092773E+01    0.423223137855529785E+01   -0.218724906444549561E+01   -0.185639321804046631E+01    0.412452518939971924E+01   -0.956238444998757942E+01   -0.148259930445146523E+03
    0.219841194792369106E-60    0.552833481353825960E+03    0.683501482009887695E+00    0.102363527238369001E+00    0.107727515816688557E+01    0.495611095428466819E+00   -0.334588479995727539E+01   -0.915838479995727539E+00   -0.445077240467071533E+01    0.464648067951202393E+01   -0.240607500076293945E+01   -0.728242397308349609E+00   -0.956238444998757942E+01   -0.285979125126900556E+03
    0.633309444794743287E-13    0.334274375186018290E+03    0.798505764007568342E+00    0.918460729122161923E-01    0.963852877616882320E+00    0.552786135673522971E+00    0.221530294418334961E+01    0.201487779617309570E+01   -0.485828995704650879E+01    0.493776798248291016E+00    0.135918140411376953E+01    0.131905972957611084E+01   -0.956238444998757942E+01   -0.176699572042996721E+03
    0.749872002694556246E-45    0.481301934393913371E+03    0.807060605287551858E+00    0.984611527919769386E-01    0.840433751344680791E+00    0.893823218345642045E+00   -0.338095092773437500E+01   -0.463287830352783203E+00    0.437209546566009521E+01   -0.173968851566314697E+01   -0.356295704841613770E+01   -0.350294709205627441E+01   -0.956238444998757942E+01   -0.250213351646944261E+03
    0.163179135619293311E-06    0.304750405020387348E+03    0.810014339685440010E+00    0.815617129206657465E-01    0.894106253385543837E+00    0.918455839157104492E+00   -0.109838891029357910E+01   -0.393471717834472656E+00    0.208444893360137939E+01    0.481353402137756348E+00   -0.305405139923095703E+01   -0.114387571811676025E+01   -0.956238444998757942E+01   -0.161937586960181250E+03
    0.209450369153467832E-82    0.654244062713494031E+03    0.651611486673355111E+00    0.108310979366302504E+00    0.960552468299865736E+00    0.121054482460021984E+00   -0.299331378936767578E+01    0.839743614196777344E+00   -0.155973374843597412E+01   -0.278122484683990479E+01    0.425820589065551758E+01    0.399708151817321777E+01   -0.956238444998757942E+01   -0.336684415806734592E+03
    0.123713077003650158E-44    0.480300639287146851E+03    0.817696422338485718E+00    0.114793891966342931E+00    0.109372282505035412E+01    0.242949080467224132E+00    0.130428385734558105E+01    0.335068643093109131E+01    0.174972951412200928E+01   -0.382718443870544434E+01   -0.490536451339721680E+01   -0.273231089115142822E+01   -0.956238444998757942E+01   -0.249712704093561001E+03
    0.587971823523820175E-12    0.329817765258943439E+03    0.705278937816619877E+00    0.869704598188400374E-01    0.956600866317748988E+00    0.124290227890014648E+00    0.253490924835205078E+00    0.189996719360351562E+01   -0.493846893310546875E+01    0.203392565250396729E+01    0.482921004295349121E+01   -0.270776748657226562E+00   -0.956238444998757942E+01   -0.174471267079459295E+03
    0.188639628150055051E-23    0.382748318428814230E+03    0.731119307279586739E+00    0.930953674912452789E-01    0.851481633186340292E+00    0.510284137725830034E+00    0.581888079643249512E+01   -0.715112686157226562E-01    0.167117536067962646E+01    0.487194299697875977E+01    0.299021065235137939E+01    0.847113132476806641E-01   -0.956238444998757942E+01   -0.200936543664394691E+03
    0.359549236142717889E-05    0.298565229762043657E+03    0.806840170621871966E+00    0.828419710397720471E-01    0.848846178054809553E+00    0.288937306404113747E+00   -0.187327051162719727E+01   -0.474308729171752930E+01    0.322329461574554443E+01   -0.414132118225097656E+01    0.268366336822509766E+00    0.441399872303009033E+01   -0.956238444998757942E+01   -0.158844999331009404E+03
    0.233390039937595828E+00    0.276403658991927557E+03    0.763003991842269857E+00    0.750744739770889402E-01    0.862499791383743220E+00    0.750314664840698198E+00    0.144601750373840332E+01   -0.312293648719787598E+01   -0.209229648113250732E+01   -0.482422709465026855E+01   -0.304173529148101807E+01    0.268745005130767822E+01   -0.956238444998757942E+01   -0.147764213945951354E+03
    0.117847507117806920E-03    0.291585808687899771E+03    0.754760951995849583E+00    0.762044922709465139E-01    0.105754787921905535E+01    0.460462927818298340E+00    0.758624553680419922E+00   -0.998427271842956543E+00    0.874920487403869629E+00    0.194353699684143066E+01   -0.313442409038543701E+01   -0.285811185836791992E+01   -0.956238444998757942E+01   -0.155355288793937461E+03
    0.432758709452669429E-58    0.542268591230175844E+03    0.776324732303619314E+00    0.950497177243232738E-01    0.101951790213584914E+01    0.395919394493102983E+00   -0.585884070396423340E+01   -0.297269046306610107E+01    0.432763516902923584E+01   -0.390670120716094971E+01    0.208119213581085205E+01    0.108965635299682617E+01   -0.956238444998757942E+01   -0.280696680065075498E+03
    0.657136699568291007E-50    0.504591806255325878E+03    0.799144140481948817E+00    0.106672301292419447E+00    0.852394325733184743E+00    0.321512055397033703E+00    0.453108930587768555E+01    0.249540865421295166E+01   -0.435276865959167480E+01   -0.374679863452911377E+01    0.280798494815826416E+01    0.443927645683288574E+01   -0.956238444998757942E+01   -0.261858287577650515E+03
    0.533015509558351561E-24    0.385276064501245060E+03    0.812528771162033037E+00    0.103875345349311837E+00    0.923435152769088718E+00    0.125892879962921156E+01    0.294348192214965820E+01    0.406855523586273193E+01   -0.326946020126342773E+01   -0.433336377143859863E+01   -0.888187289237976074E+00   -0.350277423858642578E+00   -0.956238444998757942E+01   -0.202200416700610106E+03
    0.287906179078270025E-06    0.303614832878215509E+03    0.696064466238021873E+00    0.714085015058517486E-01    0.107288365244865425E+01    0.123627343177795423E+01   -0.146830987930297852E+01   -0.227694690227508545E+01    0.484515607357025146E+01    0.459905326366424561E+01   -0.289821505546569824E+01   -0.232368111610412598E+00   -0.956238444998757942E+01   -0.161369800889095330E+03
    0.275002049116470412E-02    0.285285864356266245E+03    0.724295756816863978E+00    0.705974001288414005E-01    0.873023976087570208E+00    0.732618737220764094E+00    0.384341812133789062E+01   -0.145224869251251221E+01    0.374757051467895508E+01   -0.176749050617218018E+01   -0.323108196258544922E+01    0.104861974716186523E+01   -0.956238444998757942E+01   -0.152205316628120698E+03
    0.155662213181561305E-60    0.553523915522559378E+03    0.649735624790191646E+00    0.115666429936885848E+00    0.102760645270347606E+01    0.799513673782348611E+00   -0.287854671478271484E-01   -0.198672592639923096E+01   -0.343167364597320557E+01   -0.129049897193908691E+01   -0.469076752662658691E+01    0.324815869331359863E+01   -0.956238444998757942E+01   -0.286324342211267265E+03
    0.110435152880787981E-02    0.287110564460338423E+03    0.724348553419113195E+00    0.704623402357101442E-01    0.101473798990249642E+01    0.108399198055267343E+01    0.125968480110168457E+01   -0.297300577163696289E+01   -0.312596917152404785E+01    0.923398733139038086E+00   -0.152961552143096924E+01   -0.268334746360778809E+00   -0.956238444998757942E+01   -0.153117666680156788E+03
    0.149687413305079349E-08    0.314133344153273015E+03    0.794925036430358833E+00    0.800508003234863402E-01    0.100669458270072942E+01    0.909415650367736750E+00   -0.126844382286071777E+01    0.281028628349304199E+01    0.107044935226440430E+01    0.135793626308441162E+01    0.436165153980255127E+01   -0.288709402084350586E+01   -0.956238444998757942E+01   -0.166629056526624083E+03
    0.839054236769756867E-14    0.338316912988228864E+03    0.781971179246902404E+00    0.916947389245033329E-01    0.905350422859191872E+00    0.871826744079589822E+00    0.190546274185180664E+00   -0.361931025981903076E+01    0.244618237018585205E+01   -0.258263707160949707E+01    0.497311055660247803E+01    0.322154581546783447E+01   -0.956238444998757942E+01   -0.178720840944102008E+03
    0.874477035464458427E-65    0.573097891103609754E+03    0.677076110839843759E+00    0.115414332389831564E+00    0.932920699119567876E+00    0.731458306312561035E+00    0.207160806655883789E+01    0.187095403671264648E+00   -0.165754258632659912E+01    0.335085213184356689E+01   -0.433871030807495117E+01    0.256546974182128906E+01   -0.956238444998757942E+01   -0.296111330001792453E+03
    0.101297231313147277E-81    0.651091747988622615E+03    0.738570805788040130E+00    0.124111012339591986E+00    0.109952487111091624E+01    0.102493824958801261E+01    0.504220819473266602E+01    0.470011055469512939E+01    0.256394326686859131E+01   -0.360315561294555664E+01    0.516417026519775391E+00   -0.283595800399780273E+01   -0.956238444998757942E+01   -0.335108258444298883E+03
    0.106151523186773445E-61    0.558894727352652239E+03    0.688623106479644753E+00    0.114099903702735914E+00    0.919564353227615316E+00    0.107272942066192623E+01    0.392997264862060547E+01    0.145535230636596680E+01   -0.124155759811401367E+01   -0.689789652824401855E+00    0.329471111297607422E+01   -0.155026674270629883E+01   -0.956238444998757942E+01   -0.289009748126313696E+03
    0.311595273289303262E-80    0.644239285671839980E+03    0.772060953378677306E+00    0.109539472281932837E+00    0.101710556030273436E+01    0.386206936836242631E+00   -0.306402897834777832E+01    0.196872532367706299E+01    0.119043946266174316E+01   -0.357541441917419434E+00   -0.403139472007751465E+01   -0.462117671966552734E+01   -0.956238444998757942E+01   -0.331682027285907566E+03
    0.294846014903753380E-90    0.690401491347797219E+03    0.779621338844299294E+00    0.107670353531837473E+00    0.989147869348526054E+00    0.127298693656921391E+01   -0.388280224800109863E+01    0.137859880924224854E+01    0.123829722404479980E+01   -0.448858022689819336E+01    0.413616001605987549E+01   -0.852584838867187500E-02   -0.956238444998757942E+01   -0.354763130123886185E+03
    0.194311305422391642E-76    0.626763092137155013E+03    0.719187554121017425E+00    0.112558656394481676E+00    0.106436045169830340E+01    0.911168026924133234E+00    0.281461429595947266E+01   -0.185058057308197021E+01   -0.496583044528961182E+01    0.324025928974151611E+01    0.387217938899993896E+01    0.286734521389007568E+01   -0.956238444998757942E+01   -0.322943930518565082E+03
    0.324070465408729775E-06    0.303378180242211215E+03    0.805694245100021300E+00    0.842046309113502617E-01    0.949979079961776773E+00    0.987787008285522461E+00   -0.723159313201904297E-01   -0.135589659214019775E+01   -0.341280817985534668E+01    0.788128376007080078E-01    0.268953144550323486E+01    0.549077987670898438E-01   -0.956238444998757942E+01   -0.161251474571093183E+03
    0.296235625232558170E-21    0.372635344650282150E+03    0.792221766710281328E+00    0.924747509956359987E-01    0.101346022963523863E+01    0.856394672393798739E+00   -0.210318088531494141E+01   -0.905636548995971680E+00   -0.187926471233367920E+01   -0.760475993156433105E+00    0.261572897434234619E+01    0.264440178871154785E+00   -0.956238444998757942E+01   -0.195880056775128651E+03
    0.154218687838986825E-82    0.654856293041261665E+03    0.800195727348327557E+00    0.112194174528121957E+00    0.904805463552474931E+00    0.460018181800842307E+00   -0.396820878982543945E+01   -0.192235827445983887E+01   -0.316152274608612061E+01   -0.380597233772277832E+01   -0.385486125946044922E+01   -0.978191494941711426E+00   -0.956238444998757942E+01   -0.336990530970618408E+03
    0.124111157682126129E-79    0.641475170581353382E+03    0.760334678888320847E+00    0.979443811178207502E-01    0.916337245702743552E+00    0.123095679283142093E+00   -0.537361764907836914E+01    0.381409168243408203E+01   -0.617712140083312988E+00    0.423166692256927490E+01   -0.482432365417480469E+01    0.355384409427642822E+01   -0.956238444998757942E+01   -0.330299969740664267E+03
    0.714634964100899269E-86    0.670210173331998362E+03    0.783283358812332131E+00    0.125199729144573224E+00    0.889547548294067347E+00    0.108870172500610360E+00    0.516501617431640625E+01    0.202306210994720459E+01    0.694643259048461914E+00   -0.266358196735382080E+01   -0.154939293861389160E+00   -0.427355170249938965E+01   -0.956238444998757942E+01   -0.344667471115986757E+03
    0.143661829510187751E-83    0.659603282256112152E+03    0.717548735141754102E+00    0.109732082605361950E+00    0.103116430163383499E+01    0.741704416275024370E+00   -0.376352763175964355E+01   -0.430150687694549561E+01    0.328291714191436768E+01   -0.409878492355346680E+01   -0.360540926456451416E+01    0.494088828563690186E+01   -0.956238444998757942E+01   -0.339364025578043652E+03
    0.188221661250736756E-04    0.295254521191178583E+03    0.783907068967819143E+00    0.852541716694831947E-01    0.956828721761703527E+00    0.522448420524597168E+00    0.393143892288208008E+01   -0.507032871246337891E+00    0.426522254943847656E+01    0.306963324546813965E+00   -0.456092178821563721E+01   -0.190983057022094727E+01   -0.956238444998757942E+01   -0.157189645045576867E+03
    0.158264759215904101E-32    0.424545988390126354E+03    0.724541211128234885E+00    0.107851154446601871E+00    0.106707703471183790E+01    0.233801388740539545E+00    0.590450978279113770E+01    0.109131872653961182E+01   -0.461922287940979004E+00   -0.487323045730590820E+01   -0.276253879070281982E+01   -0.391894161701202393E+01   -0.956238444998757942E+01   -0.221835378645050753E+03
    0.531062170601572436E-19    0.362257556423005553E+03    0.814964635372161794E+00    0.955896303057670732E-01    0.868985016345977801E+00    0.493645143508911088E+00    0.187140727043151855E+01    0.240273594856262207E+01   -0.255228579044342041E+01    0.317893505096435547E+01   -0.541622638702392578E+00   -0.245321094989776611E+01   -0.956238444998757942E+01   -0.190691162661490353E+03
    0.139774366366373215E-24    0.387953106638622330E+03    0.773984998464584351E+00    0.901807702183723553E-01    0.109833155512809766E+01    0.814947104454040505E+00   -0.349011325836181641E+01    0.220482170581817627E+01   -0.305165231227874756E+01   -0.654745101928710938E-01   -0.200695991516113281E+00   -0.170480191707611084E+01   -0.956238444998757942E+01   -0.203538937769298741E+03
    0.822252316954783422E-92    0.697560643587361369E+03    0.714910224676132189E+00    0.118631547331810000E+00    0.966142481565475553E+00    0.719978809356689453E+00   -0.991793632507324219E+00    0.241411209106445312E+01   -0.237479209899902344E+00   -0.409693777561187744E+01   -0.131136715412139893E+01    0.284407556056976318E+01   -0.956238444998757942E+01   -0.358342706243668260E+03
    0.246210380315613705E-14    0.340769090936089526E+03    0.783157659769058156E+00    0.892009162902832053E-01    0.109789003968238852E+01    0.443032932281494096E+00   -0.268056607246398926E+01   -0.865200161933898926E+00    0.676208734512329102E-01   -0.348550438880920410E+01   -0.169822692871093750E+01    0.136058568954467773E+01   -0.956238444998757942E+01   -0.179946929918032339E+03
    0.864995589778716770E-63    0.563909353982688344E+03    0.710088106393814034E+00    0.928230971097946250E-01    0.869549626111984275E+00    0.773113870620727450E+00   -0.593301129341125488E+01    0.295432150363922119E+01    0.835865139961242676E+00    0.913560986518859863E+00    0.300032436847686768E+01   -0.131056785583496094E+01   -0.956238444998757942E+01   -0.291517061441331748E+03
    0.418282554627937470E-30    0.413391872317534251E+03    0.730588583946228054E+00    0.105758097112178817E+00    0.106381908774375922E+01    0.108479371070861808E+01    0.456721830368041992E+01   -0.555477738380432129E+00    0.413014888763427734E+00    0.143883109092712402E+01   -0.317877054214477539E+01   -0.234447956085205078E+01   -0.956238444998757942E+01   -0.216258320608754701E+03
    0.207941032541350981E-55    0.529918932227355981E+03    0.646991510391235369E+00    0.111987918615341200E+00    0.950372987985610984E+00    0.647098684310912997E+00    0.468763446807861328E+01    0.334224402904510498E+01    0.136519789695739746E+01    0.286132931709289551E+01   -0.102696895599365234E+01    0.262172996997833252E+01   -0.956238444998757942E+01   -0.274521850563665566E+03
    0.274008411277336947E-02    0.285293103846190377E+03    0.701843682527542145E+00    0.742149904966354496E-01    0.100968717098236094E+01    0.117130424976348890E+01   -0.105705928802490234E+01    0.704206824302673340E+00    0.436322450637817383E+01   -0.232460498809814453E+01   -0.635212063789367676E+00    0.223235428333282471E+01   -0.956238444998757942E+01   -0.152208936373082764E+03
    0.170318278991765838E-84    0.663868038873279261E+03    0.648629095554351776E+00    0.120581734716892264E+00    0.895725448131561297E+00    0.358139872550964355E+00    0.579736304283142090E+01   -0.259955227375030518E+01    0.138683974742889404E+01    0.102971017360687256E+01    0.152536630630493164E+00   -0.424057006835937500E+01   -0.956238444998757942E+01   -0.341496403886627206E+03
    0.177730349019351957E-27    0.401288141086848213E+03    0.791306178569793683E+00    0.984510915279388499E-01    0.924846080541610771E+00    0.110150873661041260E+01    0.251111984252929688E+01   -0.489840924739837646E+01    0.452846169471740723E+01    0.342326343059539795E+01    0.320714354515075684E+01    0.950913429260253906E+00   -0.956238444998757942E+01   -0.210206454993411683E+03
    0.134234856302308486E-93    0.705790726529507651E+03    0.749482235908508265E+00    0.118693197727203381E+00    0.916582411527633645E+00    0.912575006484985352E+00    0.164916729927062988E+01    0.494863212108612061E+01    0.198752284049987793E+01    0.389362692832946777E+01   -0.158304989337921143E+01    0.311865806579589844E+00   -0.956238444998757942E+01   -0.362457747714741402E+03
    0.113044755063451409E-17    0.356141406638413059E+03    0.688248670101165749E+00    0.799984817504882928E-01    0.851952314376831055E+00    0.822147583961486794E+00   -0.521062517166137695E+01    0.148369073867797852E+00   -0.254320263862609863E+01    0.384286165237426758E+01   -0.470324873924255371E+01    0.402432322502136230E+01   -0.956238444998757942E+01   -0.187633087769194105E+03
    0.128450922536175495E-02    0.286808327643020050E+03    0.689361346960067789E+00    0.730142415165901254E-01    0.864802072048187265E+00    0.889311742782592729E+00   -0.241568970680236816E+01   -0.385335922241210938E+01    0.214379727840423584E+01   -0.341754913330078125E+01    0.312111973762512207E+00   -0.159847557544708252E+01   -0.956238444998757942E+01   -0.152966548271497601E+03
    0.240801638906083938E-56    0.534230664458566253E+03    0.763960521221160871E+00    0.104379314064979564E+00    0.108556597828865065E+01    0.279754638671875000E+00   -0.146804881095886230E+01   -0.400093138217926025E+01   -0.180759429931640625E+00    0.364765048027038574E+01    0.250869035720825195E+01    0.461737513542175293E+00   -0.956238444998757942E+01   -0.276677716679270702E+03
    0.946312226397921399E-49    0.499257275068361253E+03    0.691637480258941673E+00    0.106709842383861553E+00    0.939091516733169596E+00    0.115612423419952393E+01    0.472271633148193359E+01    0.226433217525482178E+01    0.153741478919982910E+01    0.192518115043640137E+01    0.446859061717987061E+01    0.380646169185638428E+01   -0.956238444998757942E+01   -0.259191021984168231E+03
    0.270835431894283317E-84    0.662940353957155594E+03    0.765192567110061672E+00    0.119832057356834415E+00    0.945037221908569314E+00    0.527562499046325684E+00    0.456454539299011230E+01   -0.354090869426727295E+01   -0.427143514156341553E+01   -0.362224340438842773E+01    0.765450000762939453E+00   -0.230589032173156738E+01   -0.956238444998757942E+01   -0.341032561428565373E+03
    0.702786343533149823E-16    0.347881698208818705E+03    0.698293220996856645E+00    0.909170157909393317E-01    0.109389216303825387E+01    0.109276852607727060E+01    0.575649976730346680E+00    0.204579234123229980E+01   -0.640571713447570801E+00    0.290483355522155762E+01    0.221241712570190430E+01   -0.168365120887756348E+01   -0.956238444998757942E+01   -0.183503233554396928E+03
    0.492728750282518167E-25    0.390038418091216840E+03    0.655096555948257442E+00    0.896269982457160996E-01    0.103650023818016068E+01    0.576564812660217307E+00   -0.315725755691528320E+01    0.241477489471435547E+00   -0.406415581703186035E+01    0.196374177932739258E+01    0.406639277935028076E+01   -0.491004228591918945E+01   -0.956238444998757942E+01   -0.204581593495595996E+03
    0.302099131686071241E-43    0.473909888651463746E+03    0.783163163661956707E+00    0.102897164106369038E+00    0.107941817402839657E+01    0.531593251228332564E+00    0.556818366050720215E+01   -0.364337801933288574E+01   -0.373888075351715088E+01    0.268215298652648926E+01    0.559269785881042480E+00   -0.173030972480773926E+01   -0.956238444998757942E+01   -0.246517328775719449E+03
    0.791865015292048442E-97    0.720661807238975030E+03    0.698511209487915008E+00    0.106769203841686255E+00    0.100183723092079169E+01    0.280607080459594704E+00   -0.431045222282409668E+01   -0.235615968704223633E+00    0.244325041770935059E+01   -0.213987350463867188E+01    0.473087430000305176E+01   -0.191769719123840332E+01   -0.956238444998757942E+01   -0.369893288069475091E+03
    0.334405387186088622E-08    0.312525734587963598E+03    0.680050777196884115E+00    0.887122532725334312E-01    0.899917225837707502E+00    0.997478580474853493E+00    0.524873971939086914E+00    0.317190349102020264E+01    0.309013664722442627E+01   -0.241422832012176514E+01   -0.439653396606445312E+00    0.103782415390014648E+01   -0.956238444998757942E+01   -0.165825251743969375E+03
    0.702444201978844036E-47    0.490642947883142767E+03    0.815915671586990299E+00    0.104482756435871127E+00    0.107730424642562883E+01    0.122172706127166752E+01    0.259781599044799805E+00    0.318567633628845215E+01    0.169837713241577148E+01    0.399344444274902344E+01   -0.470915675163269043E+01    0.380181789398193359E+01   -0.956238444998757942E+01   -0.254883858391558960E+03
    0.119110592988063084E-14    0.342221358857323366E+03    0.718497067689895630E+00    0.794972798824310350E-01    0.957871978282928471E+00    0.125871293544769292E+01   -0.554041528701782227E+01   -0.320956110954284668E+00   -0.345018982887268066E+01    0.336716771125793457E+00    0.653636455535888672E-01    0.253322780132293701E+01   -0.956238444998757942E+01   -0.180673063878649259E+03
    0.367665946986109530E-42    0.468911879347419244E+03    0.708347245454788221E+00    0.105335901319980635E+00    0.100052694201469428E+01    0.688410425186157138E+00   -0.748369932174682617E+00   -0.204294085502624512E+01   -0.277666807174682617E+01    0.186224579811096191E+00    0.106358587741851807E+01   -0.223375856876373291E+01   -0.956238444998757942E+01   -0.244018324123697198E+03
    0.371903589421997470E-53    0.519545831634676119E+03    0.721953630447387695E+00    0.960867070555687097E-01    0.105208811998367313E+01    0.520354223251342729E+00   -0.477262401580810547E+01   -0.383689999580383301E+01    0.332552194595336914E+00    0.275966823101043701E+01    0.867377519607543945E+00   -0.214050948619842529E+01   -0.956238444998757942E+01   -0.269335300267325636E+03
    0.127981293553132887E-06    0.305236333979914718E+03    0.658963142633438137E+00    0.852706344127655141E-01    0.854389792680740334E+00    0.634034252166748025E+00    0.428178977966308594E+01   -0.140625774860382080E+01    0.150180578231811523E+01    0.113761305809020996E+01    0.895372629165649414E+00   -0.187768995761871338E+01   -0.956238444998757942E+01   -0.162180551439944935E+03
    0.157286053944483860E-35    0.438373905297482622E+03    0.817514235973358039E+00    0.103617739260196698E+00    0.842779827117919877E+00    0.294983720779418923E+00    0.578742027282714844E+01    0.487644791603088379E+01   -0.231971383094787598E+01   -0.199169158935546875E+01    0.110413134098052979E+01    0.126622319221496582E+01   -0.956238444998757942E+01   -0.228749337098728887E+03
    0.186973784626274593E-11    0.327504016292376207E+03    0.708259043693542423E+00    0.904954614043235878E-01    0.104599158048629759E+01    0.128965232372283944E+01    0.209912180900573730E+01   -0.343824863433837891E+01    0.479416072368621826E+01    0.212423503398895264E+01   -0.203686237335205078E+01   -0.423097312450408936E+01   -0.956238444998757942E+01   -0.173314392596175679E+03
    0.425905890769252682E-89    0.685060790818818759E+03    0.722792829275131221E+00    0.123511537075042727E+00    0.109029552459716816E+01    0.106003563404083256E+01    0.150171446800231934E+01    0.191165685653686523E+01    0.399152636528015137E+00   -0.417831003665924072E+01   -0.598703026771545410E+00    0.209673702716827393E+01   -0.956238444998757942E+01   -0.352092779859396956E+03
    0.375879389046022624E-02    0.284660884817974704E+03    0.775024987459182690E+00    0.787447979450225932E-01    0.101206032037734994E+01    0.513942027091980003E+00    0.251290583610534668E+01   -0.444113373756408691E+01    0.599585771560668945E+00   -0.117707788944244385E+01    0.333228647708892822E+01    0.185116767883300781E+01   -0.956238444998757942E+01   -0.151892826858974928E+03
    0.204473609459148036E-43    0.474690521243609282E+03    0.757753481864929190E+00    0.108410372078418749E+00    0.101040735721588137E+01    0.125271251201629652E+01    0.227013659477233887E+01    0.358498215675354004E+01   -0.159291625022888184E+00    0.100074768066406250E+01    0.754320621490478516E+00    0.406430363655090332E+00   -0.956238444998757942E+01   -0.246907645071792217E+03
    0.182807060290464584E-14    0.341364601123451450E+03    0.732996145486831674E+00    0.941252133250236600E-01    0.986087573766708414E+00    0.218437266349792492E+00   -0.111273336410522461E+01    0.779674649238586426E+00    0.164470314979553223E+01   -0.454382598400115967E+01   -0.467543065547943115E+01    0.128716111183166504E+01   -0.956238444998757942E+01   -0.180244685011713301E+03
    0.549437391986893593E-09    0.316137823094080034E+03    0.766794017553329432E+00    0.879719831943512054E-01    0.982791519165039151E+00    0.128059682846069345E+01    0.290985345840454102E+01    0.217758715152740479E+01   -0.158367753028869629E+01    0.108879566192626953E+01    0.334539711475372314E+01    0.253523051738739014E+01   -0.956238444998757942E+01   -0.167631295997027593E+03
    0.489234738514277395E-14    0.339395778861756071E+03    0.734116665124893153E+00    0.855493817329406880E-01    0.929803249835968071E+00    0.450238847732543968E+00   -0.118749618530273438E+01   -0.169982016086578369E+01    0.388973653316497803E+01    0.341747641563415527E+01   -0.317655384540557861E+01   -0.158192515373229980E+01   -0.956238444998757942E+01   -0.179260273880865611E+03
    0.372535892516648837E-46    0.487306242859830945E+03    0.753095375299453695E+00    0.115035085618495958E+00    0.106439236044883745E+01    0.510672521591186479E+00    0.394314694404602051E+01    0.215540289878845215E+01   -0.539529323577880859E+00   -0.233522951602935791E+01   -0.431777894496917725E+01    0.319979310035705566E+01   -0.956238444998757942E+01   -0.253215505879903048E+03
    0.120032040566537495E-18    0.360626627006291017E+03    0.669827022552490270E+00    0.990465297102928188E-01    0.107472870349884042E+01    0.283344149589538574E+00    0.323568820953369141E+00   -0.570541620254516602E+00   -0.146096408367156982E+01   -0.532862544059753418E+00   -0.430678308010101318E+01    0.129459559917449951E+01   -0.956238444998757942E+01   -0.189875697953133084E+03
    0.108139213125007228E-04    0.296362923011224780E+03    0.759691206216812076E+00    0.763943986296653776E-01    0.911043817996978755E+00    0.101996614933013907E+01    0.429854178428649902E+01    0.342638194561004639E+01   -0.206697523593902588E+01    0.161434352397918701E+01    0.389104485511779785E+00   -0.385011017322540283E+01   -0.956238444998757942E+01   -0.157743845955599966E+03
    0.209903642955624657E-46    0.488453612472988482E+03    0.799970850944519030E+00    0.890807344913482763E-01    0.851419442892074607E+00    0.359239077568054177E+00   -0.568186783790588379E+01   -0.710568428039550781E+00    0.245219945907592773E+01    0.299288809299468994E+01    0.660518407821655273E+00    0.216497302055358887E+01   -0.956238444998757942E+01   -0.253789190686481817E+03
    0.534446273834934267E-19    0.362244852198539263E+03    0.766071999073028476E+00    0.929256968498230057E-01    0.854773627519607504E+00    0.114720392227172854E+00    0.153162360191345215E+01    0.988529920578002930E+00    0.239736437797546387E+01    0.296077013015747070E+01    0.445058226585388184E+01   -0.402701973915100098E+01   -0.956238444998757942E+01   -0.190684810549257207E+03
    0.160906816222966455E-89    0.687007576802768767E+03    0.754514575004577637E+00    0.114205144524574281E+00    0.906566163301467887E+00    0.552790927886962824E+00   -0.821052789688110352E+00    0.134987235069274902E+00   -0.173010945320129395E+01    0.344676911830902100E+01   -0.121960580348968506E+01    0.451883912086486816E+01   -0.956238444998757942E+01   -0.353066172851371959E+03
    0.179370835978091513E-17    0.355218063499660445E+03    0.700742238759994529E+00    0.832690968513488811E-01    0.886668740510940578E+00    0.261864089965820335E+00   -0.458851146697998047E+01    0.540314316749572754E+00    0.692430138587951660E+00   -0.333691298961639404E+01    0.354318737983703613E+01    0.273344576358795166E+01   -0.956238444998757942E+01   -0.187171416199817799E+03
    0.321296033895924196E-30    0.413919460817640470E+03    0.721841084957122847E+00    0.105139341950416576E+00    0.920348434448242214E+00    0.354192519187927268E+00    0.443658828735351562E+01    0.383532524108886719E+01    0.447893202304840088E+01   -0.293342530727386475E+01    0.299794137477874756E+01   -0.212663531303405762E+01   -0.956238444998757942E+01   -0.216522114858807811E+03
    0.135064402005722806E-17    0.355785470810871288E+03    0.688205068111419682E+00    0.890495697259903046E-01    0.102444643259048473E+01    0.442392563819885232E+00    0.581431174278259277E+01   -0.443327188491821289E+01   -0.404436469078063965E+01   -0.476767659187316895E+01    0.538146495819091797E-01   -0.427389204502105713E+01   -0.956238444998757942E+01   -0.187455119855423220E+03
    0.287160426963360872E-13    0.335856211422967135E+03    0.788796575069427464E+00    0.727665457725524961E-01    0.104033977985382098E+01    0.830696177482604936E+00   -0.580598688125610352E+01    0.451058089733123779E+01    0.369610071182250977E+01   -0.265594601631164551E+01    0.207248032093048096E+01   -0.750111341476440430E+00   -0.956238444998757942E+01   -0.177490490161471143E+03
    0.779542410181893264E-03    0.287807177452352960E+03    0.710028293132781929E+00    0.774642631411552457E-01    0.104309070467948928E+01    0.348824524879455589E+00    0.394444084167480469E+01   -0.128000736236572266E+01    0.395792305469512939E+01    0.116857469081878662E+01    0.232315540313720703E+01    0.239396095275878906E-01   -0.956238444998757942E+01   -0.153465973176164056E+03
    0.509635199168284310E-10    0.320893392594066142E+03    0.645288865566253644E+00    0.711280815005302519E-01    0.967458070516586277E+00    0.106878964900970463E+01   -0.453740000724792480E+01    0.360742747783660889E+01   -0.104578495025634766E+01    0.225402235984802246E+01   -0.362025201320648193E+01   -0.417666494846343994E+01   -0.956238444998757942E+01   -0.170009080747020647E+03
    0.107505050172448473E-04    0.296374686176560033E+03    0.755660854578018126E+00    0.881031191945076120E-01    0.100824197888374334E+01    0.110124988555908199E+01    0.297247481346130371E+01   -0.175674259662628174E+01    0.397846579551696777E+01   -0.370653092861175537E+01   -0.685137510299682617E-01   -0.354354500770568848E+01   -0.956238444998757942E+01   -0.157749727538267592E+03
    0.357605623322585889E-17    0.353838112707329003E+03    0.734910577535629272E+00    0.927020726799965000E-01    0.873400480747222874E+00    0.106093678474426278E+01    0.509901881217956543E+01    0.286530137062072754E+01   -0.507388710975646973E+00    0.241556763648986816E+00    0.391957461833953857E+01    0.417386472225189209E+01   -0.956238444998757942E+01   -0.186481440803652077E+03
    0.275866293091454381E-13    0.335936460894048537E+03    0.702120529413223227E+00    0.883769616484642029E-01    0.970354560613632233E+00    0.931792140007019043E+00    0.227827548980712891E+01   -0.139692604541778564E+01    0.313458859920501709E+01    0.446949601173400879E+01    0.412588119506835938E+01    0.849997997283935547E-01   -0.956238444998757942E+01   -0.177530614897011844E+03
    0.340260725289523959E-05    0.298675507686521030E+03    0.780674835443496695E+00    0.721912678480148423E-01    0.875669318437576227E+00    0.113919992446899410E+01    0.513018250465393066E+01    0.229027032852172852E+01   -0.102329850196838379E+01    0.462687909603118896E+01    0.749679803848266602E+00    0.168954789638519287E+01   -0.956238444998757942E+01   -0.158900138293248091E+03
    0.208178080469334869E-61    0.557547674688483880E+03    0.734061787128448495E+00    0.108778488576412202E+00    0.855847444534301727E+00    0.743053030967712358E+00   -0.151555538177490234E+01    0.285049736499786377E+01   -0.126877546310424805E+01    0.753582715988159180E+00   -0.227097213268280029E+01   -0.269528567790985107E+01   -0.956238444998757942E+01   -0.288336221794229516E+03
    0.104430356953070857E-41    0.466824017890556433E+03    0.759299099445343018E+00    0.104485158562660219E+00    0.102024284601211557E+01    0.119772086143493661E+01   -0.319573402404785156E+00    0.238506197929382324E+00   -0.268559932708740234E+01    0.251283824443817139E+01   -0.255690455436706543E+01    0.298598110675811768E+01   -0.956238444998757942E+01   -0.242974393395265793E+03
    0.875690093660757741E-62    0.559279608105527359E+03    0.726284582614898699E+00    0.960251069664955215E-01    0.109872154235839847E+01    0.918168735504150346E+00   -0.543400526046752930E+01    0.739033222198486328E+00   -0.478038787841796875E+01    0.236971020698547363E+01    0.265699505805969238E+01    0.299854934215545654E+01   -0.956238444998757942E+01   -0.289202188502751255E+03
    0.525736080537994120E-19    0.362277715938419817E+03    0.692896981239318865E+00    0.978157855868339587E-01    0.100452376484870909E+01    0.112703170776367201E+01    0.210707974433898926E+01    0.144349932670593262E+01    0.938169956207275391E+00    0.233283817768096924E+01   -0.336556017398834229E+01    0.201424121856689453E+01   -0.956238444998757942E+01   -0.190701242419197484E+03
    0.319568757368783254E-15    0.344852688964660445E+03    0.780599712133407619E+00    0.943603702187538196E-01    0.102776088237762453E+01    0.540747809410095259E+00    0.444179034233093262E+01    0.448413968086242676E+01    0.197642922401428223E+01   -0.475080728530883789E+01    0.461994409561157227E+01    0.160624861717224121E+01   -0.956238444998757942E+01   -0.181988728932317798E+03
    0.136642277727389202E-07    0.309710539585245783E+03    0.758814864158630309E+00    0.876443004012107951E-01    0.100367563366889967E+01    0.552800798416137718E+00    0.383063220977783203E+01    0.134794890880584717E+01    0.545623302459716797E+00   -0.126687586307525635E+01    0.368174552917480469E+01    0.467153728008270264E+01   -0.956238444998757942E+01   -0.164417654242610467E+03
    0.363030879360347150E-97    0.722221613327567297E+03    0.660884827375411987E+00    0.103134547054767628E+00    0.841611802577972412E+00    0.853576350212097101E+00   -0.481592488288879395E+01    0.370624542236328125E+01   -0.186153590679168701E+01    0.354257106781005859E+01    0.113092601299285889E+01    0.728272795677185059E+00   -0.956238444998757942E+01   -0.370673191113771225E+03
    0.864963025534710406E-88    0.679038683927241550E+03    0.774783620834350595E+00    0.115460387825965891E+00    0.878277142047882098E+00    0.604430961608886652E+00    0.490696907043457031E+00    0.265848755836486816E+01    0.278241515159606934E+01    0.240945518016815186E+01   -0.292493104934692383E+00    0.308159887790679932E+01   -0.956238444998757942E+01   -0.349081726413608351E+03
    0.358516171956245329E-19    0.363043367077843641E+03    0.745353254079818672E+00    0.102995060205459607E+00    0.886940577030181920E+00    0.106252121925354007E+00    0.209311509132385254E+01    0.852289199829101562E+00    0.418441474437713623E+01   -0.397506296634674072E+01   -0.277952730655670166E+01   -0.481141865253448486E+01   -0.956238444998757942E+01   -0.191084067988909396E+03
    0.812881042917038056E-65    0.573243973611124943E+03    0.815444965362548846E+00    0.101077182054519668E+00    0.929402693510055555E+00    0.617874479293823220E+00   -0.434952306747436523E+01   -0.357453525066375732E+01   -0.165506660938262939E+01    0.213728964328765869E+01    0.240593254566192627E+01   -0.173796832561492920E+01   -0.956238444998757942E+01   -0.296184371255550047E+03
    0.184172986381082835E-60    0.553187541322865513E+03    0.691769176721572898E+00    0.978293934464454784E-01    0.102566748857498169E+01    0.557696795463561990E+00   -0.549993753433227539E+01   -0.224327743053436279E+01   -0.206624865531921387E+00   -0.349939465522766113E+00   -0.102925181388854980E+01   -0.813497900962829590E+00   -0.956238444998757942E+01   -0.286156155111420333E+03
    0.244225625255102471E-47    0.492755894840281542E+03    0.739289938211441067E+00    0.110800601422786721E+00    0.889629590511322066E+00    0.323049283027648904E+00    0.494691538810729980E+01   -0.537234544754028320E-01    0.166783690452575684E+01   -0.375865578651428223E+01    0.200621128082275391E+01   -0.172227025032043457E+00   -0.956238444998757942E+01   -0.255940331870128347E+03
    0.410177310518928468E-04    0.293696582764399750E+03    0.641349998712539726E+00    0.739495114684105004E-01    0.929533396959304814E+00    0.776982402801513650E+00    0.458317136764526367E+01    0.214861690998077393E+01   -0.623677372932434082E+00    0.824630260467529297E-01   -0.466688275337219238E+01   -0.374541282653808594E+01   -0.956238444998757942E+01   -0.156410675832187451E+03
    0.413647849986806607E-02    0.284469391438289222E+03    0.694549543857574503E+00    0.772105809450149561E-01    0.953193216323852566E+00    0.694658899307250888E+00    0.810245275497436523E+00   -0.216519892215728760E+01    0.290948629379272461E+01    0.107426285743713379E+01   -0.361976504325866699E+01    0.247692286968231201E+01   -0.956238444998757942E+01   -0.151797080169132187E+03
    0.530467416284503025E-20    0.366864967731188074E+03    0.805291291475295989E+00    0.944946126341819903E-01    0.978453075885772794E+00    0.104836766719818120E+01    0.559614014625549316E+01   -0.411261141300201416E+01   -0.164944946765899658E+01   -0.182714223861694336E+01    0.708146095275878906E+00   -0.288027167320251465E+01   -0.956238444998757942E+01   -0.192994868315581613E+03
    0.134874244409551283E-04    0.295921076183367006E+03    0.766835023164749163E+00    0.809688906669616820E-01    0.863962278366088854E+00    0.102536654472351074E+01   -0.134287118911743164E+01    0.108303248882293701E+01   -0.311887919902801514E+01   -0.424907803535461426E+01    0.341556847095489502E+01   -0.210251927375793457E+01   -0.956238444998757942E+01   -0.157522922541671079E+03
    0.556847861622459187E-23    0.380583411232559683E+03    0.772801940441131596E+00    0.926880623698234651E-01    0.958008710145950348E+00    0.100898146629333496E+00   -0.318775177001953125E+00   -0.190915048122406006E+01   -0.706935524940490723E+00    0.383703649044036865E+01    0.420958817005157471E+01    0.407991170883178711E+01   -0.956238444998757942E+01   -0.199854090066267418E+03
    0.183278080327841551E-23    0.382805986231750296E+03    0.718250808715820255E+00    0.983826120495796264E-01    0.100160878658294683E+01    0.751075839996337868E+00    0.300656461715698242E+01   -0.305707812309265137E+01   -0.217198729515075684E+00    0.263069450855255127E+01    0.117637634277343750E+01    0.100217640399932861E+01   -0.956238444998757942E+01   -0.200965377565862724E+03
    0.432386733755853250E-01    0.279775610458613471E+03    0.665055372714996373E+00    0.755696265101432896E-01    0.877481143474578840E+00    0.269197392463684071E+00    0.626208543777465820E+00    0.828079581260681152E+00   -0.218915462493896484E+01   -0.843575596809387207E+00   -0.344766914844512939E+01    0.155768811702728271E+01   -0.956238444998757942E+01   -0.149450189679294311E+03
    0.267837410654927751E-04    0.294549001586690508E+03    0.708206096887588510E+00    0.702262904047966097E-01    0.913429628610610944E+00    0.128679008483886714E+01    0.366399621963500977E+01   -0.368108391761779785E+01    0.368044376373291016E+01   -0.720182061195373535E+00   -0.432263374328613281E+01   -0.369601428508758545E+01   -0.956238444998757942E+01   -0.156836885243332830E+03
    0.451895170513339664E-07    0.307318371925568101E+03    0.756972047090530342E+00    0.716176626086235113E-01    0.104274682164192201E+01    0.100695164203643794E+01   -0.478199744224548340E+01   -0.374351859092712402E+01    0.437624454498291016E+00    0.348537802696228027E+01    0.316117882728576660E+01    0.263043701648712158E+01   -0.956238444998757942E+01   -0.163221570412771626E+03
    0.116279839607070179E-62    0.563317633220851462E+03    0.678535275459289600E+00    0.103914810657501230E+00    0.930354934930801347E+00    0.287417101860046376E+00   -0.438173961639404297E+01   -0.313296079635620117E+01   -0.401177406311035156E+00   -0.314258337020874023E+01   -0.351513028144836426E+00   -0.271842539310455322E+01   -0.956238444998757942E+01   -0.291221201060413307E+03
    0.514264473898303941E-11    0.325480477780536546E+03    0.751492240428924596E+00    0.708689913749694922E-01    0.985291931629180939E+00    0.747746968269348056E+00   -0.415217828750610352E+01   -0.101293921470642090E+01    0.351564347743988037E+01    0.449916660785675049E+01   -0.442719995975494385E+01   -0.446950912475585938E+01   -0.956238444998757942E+01   -0.172302623340255849E+03
    0.668464178609999032E-38    0.449295582529021829E+03    0.714546763896942161E+00    0.107717905580997475E+00    0.991211818456649851E+00    0.367791461944580123E+00    0.376306772232055664E+00   -0.488005757331848145E+01    0.337487339973449707E+01   -0.313073396682739258E+01    0.753490924835205078E+00   -0.463635146617889404E+01   -0.956238444998757942E+01   -0.234210175714498490E+03
    0.113586857353275295E-17    0.356131838629467552E+03    0.810091716051101640E+00    0.815317052006721554E-01    0.105502104401588448E+01    0.902207517623901278E+00   -0.457301330566406250E+01   -0.125245213508605957E+01    0.119868278503417969E+01    0.221349060535430908E+01   -0.445231258869171143E+01   -0.423622727394104004E+00   -0.956238444998757942E+01   -0.187628303764721352E+03
    0.416112157449405101E-42    0.468664319227379565E+03    0.656810122728347823E+00    0.111119065582752238E+00    0.918023465871810940E+00    0.123605234622955318E+01    0.258341789245605469E+01   -0.687401294708251953E+00   -0.474103450775146484E+01   -0.253248631954193115E+01   -0.690433382987976074E+00   -0.235318064689636230E+01   -0.956238444998757942E+01   -0.243894544063677358E+03
    0.386502696876906868E-03    0.289210313948812370E+03    0.683412915468215920E+00    0.806364161968231297E-01    0.106430762171745297E+01    0.110491714477539071E+01    0.333305883407592773E+01   -0.471555709838867188E+01    0.269234418869018555E+01    0.104074239730834961E+01    0.234382867813110352E+01    0.439352214336395264E+01   -0.956238444998757942E+01   -0.154167541424393761E+03
    0.579151711081142164E-45    0.481818610520009599E+03    0.641491512060165414E+00    0.112303955495357516E+00    0.101662451148033139E+01    0.113309857845306405E+01    0.454912233352661133E+01    0.170057058334350586E+01    0.494860410690307617E+00   -0.271190583705902100E+01    0.358409881591796875E+00   -0.143503069877624512E+01   -0.956238444998757942E+01   -0.250471689709992376E+03
    0.506816776088074091E-20    0.366956185702218306E+03    0.769797383546829250E+00    0.920342562794685404E-01    0.107945276379585264E+01    0.295633530616760232E+00   -0.109816074371337891E+00    0.656652450561523438E+00    0.240068137645721436E+01    0.404760956764221191E+01   -0.312579751014709473E+01   -0.196811735630035400E+01   -0.956238444998757942E+01   -0.193040477301096729E+03
    0.330350442620487691E-06    0.303339794121505179E+03    0.675713752508163457E+00    0.809290480613708563E-01    0.950972156524658274E+00    0.116279749870300297E+01   -0.378600454330444336E+01   -0.488065123558044434E+01   -0.246985316276550293E+01   -0.388878941535949707E+01    0.166844606399536133E+01    0.327312290668487549E+01   -0.956238444998757942E+01   -0.161232281510740165E+03
    0.243764042093755852E-07    0.308552870950532736E+03    0.785841681957244798E+00    0.710956087708473211E-01    0.880637986660003591E+00    0.621860957145690896E+00   -0.533405256271362305E+01    0.348685204982757568E+01   -0.308578014373779297E+01   -0.145525932312011719E+01    0.411916971206665039E+00    0.577345490455627441E+00   -0.956238444998757942E+01   -0.163838819925253944E+03
    0.202080282424734318E-73    0.612869174546983686E+03    0.721868175268173262E+00    0.124787959337234508E+00    0.872196657657623220E+00    0.329727983474731423E+00    0.243463182449340820E+01   -0.139859676361083984E+01    0.175145089626312256E+01   -0.462500810623168945E+01   -0.271857798099517822E+01   -0.177715361118316650E+01   -0.956238444998757942E+01   -0.315996971723479419E+03
    0.193256201661468009E-03    0.290596558083508341E+03    0.703337565660476671E+00    0.782517205476760958E-01    0.101720815181732194E+01    0.616269373893737704E+00   -0.145993423461914062E+01    0.569850802421569824E+00    0.207072854042053223E+01   -0.451999843120574951E+01    0.305658936500549316E+01    0.175458192825317383E-01   -0.956238444998757942E+01   -0.154860663491741747E+03
    0.629094933287903304E-02    0.283630857108933469E+03    0.800196703672409027E+00    0.734326517581939814E-01    0.995051189661026014E+00    0.535316371917724632E+00   -0.246220207214355469E+01   -0.204694569110870361E+01   -0.480573475360870361E+01   -0.753657221794128418E+00    0.705629587173461914E-01    0.177376687526702881E+01   -0.956238444998757942E+01   -0.151377813004454310E+03
    0.319438934395915430E-02    0.284986289200411306E+03    0.794852015972137393E+00    0.848352583646774377E-01    0.966802321672439624E+00    0.111684575080871595E+01    0.447708535194396973E+01    0.108977377414703369E+01    0.304186522960662842E+01   -0.310488581657409668E+01   -0.326195597648620605E+01    0.218603312969207764E+01   -0.956238444998757942E+01   -0.152055529050193229E+03
    0.124583333896699024E-54    0.526338321444472285E+03    0.803501378297805768E+00    0.106544447779655466E+00    0.914651660919189480E+00    0.109848213195800781E+01    0.585252428054809570E+01    0.672799348831176758E-01   -0.386335968971252441E+01    0.327522456645965576E+01   -0.682860612869262695E-01    0.568128228187561035E+00   -0.956238444998757942E+01   -0.272731545172223719E+03
    0.177084483448239985E-10    0.323007529089481920E+03    0.743198946714401232E+00    0.760479264259338456E-01    0.105978310346603388E+01    0.902184700965881325E+00   -0.458355116844177246E+01    0.425890028476715088E+01   -0.367936193943023682E+01    0.140282511711120605E+00   -0.396389663219451904E+01   -0.172339379787445068E+01   -0.956238444998757942E+01   -0.171066148994728536E+03
    0.172044152525207306E-19    0.364511812326807842E+03    0.677113168239593555E+00    0.960697286725044342E-01    0.101557708621025089E+01    0.256907153129577626E+00    0.303442454338073730E+01    0.132154822349548340E+00    0.428227782249450684E+01    0.905368328094482422E+00    0.417220830917358398E+01    0.177161455154418945E+01   -0.956238444998757942E+01   -0.191818290613391497E+03
    0.784298636646409857E-03    0.287795011916375472E+03    0.713372246026992785E+00    0.740064204931259184E-01    0.100332493185997018E+01    0.731740975379943759E+00   -0.190941739082336426E+01   -0.296226382255554199E+01    0.315915584564208984E+01   -0.344665646553039551E+00    0.487808406352996826E+01    0.271024525165557861E+01   -0.956238444998757942E+01   -0.153459890408175312E+03
    0.560823397694490037E-14    0.339122651572377208E+03    0.774161337614059475E+00    0.934493604898452845E-01    0.888558392524719243E+00    0.624941706657409668E+00    0.485942602157592773E+00   -0.632487535476684570E+00   -0.535701513290405273E+00    0.193538367748260498E+01   -0.417365014553070068E+01    0.814532637596130371E+00   -0.956238444998757942E+01   -0.179123710236176180E+03
    0.312868567519583925E-12    0.331079556933541255E+03    0.673099789619445832E+00    0.958924743533134533E-01    0.865256419181823722E+00    0.238942003250122076E+00    0.189342641830444336E+01   -0.117544591426849365E+01    0.454527974128723145E+01   -0.230314731597900391E+01   -0.271551072597503662E+01    0.311191201210021973E+01   -0.956238444998757942E+01   -0.175102162916758203E+03
    0.145590896048699590E-34    0.433923266192488768E+03    0.686572986841201827E+00    0.909855455756187481E-01    0.927816414833068870E+00    0.172161293029785167E+00   -0.481559658050537109E+01   -0.458024203777313232E+01   -0.323037564754486084E+01    0.415862023830413818E+01   -0.235769331455230713E+01    0.390760183334350586E+01   -0.956238444998757942E+01   -0.226524017546231960E+03
    0.448990369546028169E-74    0.615877671967672313E+03    0.742212698459625231E+00    0.110427479445934312E+00    0.863236745595931998E+00    0.118786334991455078E+00   -0.648728370666503906E+00   -0.464682877063751221E+01    0.310437262058258057E+01    0.149259686470031738E+01    0.407062828540802002E+01    0.172643184661865234E+01   -0.956238444998757942E+01   -0.317501220433823732E+03
    0.475231088076901116E-48    0.496029647635769663E+03    0.802742023468017596E+00    0.109126482546329506E+00    0.982093122005462726E+00    0.115654902458190922E+01   -0.311370134353637695E+00   -0.284090638160705566E+00   -0.277832746505737305E+00    0.466673970222473145E+00   -0.305868923664093018E+01   -0.116416156291961670E+01   -0.956238444998757942E+01   -0.257577208267872436E+03
    0.258759046082417669E-98    0.727503964699718949E+03    0.791323323249816912E+00    0.108206040382385266E+00    0.913350453376770011E+00    0.297810554504394531E+00   -0.440374302864074707E+01    0.311395823955535889E+01   -0.209720432758331299E+01   -0.251382827758789062E+01    0.254517436027526855E+01   -0.204586029052734375E+01   -0.956238444998757942E+01   -0.373314366799847051E+03
    0.266621754596584410E-96    0.718233756927984246E+03    0.787756049633026034E+00    0.119030438721179965E+00    0.103080382108688351E+01    0.570005416870117188E+00    0.119871139526367188E+01    0.468075275421142578E-01    0.240877926349639893E+01    0.496817171573638916E+01   -0.224334180355072021E+01   -0.174193680286407471E+01   -0.956238444998757942E+01   -0.368679262913979699E+03
    0.442976935750866713E-13    0.334989258090234159E+03    0.752007364034652737E+00    0.888540667891502545E-01    0.109470753312110913E+01    0.192377352714538596E+00    0.176511883735656738E+01   -0.392397046089172363E+00   -0.706151127815246582E+00    0.466316461563110352E+01    0.170240879058837891E+01    0.133885741233825684E+01   -0.956238444998757942E+01   -0.177057013495104655E+03
    0.231301485090719275E-03    0.290237147660512278E+03    0.696380076408386173E+00    0.734554782509803800E-01    0.104952754735946652E+01    0.282013702392578114E+00    0.470328354835510254E+01    0.202188491821289062E+01    0.248535573482513428E+01    0.318897843360900879E+01    0.497787177562713623E+01    0.693099498748779297E+00   -0.956238444998757942E+01   -0.154680958280243715E+03
    0.544994933606949630E-01    0.279312698271249019E+03    0.671690803766250566E+00    0.720506491065025373E-01    0.864574604034423766E+00    0.131543135643005377E+00    0.452449321746826172E+00    0.342762291431427002E+01    0.405474901199340820E+01   -0.795055031776428223E+00   -0.111058115959167480E+01    0.497736513614654541E+01   -0.956238444998757942E+01   -0.149218733585612085E+03
    0.250719876264895967E-98    0.727567086738888861E+03    0.782757377624511697E+00    0.126389549076557167E+00    0.902295318841934257E+00    0.558662033081054665E+00    0.264081430435180664E+01   -0.165130198001861572E+01   -0.873033404350280762E+00    0.319110989570617676E+01   -0.398116052150726318E+01   -0.447778880596160889E+01   -0.956238444998757942E+01   -0.373345927819432006E+03
    0.865271922217284862E-33    0.425753609582888600E+03    0.732487738132476807E+00    0.103883243441581730E+00    0.861230244636535636E+00    0.203427481651306141E+00    0.167541933059692383E+01   -0.381395101547241211E+01   -0.316155076026916504E+01    0.213854551315307617E+01    0.423419475555419922E+00   -0.397685885429382324E+01   -0.956238444998757942E+01   -0.222439189241431876E+03
    0.550184424698177688E-43    0.472710892000414503E+03    0.816213289499282846E+00    0.105184831440448767E+00    0.959312366247177195E+00    0.236216378211975109E+00    0.247664093971252441E+01    0.450078248977661133E+00    0.252940833568572998E+01    0.383763790130615234E+01    0.175911724567413330E+01    0.978745818138122559E+00   -0.956238444998757942E+01   -0.245917830450194828E+03
    0.511344815793024413E-33    0.426805608921988892E+03    0.810971319675445557E+00    0.932530400753021349E-01    0.918947424888610809E+00    0.976022624969482333E+00   -0.382438015937805176E+01    0.192265212535858154E+01   -0.438589930534362793E+01    0.419071912765502930E+00   -0.119630694389343262E+01    0.394057035446166992E+01   -0.956238444998757942E+01   -0.222965188910982022E+03
    0.224753882314971563E-17    0.354766962349772484E+03    0.729241793155670170E+00    0.928362522125244227E-01    0.912949354648590061E+00    0.612459421157836914E+00    0.164523911476135254E+01    0.389874517917633057E+01   -0.885480642318725586E+00    0.192678332328796387E+01    0.460269808769226074E+01   -0.296591579914093018E+01   -0.956238444998757942E+01   -0.186945865624873818E+03
    0.283665560501966217E-23    0.381932403479209768E+03    0.732067650556564309E+00    0.922935099005699200E-01    0.883370795249939000E+00    0.971449351310729958E+00   -0.205645966529846191E+01   -0.307826101779937744E+01   -0.177687406539916992E+01    0.443481862545013428E+01   -0.453940212726593018E+01    0.205150723457336426E+01   -0.956238444998757942E+01   -0.200528586189592460E+03
    0.370384255573556868E-67    0.584026401552799598E+03    0.790665409564971888E+00    0.105583798289299022E+00    0.105057697176933296E+01    0.107214226722717276E+01   -0.314059638977050781E+01   -0.473213136196136475E+01    0.229285299777984619E+01    0.216179013252258301E+01   -0.459067344665527344E+01    0.138848483562469482E+01   -0.956238444998757942E+01   -0.301575585226387375E+03
    0.495180103997741962E-12    0.330161280228384612E+03    0.799971280097961368E+00    0.971392661929130624E-01    0.103852724194526669E+01    0.867808222770690918E+00    0.163835406303405762E+01    0.282607316970825195E+01   -0.856843590736389160E+00   -0.211924970149993896E+01   -0.423617720603942871E+01    0.154506027698516846E+01   -0.956238444998757942E+01   -0.174643024564179882E+03
    0.203946675088514115E-02    0.285883704328110639E+03    0.815212975740432721E+00    0.846636886596679739E-01    0.103138836026191716E+01    0.194230151176452648E+00    0.232367992401123047E+01    0.175901174545288086E+01   -0.134399354457855225E+01   -0.205356359481811523E+01   -0.353638052940368652E+01   -0.134846270084381104E+01   -0.956238444998757942E+01   -0.152504236614042895E+03
    0.660331624393036926E-09    0.315770128416064381E+03    0.657709306478500344E+00    0.750150999426841825E-01    0.990777059793472303E+00    0.124481716156005873E+01   -0.304864454269409180E+01    0.497730016708374023E+01   -0.251306772232055664E+01    0.284103333950042725E+01   -0.210843265056610107E+01   -0.244475662708282471E+01   -0.956238444998757942E+01   -0.167447448658019766E+03
    0.254523065550996632E-26    0.395964722992458178E+03    0.759384114742279070E+00    0.996285486817359983E-01    0.107003456830978405E+01    0.641664385795593262E+00    0.160760807991027832E+01   -0.256900072097778320E+01    0.120202302932739258E+00    0.620804429054260254E+00    0.467072129249572754E+01   -0.404495239257812500E+01   -0.956238444998757942E+01   -0.207544745946216665E+03
    0.626477703289914878E-13    0.334296067131316022E+03    0.741245365142822243E+00    0.892670062184333923E-01    0.106541781067848218E+01    0.646454095840454102E+00    0.365267872810363770E+01   -0.496908009052276611E+01   -0.104329228401184082E+01    0.276099979877471924E+01    0.216747879981994629E+01    0.400987803936004639E+01   -0.956238444998757942E+01   -0.176710418015645587E+03
    0.708415628255939021E-11    0.324839891194083691E+03    0.788788689374923635E+00    0.838431800007820166E-01    0.889340784549713104E+00    0.570884966850280784E+00    0.481505084037780762E+01   -0.773231387138366699E+00   -0.267983138561248779E+01   -0.417732834815979004E+01    0.495277881622314453E+01    0.437344431877136230E+01   -0.956238444998757942E+01   -0.171982330047029421E+03
    0.120976451196720899E-24    0.388241973729052631E+03    0.663995835781097443E+00    0.101633808910846724E+00    0.926037676334381166E+00    0.822479176521301203E+00    0.486632966995239258E+01    0.355735003948211670E+01    0.467387318611145020E+01   -0.114448845386505127E+01    0.774593949317932129E+00    0.436285793781280518E+01   -0.956238444998757942E+01   -0.203683371314513892E+03
    0.873783324253992883E-58    0.540863287005207781E+03    0.643853604793548584E+00    0.113731711745262157E+00    0.101682605266571047E+01    0.571236371994018555E+00    0.327449440956115723E+01    0.280383825302124023E+01    0.290361046791076660E+00   -0.315033316612243652E+01    0.456994593143463135E+01   -0.244039237499237061E+01   -0.956238444998757942E+01   -0.279994027952591466E+03
    0.179892743710440858E-89    0.686784506025143401E+03    0.801408579349517813E+00    0.118386719048023226E+00    0.905878846645355229E+00    0.638812160491943337E+00    0.478858709335327148E+01   -0.117421150207519531E-03   -0.474281311035156250E+00    0.263122677803039551E+01    0.328935623168945312E+01   -0.173454642295837402E+01   -0.956238444998757942E+01   -0.352954637462559276E+03
    0.127550646758628579E-28    0.406556819259493125E+03    0.694206489324569742E+00    0.883078659176826514E-01    0.928830552101135298E+00    0.463285255432128951E+00   -0.483962988853454590E+01    0.177284419536590576E+01   -0.490000844001770020E+00   -0.441467404365539551E+01    0.389920532703399658E+01    0.180993318557739258E+01   -0.956238444998757942E+01   -0.212840794079734138E+03
    0.881761110159672563E-59    0.545450279717207991E+03    0.758317368030548056E+00    0.110244414746761332E+00    0.104640358924865717E+01    0.729813790321350075E+00    0.339090585708618164E+01   -0.459669828414916992E+00   -0.193579912185668945E+01    0.756382942199707031E-01    0.478091597557067871E+01    0.247681796550750732E+01   -0.956238444998757942E+01   -0.282287524308591571E+03
    0.472769279712351902E-08    0.311833227592631204E+03    0.708176045417785671E+00    0.841417605876922658E-01    0.102570888161659246E+01    0.102843914031982431E+01    0.364208221435546875E-02    0.243305087089538574E+01    0.182183444499969482E+01    0.931533575057983398E+00   -0.336450934410095215E+01   -0.477716088294982910E+01   -0.956238444998757942E+01   -0.165478998246303178E+03
    0.124647895018522030E-02    0.286868435608826758E+03    0.682921963930130049E+00    0.738233809471130487E-01    0.914191114902496382E+00    0.128611452579498287E+01    0.508630514144897461E+01    0.308674752712249756E+01    0.154011487960815430E+01   -0.278485178947448730E+01    0.374323129653930664E-01   -0.165358185768127441E+01   -0.956238444998757942E+01   -0.152996602254400955E+03
    0.404910319200278528E-02    0.284512090237183088E+03    0.653101743459701511E+00    0.776081266403198244E-01    0.939520324468612666E+00    0.195068860054016135E+00    0.149768185615539551E+01   -0.278292417526245117E+01   -0.357159793376922607E+01   -0.176230430603027344E+01   -0.174021601676940918E+01   -0.190946757793426514E+01   -0.956238444998757942E+01   -0.151818429568579120E+03
    0.288799341345308052E-24    0.386501701293235556E+03    0.758891328573226942E+00    0.934846755266189600E-01    0.959144144058227566E+00    0.116333937644958502E+00   -0.140090560913085938E+01    0.170290470123291016E+01    0.110226988792419434E+01    0.113420605659484863E+01    0.269715189933776855E+00   -0.777050852775573730E+00   -0.956238444998757942E+01   -0.202813235096605354E+03
    0.125686867437758781E+00    0.277641493812827377E+03    0.699793090820312491E+00    0.779911715388298121E-01    0.946444461345672616E+00    0.434106969833374046E+00   -0.114984512329101562E-01   -0.205103099346160889E+01    0.232606828212738037E+01   -0.377422809600830078E+01    0.295717716217041016E+00    0.313050746917724609E+01   -0.956238444998757942E+01   -0.148383131356401265E+03
    0.172326368760682163E-03    0.290825811296911752E+03    0.771789867877960223E+00    0.721139847636222964E-01    0.103334339499473571E+01    0.695056295394897439E+00    0.323996829986572266E+01   -0.155604779720306396E+01   -0.346849262714385986E+01    0.267319083213806152E+00    0.233463168144226074E+01    0.164226889610290527E+00   -0.956238444998757942E+01   -0.154975290098443452E+03
    0.204211085519656258E-03    0.290486283256564036E+03    0.650545330047607395E+00    0.809491454362869373E-01    0.104280974030494700E+01    0.503639340400695801E+00    0.471440148353576660E+01    0.431221127510070801E+01   -0.366804301738739014E+01   -0.308142483234405518E+01   -0.497054100036621094E+01   -0.988036394119262695E-01   -0.956238444998757942E+01   -0.154805526078269594E+03
    0.852250589943418954E-61    0.554728701221033475E+03    0.676149032115936244E+00    0.116335214734077458E+00    0.994174264669418384E+00    0.656622958183288530E+00    0.534673333168029785E+01   -0.342640697956085205E+01    0.657219290733337402E+00    0.112800300121307373E+01   -0.410259783267974854E+01    0.246527194976806641E+00   -0.956238444998757942E+01   -0.286926735060504313E+03
    0.133400278992334360E-22    0.378836116724218641E+03    0.645267869234085079E+00    0.982815214991569625E-01    0.964711655378341693E+00    0.369434547424316362E+00   -0.933048248291015625E+00    0.428842782974243164E+01   -0.380325078964233398E+01   -0.247012436389923096E+01   -0.469690084457397461E+01    0.465020239353179932E+01   -0.956238444998757942E+01   -0.198980442812096896E+03
    0.181669338418727734E-02    0.286115045028650968E+03    0.758025178909301767E+00    0.729478245973587125E-01    0.984110579490661719E+00    0.936734914779663086E+00    0.336251807212829590E+01   -0.379685759544372559E+00   -0.280527174472808838E+01   -0.147537350654602051E+01   -0.118535161018371582E+01    0.120429158210754395E+01   -0.956238444998757942E+01   -0.152619906964313060E+03
    0.301986271634520383E-45    0.483120976335341481E+03    0.704983390569686841E+00    0.100197211325168622E+00    0.923970007896423362E+00    0.382054305076599099E+00   -0.174035525321960449E+01    0.481778860092163086E+01   -0.278957903385162354E+01    0.396298229694366455E+01   -0.296303749084472656E+01   -0.900255441665649414E+00   -0.956238444998757942E+01   -0.251122872617658317E+03
    0.167227728196779560E-73    0.613247791608566786E+03    0.766177377700805629E+00    0.114652179062366494E+00    0.861615443229675315E+00    0.119664676189422603E+01   -0.141371011734008789E+01    0.101520419120788574E+01   -0.360783636569976807E+01   -0.145226240158081055E+01   -0.803902149200439453E+00   -0.303542912006378174E+01   -0.956238444998757942E+01   -0.316186280254270969E+03
    0.476330296822185665E-47    0.491419856794712302E+03    0.688373843431472787E+00    0.102151964008808147E+00    0.103752579689025892E+01    0.606205368041992099E+00   -0.196771931648254395E+01   -0.147805809974670410E+00   -0.126703560352325439E+01   -0.305399894714355469E+01    0.486354112625122070E+01    0.357376039028167725E+01   -0.956238444998757942E+01   -0.255272312847343727E+03
    0.232894020308386208E-06    0.304038935194903672E+03    0.735813269615173349E+00    0.870187413096427942E-01    0.107148891925811784E+01    0.113624005317687993E+01    0.446641874313354492E+01   -0.252114415168762207E+01    0.401109635829925537E+01    0.718216896057128906E+00   -0.262865960597991943E+01   -0.154409170150756836E+01   -0.956238444998757942E+01   -0.161581852047439412E+03
    0.176743758844310457E-65    0.576295741184433155E+03    0.817252141237258867E+00    0.978884404897689964E-01    0.986850284337997485E+00    0.195601296424865734E+00   -0.492305946350097656E+01    0.399304628372192383E+01    0.470566570758819580E+01   -0.285993158817291260E+01   -0.356145501136779785E+01   -0.417168021202087402E+01   -0.956238444998757942E+01   -0.297710255042204153E+03
    0.443885104824319276E-63    0.565243671287429606E+03    0.796707922220230014E+00    0.102445853531360639E+00    0.100543016552925124E+01    0.792784476280212314E+00   -0.351113247871398926E+01    0.422163486480712891E+01   -0.168559014797210693E+01   -0.367713153362274170E+01    0.495125830173492432E+01   -0.330083489418029785E+01   -0.956238444998757942E+01   -0.292184220093702379E+03
    0.603808165586806475E-23    0.380421482278273459E+03    0.651221708059310900E+00    0.982031316757202288E-01    0.104637093663215652E+01    0.243421649932861334E+00   -0.792351722717285156E+00    0.198131501674652100E+01   -0.486494362354278564E+01   -0.421174168586730957E+01    0.189898133277893066E+01   -0.429119646549224854E+01   -0.956238444998757942E+01   -0.199773125589124305E+03
    0.743604866189698643E-19    0.361584295016163139E+03    0.807070132493972747E+00    0.946144171357155006E-01    0.892301355600357060E+00    0.823321747779846125E+00    0.258985877037048340E+01   -0.372463703155517578E+01    0.358447432518005371E+00    0.382945954799652100E+01    0.456629395484924316E+00    0.406297743320465088E+01   -0.956238444998757942E+01   -0.190354531958069146E+03
    0.819855654431717263E-66    0.577832056770282634E+03    0.658729768991470399E+00    0.114736932635307320E+00    0.988663395643234244E+00    0.288080573081970215E+00    0.247055768966674805E+00   -0.494312047958374023E+01   -0.691705942153930664E-01    0.306908190250396729E+01   -0.357013642787933350E+01   -0.264151453971862793E+01   -0.956238444998757942E+01   -0.298478412835128893E+03
    0.561946451599110212E-37    0.445037564836788363E+03    0.686222518682479854E+00    0.101731227099895488E+00    0.854264265298843362E+00    0.547785353660583452E+00    0.519007873535156250E+01    0.537976622581481934E+00    0.498152196407318115E+01    0.449588537216186523E+01    0.223818540573120117E+01    0.694801807403564453E+00   -0.956238444998757942E+01   -0.232081166868381757E+03
    0.152850950399534653E-85    0.668689620358870457E+03    0.748366222381591784E+00    0.117017896652221690E+00    0.934948369264602674E+00    0.234700751304626476E+00    0.570940089225769043E+01   -0.389741480350494385E+01   -0.116106927394866943E+01   -0.776509046554565430E+00    0.875576138496398926E+00    0.321555733680725098E+01   -0.956238444998757942E+01   -0.343907194629422804E+03
    0.475198271869326440E-14    0.339453999423259802E+03    0.676426544189453138E+00    0.861881085038185280E-01    0.920839990377426143E+00    0.101495163440704350E+01   -0.300827264785766602E+01   -0.499727904796600342E+01   -0.382512450218200684E+01    0.127995610237121582E+00    0.397389054298400879E+01   -0.480812072753906250E+01   -0.956238444998757942E+01   -0.179289384161617477E+03
    0.326923325221001319E-50    0.505988139053725149E+03    0.740218647718429601E+00    0.110990457475185406E+00    0.984889190196990949E+00    0.731969141960143954E+00    0.124282479286193848E+01    0.435000836849212646E+01    0.118328034877777100E+01    0.384483337402343750E+00   -0.255300164222717285E+01    0.618933439254760742E+00   -0.956238444998757942E+01   -0.262556453976850150E+03
    0.298792252157587389E-15    0.344987136825930975E+03    0.725647064447402901E+00    0.925374829769134571E-01    0.856259933710098231E+00    0.296649408340454113E+00    0.320310187339782715E+01    0.377514481544494629E+01    0.164088129997253418E+01    0.317356109619140625E+01    0.192548096179962158E+01    0.475565969944000244E+01   -0.956238444998757942E+01   -0.182055952862953063E+03
    0.390908297327451266E-03    0.289187645642619884E+03    0.644203429222106938E+00    0.746957931518554830E-01    0.986533970832824680E+00    0.349397587776184071E+00    0.466812515258789062E+01   -0.870508551597595215E+00    0.364227354526519775E+01    0.123815953731536865E+01    0.264516234397888184E+01   -0.435377955436706543E+00   -0.956238444998757942E+01   -0.154156207271297518E+03
    0.154683414886924347E-30    0.415381425574670686E+03    0.673519812822341968E+00    0.102176664412021639E+00    0.961308220624923715E+00    0.100064487457275386E+01    0.417239785194396973E+01   -0.944830179214477539E+00   -0.240319132804870605E+01    0.107188820838928223E+00    0.263332843780517578E+01   -0.420261740684509277E+01   -0.956238444998757942E+01   -0.217253097237322919E+03
    0.183733029213030302E-24    0.387406197994340403E+03    0.714002307653427093E+00    0.937539275288581941E-01    0.963876278400421116E+00    0.106806230545043945E+01   -0.709240436553955078E+00   -0.245040655136108398E+01    0.417000949382781982E+01    0.175628840923309326E+01    0.263091266155242920E+01   -0.495495855808258057E+01   -0.956238444998757942E+01   -0.203265483447157777E+03
    0.946328012140985369E-95    0.711095070261438991E+03    0.768707891702651969E+00    0.115925733864307406E+00    0.908670699596405007E+00    0.865828537940978915E+00   -0.105140662193298340E+01    0.200244486331939697E+01   -0.841083526611328125E+00    0.346574068069458008E+01   -0.259337365627288818E+01   -0.175046384334564209E+01   -0.956238444998757942E+01   -0.365109919580707071E+03
    0.187529632302296714E-02    0.286051547710470686E+03    0.773563934564590383E+00    0.708954776525497488E-01    0.937241026163101232E+00    0.382298922538757302E+00   -0.920641422271728516E-01    0.482457995414733887E+01   -0.464954376220703125E+00    0.101580560207366943E+01    0.499892175197601318E+01    0.940495729446411133E-01   -0.956238444998757942E+01   -0.152588158305222919E+03
    0.329670103909336208E-73    0.611890319720725870E+03    0.781617996692657413E+00    0.114830477237701428E+00    0.852579300403594975E+00    0.553348040580749490E+00   -0.631346940994262695E+00   -0.360092997550964355E+01   -0.153642058372497559E+01    0.461586713790893555E+00   -0.197591185569763184E+00    0.913274288177490234E-01   -0.956238444998757942E+01   -0.315507544310350511E+03
    0.674297878697138584E-06    0.301912758258557005E+03    0.693317798376083427E+00    0.814550886750221304E-01    0.955940313339233461E+00    0.720547223091125399E+00    0.537245821952819824E+01   -0.460801422595977783E+01    0.161353588104248047E+01   -0.492330312728881836E+01   -0.650827288627624512E+00   -0.228883922100067139E+01   -0.956238444998757942E+01   -0.160518763579266079E+03
    0.144418098601377679E-81    0.650382441036909540E+03    0.758290073871612513E+00    0.110862063169479386E+00    0.959086339473724347E+00    0.318122100830078136E+00   -0.735036849975585938E+00    0.138329088687896729E+01    0.369420051574707031E+00    0.463220775127410889E+01    0.113792121410369873E+01   -0.134607493877410889E+01   -0.956238444998757942E+01   -0.334753604968442346E+03
    0.885906473179373647E-61    0.554651239658931445E+03    0.661741085052490297E+00    0.111463802218437213E+00    0.984921687841415427E+00    0.323708891868591309E+00    0.197954177856445312E+01    0.868769884109497070E+00    0.179051637649536133E+01    0.488061070442199707E+01   -0.430128097534179688E+01    0.339505374431610107E+01   -0.956238444998757942E+01   -0.286888004279453298E+03
    0.209731411413348394E-59    0.548322466617854843E+03    0.640411794185638428E+00    0.117948475539684308E+00    0.109925365447998047E+01    0.623688578605651855E+00    0.562751555442810059E+01    0.291599571704864502E+01   -0.296896755695343018E+01   -0.269917130470275879E+01   -0.298250138759613037E+01   -0.429906189441680908E+01   -0.956238444998757942E+01   -0.283723617758914997E+03
    0.654691707102609405E-01    0.278945922370914559E+03    0.668375732898712105E+00    0.779087194800376914E-01    0.108543634414672852E+01    0.107818639278411865E+01    0.376167726516723633E+01    0.195580661296844482E+01    0.830911993980407715E+00   -0.566922426223754883E+00   -0.167913854122161865E+01    0.476438283920288086E+01   -0.956238444998757942E+01   -0.149035345635444855E+03
    0.104967874041463246E-04    0.296422453142521533E+03    0.777096210718154934E+00    0.715192257165908896E-01    0.896511125564575240E+00    0.579617381095886230E+00    0.584954810142517090E+01    0.304060339927673340E+01   -0.175707936286926270E+00    0.175611376762390137E+00   -0.279672861099243164E+01   -0.160947799682617188E+01   -0.956238444998757942E+01   -0.157773611021248342E+03
    0.710304655519958163E-02    0.283388033513642654E+03    0.682313327789306645E+00    0.741969682574272205E-01    0.991031074523925803E+00    0.118193051815032968E+01    0.377753949165344238E+01    0.771723985671997070E+00    0.547508597373962402E+00   -0.142114758491516113E+00   -0.215129911899566650E+01    0.123478293418884277E+01   -0.956238444998757942E+01   -0.151256401206808903E+03
    0.980147604484555303E-46    0.485371503283397089E+03    0.734583058357238805E+00    0.106044465839862836E+00    0.103483053803443914E+01    0.102528336048126212E+01    0.559700489044189453E+00   -0.261191129684448242E+01    0.470501601696014404E+01    0.333193123340606689E+01   -0.341428816318511963E+01   -0.329126715660095215E+01   -0.956238444998757942E+01   -0.252248136091686121E+03
    0.764248706359962119E-83    0.656260419983089946E+03    0.726156340837478598E+00    0.119022968232631698E+00    0.907535591125488317E+00    0.736208248138427668E+00    0.490628242492675781E+01   -0.277981221675872803E+01   -0.190006077289581299E+01    0.116812527179718018E+01    0.835331678390502930E+00   -0.270923435688018799E+01   -0.956238444998757942E+01   -0.337692594441532549E+03
    0.144950329869213537E-76    0.627349232955108050E+03    0.719068067073821982E+00    0.110051728963851930E+00    0.944677857160568291E+00    0.192478060722351074E+00   -0.151041769981384277E+01   -0.465057015419006348E+01   -0.279076278209686279E+01    0.383416891098022461E+01    0.386904358863830566E+01   -0.344630956649780273E+01   -0.956238444998757942E+01   -0.323237000927541601E+03
    0.420471077838832468E-29    0.408776265082606642E+03    0.719927951097488417E+00    0.100842553377151506E+00    0.101382306575775161E+01    0.562463474273681596E+00    0.375594377517700195E+00    0.108394801616668701E+01   -0.485324263572692871E+00    0.138140141963958740E+01   -0.439046025276184082E+00   -0.926608443260192871E+00   -0.956238444998757942E+01   -0.213950516991290897E+03
    0.889947929175767387E-29    0.407276690566946513E+03    0.654435616731643632E+00    0.101929672956466683E+00    0.902454893589019758E+00    0.128405945301055913E+01    0.208566427230834961E+01    0.788725614547729492E+00    0.487632155418395996E+00    0.228151977062225342E+01   -0.392056107521057129E+00    0.131252110004425049E+01   -0.956238444998757942E+01   -0.213200729733460832E+03
    0.973356294299325372E-20    0.365650984409295688E+03    0.795572189092636051E+00    0.100917295992374423E+00    0.101009780049324038E+01    0.123184800148010254E+00    0.410203099250793457E+01   -0.121547639369964600E+01    0.227112710475921631E+01   -0.441179633140563965E+01   -0.123697042465209961E+01    0.465990722179412842E+01   -0.956238444998757942E+01   -0.192387876654635420E+03
    0.181240270918922764E-60    0.553219645012307637E+03    0.646619970798492427E+00    0.105675368368625650E+00    0.107883498311042803E+01    0.564746928215026811E+00   -0.173600578308105469E+01    0.182482898235321045E+01    0.273355662822723389E+01    0.115408957004547119E+01   -0.273891925811767578E+01    0.931054353713989258E+00   -0.956238444998757942E+01   -0.286172206956141395E+03
    0.263866591583003719E-04    0.294578874545167821E+03    0.764782575368881168E+00    0.735918461084365955E-01    0.908194361925125149E+00    0.418737983703613259E+00   -0.917567253112792969E+00   -0.302234768867492676E+01    0.731586813926696777E+00    0.180192172527313232E+01   -0.329649925231933594E+01   -0.378020405769348145E+01   -0.956238444998757942E+01   -0.156851821722571486E+03
    0.301161047371080182E-01    0.280498960942690303E+03    0.721167678833007808E+00    0.700740383267402650E-01    0.890526382923126247E+00    0.106633582115173331E+01    0.158865952491760254E+01    0.341830372810363770E+01   -0.138310611248016357E+01   -0.440059661865234375E+01   -0.420220792293548584E+01    0.196399629116058350E+01   -0.956238444998757942E+01   -0.149811864921332727E+03
    0.705539852837353917E-95    0.711682322234138041E+03    0.702204557657241768E+00    0.115534891486167912E+00    0.880980350971221959E+00    0.326801514625549294E+00   -0.208956384658813477E+01   -0.306012034416198730E+01    0.120366096496582031E+01   -0.320041716098785400E+01    0.406064808368682861E+01   -0.307127416133880615E+01   -0.956238444998757942E+01   -0.365403545567056597E+03
    0.136653772670856825E-18    0.360367243389481473E+03    0.746085926294326796E+00    0.915277093648910606E-01    0.870765877962112356E+00    0.640325570106506259E+00    0.342883586883544922E+00    0.337337970733642578E+01   -0.345151424407958984E+00    0.353060901165008545E+01    0.173719704151153564E+01    0.301549434661865234E+00   -0.956238444998757942E+01   -0.189746006144728312E+03
    0.915537911156247101E-02    0.282880397907036638E+03    0.725602271556854195E+00    0.750046613812446611E-01    0.932082393169403112E+00    0.320243835449218750E+00    0.315133166313171387E+01   -0.239818692207336426E+00   -0.555771589279174805E+00   -0.157404661178588867E+01   -0.487532496452331543E+01    0.823217630386352539E-01   -0.956238444998757942E+01   -0.151002583403505895E+03
