#cosmological_parameters--h0	cosmological_parameters--omega_m	cosmological_parameters--n_s	cosmological_parameters--s_8_input	intrinsic_alignment_parameters--a	nofz_shifts--uncorr_bias_1	nofz_shifts--uncorr_bias_2	nofz_shifts--uncorr_bias_3	nofz_shifts--uncorr_bias_4	nofz_shifts--uncorr_bias_5	prior	like	post	weight
#sampler=multinest
#n_varied=10
#module_0=distance_mod #name from ini file
#module_1=matter_power #name from ini file
#module_2=load_nz_fits 1
#module_3=correlated_dz_priors #name from ini file
#module_4=photoz_bias 1
#module_5=linear_alignments 1.0
## CITE MNRAS 424 3 1647 (2012)
## CITE New J Phys 9 12 444 (2007)
#module_6=project_2d 1.0
#module_7=cosebis Jan2023
## CITE https://arxiv.org/abs/1201.2669
## CITE https://arxiv.org/abs/1601.00115
#module_8=scale_cuts #name from ini file
#module_9=likelihood #name from ini file
#timestamp=2024-11-27T18:29:00.688281
#platform=Linux-5.15.167.4-microsoft-standard-WSL2-x86_64-with-glibc2.35
#platform_version=#1 SMP Tue Nov 5 00:21:55 UTC 2024
#uuid=0b75cb2813714929b72596fc9dc456ea
#cosmosis_git_version=
#csl_git_version=
#cwd_git_version=2f44ef8790629ee199659ac328fb43d064520fd9
#max_iterations=2
#live_points=250
#feedback=True
#resume=True
#multinest_outfile_root=/home/steven/Work/cosmosis_stuff/thesis_config/outputs/
#update_interval=200
#random_seed=-1
#ins=True
#efficiency=0.3
#tolerance=0.05
#log_zero=-1000000.0
#mode_separation=False
#constant_efficiency=False
#max_modes=100
#cluster_dimensions=-1
#mode_ztolerance=0.5
#wrapped_params=
## START_OF_PARAMS_INI
## [DEFAULT]
## my_path = /home/steven
## csl_path = %(MY_PATH)s/cosmosis-standard-library/
## project_path = %(MY_PATH)s/Work/cosmosis_stuff/thesis_config
## kcap_path = %(PROJECT_PATH)s/kcap_modules/
## mod_path = %(MY_PATH)s/Work/cosmosis_stuff/mod/
## cosebis_path = %(MY_PATH)s/cosmosis-standard-library/shear/cosebis/
## output_folder = %(PROJECT_PATH)s/outputs/
## input_folder = %(PROJECT_PATH)s/inputs/
## config_folder = %(PROJECT_PATH)s/config/
## data_file = %(INPUT_FOLDER)s/cosebis_KIDS1000_BlindC_with_m_bias_V1.0.0A_ugriZYJHKs_photoz_SG_mask_LF_svn_309c_2Dbins_v2_goldclasses_Flag_SOM_Fid.fits
## redshift_name = source
## sampler_name = multinest
## run_name = %(SAMPLER_NAME)s
## tmin_cosebis = 0.50
## tmax_cosebis = 300.00
## nmax_cosebis = 5
## wnlogpath = %(MY_PATH)s/WnLog/
## 
## [test]
## save_dir = output/tester
## fatal_errors = T
## 
## [pipeline]
## modules =  	distance_mod 	matter_power 	load_nz_fits 	correlated_dz_priors 	source_photoz_bias 	linear_alignment 	projection 	cosebis 	scale_cuts 	likelihood
## values = %(CONFIG_FOLDER)s/tester_values.ini
## likelihoods = loglike
## timing = T
## debug = T
## 
## [runtime]
## sampler = %(SAMPLER_NAME)s
## 
## [output]
## filename = %(OUTPUT_FOLDER)s/output_%(RUN_NAME)s.txt
## format = text
## 
## [emcee]
## walkers = 32
## nsteps = 1
## samples = 2
## 
## [multinest]
## max_iterations = 2
## multinest_outfile_root = %(OUTPUT_FOLDER)s
## resume = True
## tolerance = 0.05
## constant_efficiency = F
## live_points = 250
## efficiency = 0.3
## 
## [load_nz_fits]
## file = %(CSL_PATH)s/number_density/load_nz_fits/load_nz_fits.py
## nz_file = %(data_file)s
## data_sets = %(redshift_name)s
## 
## [distance_mod]
## file = %(MOD_PATH)s/distance_mod.py
## zmax = 6.0
## zmin = 0.0
## nz = 200
## 
## [matter_power]
## file = %(MOD_PATH)s/matter_power.py
## kmax = 20.0
## pm0 = %(INPUT_FOLDER)s/p_k.txt
## k_h = %(INPUT_FOLDER)s/k_h.txt
## 
## [projection]
## file = %(CSL_PATH)s/structure/projection/project_2d.py
## ell_min_logspaced = 1.0
## ell_max_logspaced = 1.0e4
## n_ell_logspaced = 50
## position-shear = F
## fast-shear-shear-ia = %(redshift_name)s-%(redshift_name)s
## verbose = F
## get_kernel_peaks = F
## 
## [likelihood]
## file = %(KCAP_PATH)s/utils/mini_like.py
## input_section_name = scale_cuts_output
## like_name = loglike
## 
## [sample_S8]
## file = %(KCAP_PATH)s/utils/sample_S8.py
## s8_name = s_8_input
## 
## [sigma8toAs]
## file = %(KCAP_PATH)s/utils/sigma8toAs.py
## 
## [correlated_dz_priors]
## file = %(KCAP_PATH)s/utils/correlated_priors.py
## uncorrelated_parameters = nofz_shifts/uncorr_bias_1 nofz_shifts/uncorr_bias_2 nofz_shifts/uncorr_bias_3 nofz_shifts/uncorr_bias_4 nofz_shifts/uncorr_bias_5
## output_parameters = nofz_shifts/bias_1 nofz_shifts/bias_2 nofz_shifts/bias_3 nofz_shifts/bias_4 nofz_shifts/bias_5
## covariance = %(INPUT_FOLDER)s/SOM_cov_multiplied.asc
## 
## [source_photoz_bias]
## file = %(CSL_PATH)s/number_density/photoz_bias/photoz_bias.py
## mode = additive
## sample = nz_%(redshift_name)s
## bias_section = nofz_shifts
## interpolation = cubic
## output_deltaz = T
## output_section_name = delta_z_out
## 
## [extrapolate_power]
## file = %(CSL_PATH)s/boltzmann/extrapolate/extrapolate_power.py
## kmax = 500.0
## 
## [linear_alignment]
## file = %(CSL_PATH)s/intrinsic_alignments/la_model/linear_alignments_interface.py
## method = bk_corrected
## 
## [cosebis]
## file = %(COSEBIs_PATH)s/cl_to_cosebis/cl_to_cosebis_interface.so
## theta_min = %(tmin_cosebis)s
## theta_max = %(tmax_cosebis)s
## n_max = %(nmax_cosebis)s
## roots_n_norms_foldername = %(COSEBIS_PATH)s/TLogsRootsAndNorms/
## wn_output_foldername = %(WnLogPath)s
## tn_output_foldername = %(COSEBIS_PATH)s/TpnLog/
## output_section_name = cosebis
## 
## [scale_cuts]
## file = %(KCAP_PATH)s/scale_cuts/scale_cuts.py
## output_section_name = scale_cuts_output
## data_and_covariance_fits_filename = %(data_file)s
## use_stats = En
## keep_ang_en = 0.5 5.5
## xi_plus_extension_name = xiP
## xi_minus_extension_name = xiM
## bandpower_ggl_extension_name = PneE
## bandpower_e_cosmic_shear_extension_name = PeeE
## cosebis_extension_name = En
## xi_plus_section_name = shear_xi_plus_binned
## xi_minus_section_name = shear_xi_minus_binned
## bandpower_ggl_section_name = bandpower_galaxy_shear
## bandpower_e_cosmic_shear_section_name = bandpower_shear_e
## cosebis_section_name = cosebis
## simulate = F
## simulate_with_noise = F
## 
## END_OF_PARAMS_INI
## START_OF_VALUES_INI
## [cosmological_parameters]
## h0 = 0.64  0.6898 0.82
## omega_m = 0.07 0.1382 0.281
## n_s = 0.84  0.969  1.1
## s_8_input = 0.1   0.8128 1.3
## 
## [intrinsic_alignment_parameters]
## a = -6.0 1.0 6.0
## 
## [chebyshev_coefficients]
## c1 = 0.5
## c2 = 0.5
## c3 = 0.5
## 
## [nofz_shifts]
## uncorr_bias_1 = -5.0   0.000  5.0
## uncorr_bias_2 = -5.0  -0.181  5.0
## uncorr_bias_3 = -5.0  -1.110  5.0
## uncorr_bias_4 = -5.0  -1.395  5.0
## uncorr_bias_5 = -5.0   1.265  5.0
## 
## END_OF_VALUES_INI
## START_OF_PRIORS_INI
## END_OF_PRIORS_INI
0.7173615491390228	0.27349092650413515	0.8836558043956757	0.35115718841552734	-5.576677322387695	0.16193091869354248	-4.26568865776062	-1.8128281831741333	3.312199115753174	-1.8752658367156982	-9.56238444998758	-19030.344110718772	-19039.906495168758	0.0
0.6892144477367401	0.2668619369268418	1.037734854221344	0.11222679615020753	-5.064525604248047	0.013138651847839355	0.7458370923995972	4.541754126548767	-1.678389310836792	2.4895453453063965	-9.56238444998758	-18694.502465920305	-18704.06485037029	0.0
0.8186431562900542	0.21878950661420823	0.8739548623561859	0.5365569114685058	1.0379862785339355	4.840821623802185	0.013915300369262695	-1.6030210256576538	-2.515685558319092	3.665229082107544	-9.56238444998758	-4153.223815665917	-4162.786200115905	0.0
0.7140652644634247	0.2007127353549004	0.8969466280937195	1.1679431915283203	4.589203834533691	0.379788875579834	2.162589430809021	-0.46095430850982666	3.1845247745513916	-3.4706133604049683	-9.56238444998758	-2696.1023098515816	-2705.6646943015694	0.0
0.8054686176776885	0.17311691415309907	1.0011825668811798	0.13276021480560302	5.87381386756897	-4.206938147544861	0.8049368858337402	0.12815117835998535	-0.8538168668746948	-0.724872350692749	-9.56238444998758	-1429.9874662219395	-1439.549850671927	0.0
0.7193179416656494	0.14762213641405109	0.9484346747398377	0.8414785146713256	4.3025922775268555	4.978227019309998	-2.2943735122680664	1.304296851158142	3.4750550985336304	2.304489016532898	-9.56238444998758	-841.127180278428	-850.6895647284156	1.6111867278725968e-305
0.8092328298091888	0.23849948513507846	1.0203247952461243	0.18299906253814696	5.6339335441589355	-2.4539166688919067	-4.603590965270996	3.4380578994750977	2.2586536407470703	-3.261629343032837	-9.56238444998758	-6607.626246693265	-6617.188631143253	0.0
0.6973281514644623	0.1231041187644005	1.042176958322525	0.6907526016235351	1.7984004020690918	-3.6982256174087524	-3.291251063346863	-4.323363304138184	0.9319049119949341	3.244504928588867	-9.56238444998758	-357.72844582571696	-367.29083027570454	1.3949184147208647e-95
0.7877736878395081	0.15394386756420136	1.097636753320694	0.5061237812042236	-5.343355178833008	-3.7406599521636963	4.491720795631409	3.9065974950790405	4.604958891868591	-3.791940212249756	-9.56238444998758	-2000.341395445882	-2009.9037798958695	0.0
0.7272426354885101	0.23712502843141559	0.9506398499011993	0.912722635269165	-0.7734568119049072	3.2030218839645386	-3.9398187398910522	-4.816638231277466	-4.606514573097229	-0.9994739294052124	-9.56238444998758	-5427.940155936324	-5437.502540386312	0.0
0.7133266270160675	0.1798855540752411	0.932135843038559	1.052410936355591	-4.935986280441284	-3.3041763305664062	-1.804400086402893	-1.1407661437988281	-0.31482040882110596	2.344696521759033	-9.56238444998758	-3030.0141256543607	-3039.5765101043485	0.0
0.7844952774047851	0.13519138181209567	0.8491953611373901	1.1753140449523927	1.8306255340576172	2.4593758583068848	-1.4420974254608154	3.2591158151626587	4.236329793930054	4.8205989599227905	-9.56238444998758	-651.4195571607703	-660.9819416107579	3.945661014001489e-223
0.771401344537735	0.14155129545927048	0.8484791111946106	0.8707351207733154	1.5532593727111816	-1.390710473060608	-3.164774775505066	-0.73569655418396	2.0592427253723145	-0.24024367332458496	-9.56238444998758	-642.2611423220238	-651.8235267720114	3.746008842162017e-219
0.7643471777439117	0.09500766164064409	1.0660943877696991	0.6961472749710083	0.9270458221435547	0.6445080041885376	4.158630967140198	3.434355854988098	2.8818994760513306	-2.743273973464966	-9.56238444998758	-194.63967215574294	-204.20205660573052	9.399467980760661e-25
0.6441237783432007	0.14569256204366687	1.0060973513126374	0.7335693836212158	-1.0761981010437012	-4.580497741699219	1.5034949779510498	-1.3673186302185059	1.5333795547485352	0.4889756441116333	-9.56238444998758	-842.0335362760715	-851.595920726059	6.509092859949632e-306
0.7724532961845397	0.14068801385164262	1.066744340658188	1.1237433195114137	-5.27854585647583	-4.600760340690613	2.694331407546997	-0.5175930261611938	-4.686233401298523	0.599973201751709	-9.56238444998758	-1087.6403155241974	-1097.202699974185	0.0
0.666807713508606	0.11768588912487031	0.8912968111038208	0.3684626579284668	-5.323018312454224	1.4363354444503784	4.206429123878479	-0.5893576145172119	3.432888984680176	-0.2596473693847656	-9.56238444998758	-633.725567846152	-643.2879522961396	1.9077510133108837e-215
0.7691294813156128	0.1515383702516556	1.0702297246456147	0.8022310733795166	1.2286992073059082	-1.9595158100128174	-3.9759719371795654	1.7280834913253784	-4.257188439369202	0.15187323093414307	-9.56238444998758	-783.3154988860051	-792.8778833359927	2.0627191190070929e-280
0.7490850114822387	0.17306823021173479	0.8712941932678222	0.3554552316665649	-5.862748146057129	-4.995724558830261	1.3594526052474976	-2.509482502937317	-4.671371579170227	-1.0693728923797607	-9.56238444998758	-2624.6681892785537	-2634.2305737285415	0.0
0.715999459028244	0.08130810618400575	0.9351501893997193	0.7227724552154541	3.725525379180908	-1.835898756980896	-3.9307618141174316	2.3777854442596436	2.2020751237869263	2.3301559686660767	-9.56238444998758	-153.62237493521326	-163.18475938520083	6.119122087746315e-07
0.6594641792774201	0.16645547699928287	0.9345194220542907	0.9716754436492919	0.9592931270599365	1.1970758438110352	1.4219892024993896	-3.504851460456848	-0.8969616889953613	2.945852279663086	-9.56238444998758	-1257.0525046117132	-1266.6148890617008	0.0
0.7374054503440857	0.14434766030311585	0.9598784947395325	0.6235796451568603	-0.23731684684753418	-0.9770900011062622	3.2443392276763916	-2.6994353532791138	-1.9360214471817017	3.206198811531067	-9.56238444998758	-744.4145002705887	-753.9768847205763	1.6178160260355393e-263
0.7241523015499115	0.2445521152019501	0.8439376080036163	0.5457206964492798	-1.254920482635498	1.6960197687149048	3.9847999811172485	-1.744508147239685	3.427344560623169	4.613996148109436	-9.56238444998758	-9288.671771944812	-9298.2341563948	0.0
0.6762751924991608	0.22947321075201038	0.8884690821170806	0.84273521900177	1.8450157642364502	-3.5166269540786743	1.7919307947158813	-4.208812713623047	3.3140796422958374	0.4525333642959595	-9.56238444998758	-4994.860176848581	-5004.422561298569	0.0
0.7089956212043762	0.16729117816686634	0.8828169870376587	0.6793087244033813	4.088299512863159	-0.2171766757965088	3.548296093940735	-0.458904504776001	0.8743804693222046	-3.4139245748519897	-9.56238444998758	-1155.0368413055617	-1164.5992257555492	0.0
0.6742439341545104	0.2339760162830353	1.0217274010181427	0.6182801008224487	4.888316631317139	-3.8079512119293213	3.5438865423202515	3.317887783050537	4.417321085929871	-2.0400869846343994	-9.56238444998758	-5930.955069701727	-5940.517454151714	0.0
0.7118301045894623	0.13541000050306323	1.0835310864448549	0.3607916116714478	1.676548719406128	-4.324518442153931	2.2200095653533936	-1.1322015523910522	-4.825214743614197	-0.5808281898498535	-9.56238444998758	-441.3998200459668	-450.9622044959544	6.405199933102126e-132
0.6756252825260163	0.26392189723253257	0.9344075167179108	1.035565161705017	2.741877794265747	3.8261061906814575	-0.3832632303237915	1.5081274509429932	-1.4809733629226685	-4.365244507789612	-9.56238444998758	-7944.1705093950295	-7953.732893845017	0.0
0.6423302710056306	0.09836026346683503	0.8422002005577087	0.18229210376739502	0.6122746467590332	3.692532181739807	4.527376294136047	4.626679420471191	3.3842939138412476	3.718484044075012	-9.56238444998758	-230.0137879850703	-239.57617243505788	4.076805253002954e-40
0.7306652736663818	0.09985005998611451	1.0348421454429628	1.1716897726058961	-5.169372797012329	3.812229633331299	-4.30404007434845	-0.21438241004943848	3.559598922729492	0.6414145231246948	-9.56238444998758	-310.72753825601427	-320.28992270600185	3.603990267655093e-75
0.7693220746517181	0.15387990307807925	0.9619650542736053	0.330183458328247	-0.7892897129058838	2.07203209400177	-3.688141107559204	-1.148768663406372	-0.01547396183013916	-0.15664637088775635	-9.56238444998758	-1013.4848354966948	-1023.0472199466824	0.0
0.770801430940628	0.18092805194854739	0.8900377249717712	0.24563050270080566	4.341015815734863	0.20272493362426758	-0.6938683986663818	3.5719382762908936	1.547781229019165	3.550505042076111	-9.56238444998758	-2031.146021978385	-2040.7084064283727	0.0
0.7391842806339264	0.11204441261291505	0.8518130254745483	1.2317078828811645	-4.306301593780518	-1.325632929801941	-4.032185077667236	3.294447660446167	-4.720578193664551	2.2642475366592407	-9.56238444998758	-396.67474237645183	-406.2371268264394	1.6997581218183099e-112
0.6771193373203278	0.13749024230241777	0.9862490856647492	0.57432541847229	0.8682074546813965	2.0931202173233032	-3.433328866958618	-2.9145008325576782	-0.3040790557861328	-2.945724129676819	-9.56238444998758	-516.9236848206414	-526.486069270629	1.0160965266174737e-164
0.7706440281867981	0.1600206446647644	0.978990627527237	0.25002453327178953	-1.4222030639648438	-1.9568294286727905	-0.9718596935272217	-3.4970909357070923	0.348966121673584	-4.973971247673035	-9.56238444998758	-1132.0193975691739	-1141.5817820191614	0.0
0.777736690044403	0.25975492411851886	0.9354507577419281	1.1350744724273683	1.7754771709442139	-1.3203907012939453	-2.192019820213318	1.4204466342926025	2.829262614250183	-3.635270595550537	-9.56238444998758	-8449.222999160243	-8458.785383610231	0.0
0.6653279602527619	0.2431957184672356	0.8416689562797546	0.8647733926773071	1.7361946105957031	-0.11022865772247314	0.36874353885650635	0.7202905416488647	1.1244398355484009	-4.346334934234619	-9.56238444998758	-6084.839494951684	-6094.401879401672	0.0
0.7995248103141784	0.07639158147573472	1.0752507114410401	0.6036808013916015	-1.628781795501709	-0.8634984493255615	4.910150170326233	-3.5974395275115967	2.951180338859558	-4.730920195579529	-9.56238444998758	-148.94674831190505	-158.50913276189263	6.565804695661474e-05
0.783240121603012	0.14381884026527406	1.0107184171676635	0.6204712152481079	3.1893696784973145	1.2996947765350342	1.2417799234390259	4.2686426639556885	-1.9913345575332642	-0.4781407117843628	-9.56238444998758	-682.7477481956699	-692.3101326456575	9.782712180725502e-237
0.7643538403511048	0.10847587090730668	0.8652306318283081	0.9848906517028808	5.069834232330322	0.7053095102310181	-3.9594650268554688	2.0722955465316772	4.98247504234314	-0.21855175495147705	-9.56238444998758	-285.33688623720684	-294.8992706871944	3.8353382633265734e-64
0.7519503509998321	0.12911608874797822	0.9846793270111085	0.8389511585235595	-3.8169615268707275	3.7696421146392822	3.041563034057617	0.5819445848464966	2.640964984893799	-1.903078556060791	-9.56238444998758	-790.7583447674716	-800.3207292174592	1.2079617928994164e-283
0.7382062613964081	0.0884316949248314	1.0922828090190888	0.7816261291503905	4.761144161224365	3.4382224082946777	2.232113480567932	0.4336273670196533	2.836461663246155	-4.081571698188782	-9.56238444998758	-157.44897629161903	-167.0113607416066	1.3329604530245214e-08
0.6657480692863464	0.1593220911026001	1.088179442882538	1.1817347526550293	1.1861586570739746	-1.6111338138580322	3.5323411226272583	1.0418403148651123	0.260125994682312	1.9136083126068115	-9.56238444998758	-1140.9304309141119	-1150.4928153640994	0.0
0.7078946602344512	0.22181178456544878	1.056523963212967	0.811085295677185	-0.6904499530792236	3.8344985246658325	-4.8381489515304565	-0.7333666086196899	3.8869041204452515	0.25672435760498047	-9.56238444998758	-5398.746470527178	-5408.3088549771655	0.0
0.7872955572605133	0.13859659147262576	0.8812291741371154	0.6728869438171386	-4.327775001525879	-4.027734398841858	-0.765373706817627	-1.8644320964813232	4.56838071346283	-4.985117316246033	-9.56238444998758	-921.6804370960522	-931.2428215460397	0.0
0.6639424383640289	0.09834952306747438	0.8406236541271209	0.4843202114105225	4.289569616317749	4.233699440956116	2.862405776977539	0.4931068420410156	4.4562578201293945	-4.269023537635803	-9.56238444998758	-187.5051928225378	-197.06757727252537	1.1791478907219202e-21
0.7136691880226135	0.27067140817642216	0.8624194848537445	1.1854326248168945	-5.356553077697754	-0.6302875280380249	0.8634024858474731	-4.864354729652405	-3.2714682817459106	-1.2913024425506592	-9.56238444998758	-16416.561490445853	-16426.12387489584	0.0
0.8076786720752716	0.253630921959877	1.0321196115016937	0.6758604049682617	0.9427671432495117	3.5618776082992554	-2.7462124824523926	2.8853601217269897	3.4096866846084595	-2.2227734327316284	-9.56238444998758	-8714.216340004148	-8723.778724454136	0.0
0.7517761254310608	0.2316228501200676	0.8508568167686462	0.5328077554702759	-4.581018447875977	-4.195570945739746	-1.298726201057434	0.2783191204071045	-0.9034538269042969	4.177080392837524	-9.56238444998758	-8716.034869360134	-8725.597253810121	0.0
0.6852230203151702	0.1747054745554924	0.9629905200004578	0.2519449949264526	1.7310447692871094	-2.436743378639221	-1.2584251165390015	3.250991106033325	0.5620598793029785	-3.606420159339905	-9.56238444998758	-1574.1983835466503	-1583.760767996638	0.0
0.6809861171245575	0.08915296179056169	0.8514486706256866	1.1401361227035522	-4.340266227722168	4.318132400512695	-3.073197603225708	2.861310839653015	0.06504356861114502	-0.2348923683166504	-9.56238444998758	-216.31167766153612	-225.8740621115237	3.639744260354473e-34
0.8141121757030487	0.2176642799973488	1.013256208896637	0.8904839038848876	3.4813735485076904	-2.891407608985901	1.5637284517288208	-0.9376704692840576	-3.1944596767425537	3.783118724822998	-9.56238444998758	-3545.7427123486104	-3555.3050967985982	0.0
0.6622749197483063	0.15346337932348253	0.8617829990386963	0.9649964570999146	2.1962170600891113	-4.157262444496155	-4.477251172065735	1.7670679092407227	3.6316287517547607	-1.8513870239257812	-9.56238444998758	-965.2581522228861	-974.8205366728737	0.0
0.6543891501426697	0.2081959639787674	1.0919467055797578	0.6635817527770995	-0.3205068111419678	-0.6170958280563354	2.0875877141952515	-3.139027953147888	-1.4437812566757202	-1.155402660369873	-9.56238444998758	-3385.3161507908626	-3394.8785352408504	0.0
0.7418932902812958	0.2733787434101105	0.946075131893158	0.9396058082580566	-2.2385051250457764	-0.5356705188751221	4.549498558044434	-0.8866965770721436	-0.5183678865432739	-1.730765700340271	-9.56238444998758	-13973.647677969195	-13983.210062419183	0.0
0.7032096886634827	0.1903278256058693	0.9426104211807251	0.6619855880737304	-1.0102393627166748	0.8014166355133057	0.2679699659347534	-1.4298182725906372	4.537716507911682	0.7718324661254883	-9.56238444998758	-2935.6072529531907	-2945.1696374031785	0.0
0.68091090798378	0.20633836537599565	0.8488500678539276	1.1494752883911132	-3.8039703369140625	-0.1554405689239502	1.3807976245880127	1.5135163068771362	-4.186738729476929	-3.6427628993988037	-9.56238444998758	-4834.932041986741	-4844.494426436729	0.0
0.7940045130252837	0.120844522356987	1.085957019329071	0.8077582120895386	-3.463407039642334	-2.2405266761779785	3.772445321083069	-4.370531439781189	0.31211674213409424	2.5469976663589478	-9.56238444998758	-493.2180271853114	-502.780411635299	2.0052626637579424e-154
0.6532243311405181	0.12284373325109482	1.0454290008544922	0.7141453266143798	4.879395246505737	-0.7970899343490601	-1.8908852338790894	-3.4681618213653564	1.9008392095565796	-3.2353216409683228	-9.56238444998758	-352.41425337720926	-361.97663782719684	2.8344791303035313e-93
0.7220908200740814	0.24579942268133165	0.9122972166538239	0.34243786334991455	2.2840304374694824	-0.10209500789642334	1.886519193649292	4.247877597808838	4.426394104957581	-3.0149048566818237	-9.56238444998758	-7552.250617395884	-7561.813001845871	0.0
0.7235591793060303	0.23078353947401048	1.0889096713066102	1.2455058813095092	1.4266018867492676	-4.095292091369629	3.729003071784973	-3.016713857650757	-1.7746222019195557	-3.5598665475845337	-9.56238444998758	-4381.307052282869	-4390.869436732857	0.0
0.7132438862323761	0.181040222465992	0.8867341077327728	1.0152694225311278	3.502105951309204	-0.17270982265472412	4.150438904762268	-2.7811384201049805	-0.6374382972717285	1.9008851051330566	-9.56238444998758	-1642.6532432346562	-1652.2156276846438	0.0
0.8093978607654571	0.24357276433706285	0.8903684818744659	0.5060400247573853	-5.496969938278198	-2.6028507947921753	-2.7631890773773193	4.566884636878967	-3.1151562929153442	2.5992482900619507	-9.56238444998758	-12327.485857564407	-12337.048242014394	0.0
0.7265165936946869	0.26468319535255436	0.8628881359100342	0.758829927444458	-3.782320261001587	1.1522698402404785	-3.9694541692733765	-4.2339348793029785	-0.40941059589385986	0.7696348428726196	-9.56238444998758	-12891.44356011447	-12901.005944564458	0.0
0.819902560710907	0.2694517565965653	1.025380495786667	0.5978255033493042	-3.502535820007324	-4.523018002510071	2.9971373081207275	-2.4892932176589966	-2.6447397470474243	-4.161741733551025	-9.56238444998758	-12889.621290689898	-12899.183675139886	0.0
0.6952388501167297	0.1747061788439751	1.0643713772296906	0.11781387329101563	-0.9626584053039551	-3.9833980798721313	-4.633370637893677	-0.6055670976638794	-3.8324880599975586	4.769034385681152	-9.56238444998758	-1686.1523665569982	-1695.7147510069858	0.0
0.7373176026344299	0.0855148841738701	0.9075418984889985	0.278692626953125	-3.8832671642303467	3.9723968505859375	4.468770623207092	-0.12814819812774658	3.9838695526123047	0.718114972114563	-9.56238444998758	-200.91614998488936	-210.47853443487693	1.767110005158785e-27
0.7656944727897643	0.15306388425827028	1.0471058142185212	0.6179153203964233	-4.467345714569092	-2.155136466026306	-2.3764514923095703	-2.5591039657592773	-4.622779488563538	-2.183927297592163	-9.56238444998758	-1247.1084385368022	-1256.6708229867897	0.0
0.6414687025547028	0.25457559919357303	1.0990572118759157	0.24420492649078368	-3.2481472492218018	3.557252287864685	1.4646434783935547	4.773561358451843	-3.7117964029312134	-4.050558805465698	-9.56238444998758	-12283.080904226923	-12292.64328867691	0.0
0.6530252575874329	0.14165388262271883	1.0311331522464753	1.0917665243148804	5.83156943321228	-2.261972427368164	-4.032280445098877	2.912294864654541	3.244069218635559	-0.7365942001342773	-9.56238444998758	-791.4556858412496	-801.0180702912372	6.01453169278114e-284
0.7011115682125092	0.08030431902408601	0.9188401377201081	0.5984835386276245	0.020391225814819336	1.792483925819397	-1.780780553817749	-1.5507292747497559	2.63741672039032	3.9559584856033325	-9.56238444998758	-143.37884471434054	-152.94122916432812	0.01719482532602973
0.8115530478954315	0.20605081444978715	0.9824866735935212	0.9520255088806152	1.2778866291046143	-3.4451454877853394	2.417539954185486	-1.6015231609344482	-4.488028883934021	-4.122035503387451	-9.56238444998758	-2568.841852973051	-2578.404237423039	0.0
0.7044003105163574	0.14724735432863237	0.8540415859222412	0.7201447486877441	-0.7344210147857666	2.312919497489929	1.676207184791565	1.8508470058441162	-2.044992446899414	-4.058732390403748	-9.56238444998758	-878.3769072070424	-887.93929165703	1.07e-321
0.6970413053035736	0.14927976739406587	1.011717894077301	0.9296151876449584	-1.0583467483520508	4.9609410762786865	-0.4193955659866333	-2.4950778484344482	-0.2501332759857178	-4.437208771705627	-9.56238444998758	-892.84536997444	-902.4077544244276	0.0
0.6744447565078735	0.07465167450904847	0.8883602452278138	0.5041277170181274	0.6317403316497803	-4.099012613296509	-2.6736414432525635	-4.845433235168457	-3.8795000314712524	-1.51256263256073	-9.56238444998758	-140.0082190479784	-149.57060349796598	0.5003131246842373
0.7045770144462585	0.17731004655361177	0.9986244583129883	0.9776162147521972	0.9844651222229004	-4.723251461982727	3.812793493270874	4.792512059211731	1.7586785554885864	-1.1798173189163208	-9.56238444998758	-1990.3793212337293	-1999.941705683717	0.0
0.7677858769893646	0.19305993670225147	1.0900354504585268	0.39373128414154057	-3.8102409839630127	2.6519501209259033	3.6396008729934692	2.2622621059417725	-2.06465482711792	1.9069474935531616	-9.56238444998758	-4374.522338005888	-4384.084722455876	0.0
0.8181156086921691	0.263570394396782	1.086766221523285	0.39774615764617915	4.264844655990601	4.41314160823822	-0.09339511394500732	-0.4242616891860962	-2.5704020261764526	1.7826378345489502	-9.56238444998758	-7848.861610776142	-7858.42399522613	0.0
0.7255851912498474	0.2692395268082619	1.045453827381134	0.13259391784667968	1.9736309051513672	-3.2934892177581787	-0.28244853019714355	-4.452850818634033	-1.6745877265930176	-1.6929435729980469	-9.56238444998758	-8012.88567106495	-8022.448055514938	0.0
0.780456063747406	0.21757767766714098	1.0317087650299073	0.9263689279556274	5.592363595962524	-4.230113625526428	3.520541191101074	-2.162485122680664	3.6659657955169678	-0.21539747714996338	-9.56238444998758	-4117.193678742139	-4126.756063192127	0.0
0.6732278275489807	0.10372204941511155	0.9430750429630279	0.3358150243759155	2.974644184112549	0.912289023399353	3.8029539585113525	2.8672319650650024	3.4876394271850586	1.5888595581054688	-9.56238444998758	-226.81837781125847	-236.38076226124605	9.955635136993463e-39
0.6958362317085266	0.2551562724709511	0.9563348877429962	0.9312812328338622	-2.6607470512390137	0.9991008043289185	3.557877540588379	4.446964263916016	4.030693769454956	2.4610328674316406	-9.56238444998758	-13727.486291985475	-13737.048676435463	0.0
0.6547884345054626	0.10852347326278688	1.082615945339203	1.1513131380081176	-0.8318052291870117	-0.4058927297592163	2.6297080516815186	-3.3541643619537354	0.6869602203369141	0.3458338975906372	-9.56238444998758	-258.92282228812775	-268.4852067381153	1.1357582259034593e-52
0.7462020981311798	0.1087940961122513	0.9992545127868653	1.0894937992095948	-4.823736906051636	0.4212731122970581	2.7958279848098755	3.195223808288574	-2.3690050840377808	0.9422153234481812	-9.56238444998758	-433.7560400780335	-443.31842452802107	1.3371623856481714e-128
0.693063782453537	0.2609261432886124	0.8629912853240966	0.14305946826934815	2.4914445877075195	1.9052278995513916	-3.6184269189834595	-4.8112887144088745	-1.9671720266342163	1.0515367984771729	-9.56238444998758	-7371.286547708629	-7380.848932158617	0.0
0.6568716204166413	0.16332173281908036	0.9702908205986023	0.6698817253112792	5.144263744354248	-1.6902399063110352	0.5040347576141357	2.7995139360427856	-4.192424416542053	1.1188328266143799	-9.56238444998758	-1084.1856784027098	-1093.7480628526973	0.0
0.8109288442134857	0.2682196290493012	0.8432474398612976	0.7144722700119018	-3.1594462394714355	3.3159512281417847	-0.2707219123840332	4.545535445213318	3.945454955101013	-3.549712896347046	-9.56238444998758	-16236.060601400768	-16245.622985850756	0.0
0.794861832857132	0.17133934032917025	1.0197387993335725	1.2955660581588746	3.712648630142212	3.6744147539138794	3.115236759185791	-1.067710518836975	-1.6465049982070923	-3.1010788679122925	-9.56238444998758	-1194.770836949223	-1204.3332213992105	0.0
0.6404258704185486	0.2412255217432976	0.9627301979064942	0.9889590263366699	-0.8227200508117676	-3.933357000350952	0.8727872371673584	-4.606695771217346	-4.876148700714111	-2.1288812160491943	-9.56238444998758	-5618.009066923242	-5627.57145137323	0.0
0.7237173867225647	0.25945965117216113	1.0828345179557801	1.0930672883987427	2.707944631576538	1.9167941808700562	-2.397935390472412	1.9792556762695312	0.34497618675231934	0.8602035045623779	-9.56238444998758	-8410.758586041693	-8420.32097049168	0.0
0.704925594329834	0.16037415975332261	0.9641253805160522	0.7088683128356933	-2.998638868331909	0.573657751083374	0.18718719482421875	3.131851553916931	2.7868056297302246	3.6075562238693237	-9.56238444998758	-1855.4631577734829	-1865.0255422234704	0.0
0.8165036654472351	0.08692751079797745	0.8409242534637451	1.1838300943374633	1.6704511642456055	-1.067335605621338	-0.7622617483139038	0.2542060613632202	-0.9315252304077148	-3.66971492767334	-9.56238444998758	-151.34597551591298	-160.90835996590056	5.96096846989921e-06
0.6544298982620239	0.09488388293981553	0.9253234875202179	1.1919710636138916	-1.9799365997314453	-3.4071487188339233	1.878284215927124	-1.9861584901809692	-1.1455368995666504	2.018117904663086	-9.56238444998758	-188.79204264083532	-198.3544270908229	3.256090770952297e-22
0.8078295516967773	0.24417871654033663	1.015319848060608	0.8119819402694701	-5.7374961376190186	3.725937604904175	1.2996411323547363	-4.5594871044158936	3.0309665203094482	-0.18458425998687744	-9.56238444998758	-13326.593271868596	-13336.155656318584	0.0
0.7463374209403991	0.22893331074714662	0.8686777997016907	1.173215627670288	-4.420271873474121	4.489592909812927	3.074263334274292	-4.837753772735596	-4.330525994300842	0.5150872468948364	-9.56238444998758	-8172.723505302538	-8182.285889752526	0.0
0.7983780264854431	0.26168752944469453	0.8506108450889587	1.0232011079788208	-0.9918229579925537	4.6415334939956665	-1.302964687347412	2.3862862586975098	-1.3959312438964844	-1.3884270191192627	-9.56238444998758	-10613.862547986071	-10623.424932436059	0.0
0.7666128826141357	0.23884819597005846	0.9790944588184357	0.5823636054992676	-0.6393156051635742	4.9413299560546875	2.818382978439331	0.2482914924621582	2.5028151273727417	1.6016626358032227	-9.56238444998758	-7941.5135025114905	-7951.075886961478	0.0
0.641316546201706	0.179210304915905	0.9318909251689911	0.873424482345581	0.23980307579040527	0.6127679347991943	-4.119948148727417	-3.8058537244796753	0.6746184825897217	3.257717490196228	-9.56238444998758	-1853.4084725784687	-1862.9708570284563	0.0
0.7015540039539337	0.16244285625219346	0.8621036517620086	0.9321908235549926	0.8782045841217041	3.7013208866119385	3.725689649581909	3.5877275466918945	-2.989826202392578	-2.122340202331543	-9.56238444998758	-1284.7342304174356	-1294.2966148674232	0.0
0.6883572030067444	0.07025575733184815	0.9499051582813263	0.22626981735229493	4.828242301940918	-0.39591431617736816	-3.9882659912109375	-2.1266978979110718	-2.3623037338256836	4.813895225524902	-9.56238444998758	-147.33063321265055	-156.89301766263813	0.0003304896247091353
0.7704309749603271	0.21730340760946276	0.9834475314617157	0.846591305732727	4.351066589355469	-0.5152487754821777	1.9568967819213867	-1.0372012853622437	4.108693599700928	2.6370352506637573	-9.56238444998758	-4235.262001502189	-4244.824385952177	0.0
0.6558696007728577	0.24562851953506473	1.0439305293560028	1.0058724641799928	-3.4005303382873535	4.073863625526428	-0.18677830696105957	-4.949983358383179	-2.9794663190841675	3.6608409881591797	-9.56238444998758	-9649.702022130885	-9659.264406580873	0.0
0.8052259314060211	0.16641435158252718	1.0091830933094026	0.8855147361755371	5.901881217956543	-3.8938134908676147	-2.992953062057495	-4.096162915229797	3.816670775413513	0.45950889587402344	-9.56238444998758	-1523.1335970645953	-1532.6959815145829	0.0
0.7723069655895233	0.20575512647628785	0.9005075144767761	0.9437169551849365	1.1989681720733643	4.615916013717651	-4.741685390472412	-1.4914286136627197	-1.1632102727890015	4.497584700584412	-9.56238444998758	-3276.438852986388	-3286.001237436376	0.0
0.7281007277965545	0.21103031009435655	0.8631670701503753	0.19521241188049315	-5.997879981994629	0.5514734983444214	0.2539604902267456	3.4826958179473877	1.4233273267745972	1.5696924924850464	-9.56238444998758	-8010.977223670853	-8020.539608120841	0.0
0.6972483396530151	0.11752596533298493	0.9867048275470733	0.5490338325500488	1.9240221977233887	0.4458218812942505	4.976746439933777	-0.4107266664505005	3.9318889379501343	4.940862059593201	-9.56238444998758	-345.47435522243944	-355.036739672427	2.9270674976603476e-90
0.716973626613617	0.09897772324085237	0.9639403748512269	0.7378534078598022	3.8690149784088135	4.147717356681824	3.1051313877105713	2.1707791090011597	-1.7809653282165527	0.4973912239074707	-9.56238444998758	-184.1660095429124	-193.72839399289998	3.324735884577747e-20
0.8149672532081603	0.12716300874948502	0.8926140427589416	0.8747597932815552	5.4520111083984375	-0.6209945678710938	-3.377956748008728	-2.862008213996887	-2.8878694772720337	-1.5590649843215942	-9.56238444998758	-374.4637160381377	-384.0261004881253	7.525117770096436e-103
0.6554676771163941	0.20246428823471072	0.9352478218078614	0.2967170000076294	2.3900699615478516	-3.4135740995407104	3.9167875051498413	-4.573429822921753	-1.5279608964920044	2.7184492349624634	-9.56238444998758	-2634.177124269531	-2643.7395087195187	0.0
0.720880811214447	0.12664050215482714	0.887275549173355	1.1143382787704468	3.3356165885925293	3.712819814682007	4.9028438329696655	3.988710641860962	-2.6374542713165283	1.5034693479537964	-9.56238444998758	-428.2331935176498	-437.79557796763737	3.347541247450912e-126
0.688681675195694	0.14644330841302872	0.8859093928337097	0.6492650508880615	-2.211963415145874	-1.4495450258255005	-2.7915871143341064	1.9283437728881836	-0.9030061960220337	-4.06385600566864	-9.56238444998758	-917.8792545518929	-927.4416390018805	0.0
0.7243836688995361	0.15215210735797885	0.944900335073471	0.9301528453826904	-4.441858291625977	-4.554148316383362	-1.3274407386779785	-1.5991491079330444	3.7586647272109985	2.928275465965271	-9.56238444998758	-1472.0326392800844	-1481.595023730072	0.0
0.6583553111553192	0.19467736035585403	1.0327316582202912	0.8321219682693481	-4.357037544250488	-0.2896082401275635	4.281033873558044	1.407381296157837	4.120078086853027	3.3857065439224243	-9.56238444998758	-5060.360153541144	-5069.922537991132	0.0
0.7941867959499359	0.25404677915573126	0.9117802608013154	0.3117332935333252	4.39039421081543	0.40637433528900146	-2.1819645166397095	-0.8022201061248779	-4.844231009483337	-4.732717871665955	-9.56238444998758	-5632.888733936662	-5642.45111838665	0.0
0.6402174305915833	0.20955730330944064	1.0970614659786224	0.14799516201019286	4.782655477523804	-3.652656674385071	-1.827269196510315	4.965319633483887	-0.5477941036224365	4.177905321121216	-9.56238444998758	-3870.220994207065	-3879.7833786570527	0.0
0.6780051958560943	0.15814148980379106	1.0587253105640413	0.6297166109085083	4.440027236938477	1.1010944843292236	-2.0158618688583374	1.6138041019439697	-0.0680840015411377	3.3171939849853516	-9.56238444998758	-1048.290069063127	-1057.8524535131146	0.0
0.7534302973747253	0.09236708289384843	1.0292876362800598	0.17437744140625	-1.0906448364257812	-4.336467385292053	3.5005569458007812	-4.608318209648132	-3.8049519062042236	2.660185694694519	-9.56238444998758	-164.18894308367936	-173.75132753366694	1.5764742402426864e-11
0.7349588251113891	0.21700034976005556	1.0025864124298096	1.097667384147644	2.148196220397949	3.0537456274032593	-1.5680992603302002	1.8270272016525269	-0.553826093673706	-0.43142974376678467	-9.56238444998758	-3901.0609061151904	-3910.623290565178	0.0
0.64565633893013	0.1911584332585335	0.8445093464851379	1.1959163427352906	-2.2334067821502686	1.5114372968673706	4.318386912345886	1.369929313659668	-3.2778042554855347	3.5353893041610718	-9.56238444998758	-3436.286083783226	-3445.8484682332137	0.0
0.7498465549945831	0.10531433248519897	0.9383803808689117	0.2862069606781006	-5.470132827758789	-2.8425204753875732	2.5212156772613525	-0.18670082092285156	-1.2784051895141602	3.5897433757781982	-9.56238444998758	-373.9621809631137	-383.5245654131013	1.2425881759792813e-102
0.7133034205436707	0.20526933091878893	0.9674472689628602	0.16081669330596923	3.7172577381134033	-4.457783102989197	4.883124828338623	4.7210246324539185	-2.7747416496276855	-3.4494024515151978	-9.56238444998758	-3003.9532337116375	-3013.5156181616253	0.0
0.740820084810257	0.21611351221799852	0.8533158361911773	0.4066618204116821	-4.298068284988403	1.9070887565612793	-3.3201658725738525	0.3274357318878174	-3.593701124191284	-0.33444344997406006	-9.56238444998758	-6080.467674288217	-6090.030058738204	0.0
0.6555628955364228	0.18273287922143938	1.0072627878189087	1.0598754167556763	-1.0601263046264648	4.281396865844727	0.3414905071258545	-3.805779814720154	-0.8027112483978271	2.4340683221817017	-9.56238444998758	-2258.6677118202815	-2268.2300962702693	0.0
0.7067436492443084	0.2020065258741379	0.9101513803005219	1.2027343750000001	-2.6483116149902344	-0.17755568027496338	-1.1086958646774292	-4.3924784660339355	4.327364563941956	2.821674942970276	-9.56238444998758	-4222.286129840674	-4231.848514290662	0.0
0.6950635838508605	0.14812848210334778	0.8738405704498291	0.5366514682769775	-1.5960159301757812	4.131869077682495	1.376531720161438	0.00959932804107666	1.1490380764007568	-4.826182723045349	-9.56238444998758	-1006.2408989160239	-1015.8032833660114	0.0
0.7676260817050934	0.27803601449728016	1.062655417919159	0.5571994781494141	3.0285708904266357	4.313858151435852	0.6956911087036133	-2.8750884532928467	1.2807786464691162	-3.9967435598373413	-9.56238444998758	-9695.756252029287	-9705.318636479275	0.0
0.6949428308010102	0.240550398349762	0.9955038011074067	0.3527627944946289	1.2138712406158447	-0.06463825702667236	4.4715070724487305	3.045523762702942	-2.730165123939514	2.0497900247573853	-9.56238444998758	-6735.646713611518	-6745.209098061506	0.0
0.7652165460586547	0.09690745466947556	1.0637777256965637	0.4971894502639771	-5.251579284667969	0.20637452602386475	2.553899884223938	2.830677032470703	-2.641007900238037	-0.8920091390609741	-9.56238444998758	-297.24208706491964	-306.8044715149072	2.59084032382944e-69
0.8019362020492553	0.2055788782835007	0.8487283062934875	0.19461545944213868	5.559780120849609	-4.156397581100464	1.9728028774261475	0.3885173797607422	-1.2681221961975098	-0.9774267673492432	-9.56238444998758	-2864.384698916198	-2873.947083366186	0.0
0.8186238551139831	0.2645387156009674	0.8601661443710327	1.1383082151412964	0.5716838836669922	-3.950924873352051	-0.6458884477615356	-4.506089687347412	3.470895290374756	1.9880300760269165	-9.56238444998758	-9705.54281510055	-9715.105199550539	0.0
0.7944640076160431	0.20736653852462772	1.0671656942367553	0.42804353237152104	-2.621795654296875	-2.4498677253723145	-3.2652705907821655	-1.9661951065063477	-0.6628561019897461	-4.860715866088867	-9.56238444998758	-3815.7651335027927	-3825.3275179527805	0.0
0.7564276981353759	0.18320116817951204	0.93534534573555	1.073649024963379	4.673508882522583	0.6256216764450073	-2.005547881126404	-0.0888526439666748	-2.2587907314300537	-2.7352631092071533	-9.56238444998758	-1617.0028443363112	-1626.5652287862988	0.0
0.8195883238315582	0.11881905156373979	0.8855044662952423	0.8765946388244629	3.1084649562835693	-1.3999897241592407	-1.4778250455856323	2.5345832109451294	4.072498679161072	1.7716878652572632	-9.56238444998758	-358.70224462704704	-368.2646290770346	5.267849533713252e-96
0.6703398394584655	0.10955218720436097	1.098676073551178	0.3384360074996948	0.4039034843444824	1.391882300376892	0.4519695043563843	0.17024099826812744	-4.358706474304199	-1.3821804523468018	-9.56238444998758	-237.96859831905277	-247.53098276904035	1.430835587390433e-43
0.8059289491176604	0.12292924141883851	1.0149947166442872	0.3650367975234985	1.8087115287780762	-1.093115210533142	3.047383427619934	3.745386004447937	4.345876574516296	0.24352014064788818	-9.56238444998758	-428.41396442379335	-437.9763488737809	2.793946784295877e-126
0.6964387309551239	0.14557103455066683	0.8506709587574005	0.5370629549026489	-3.2433907985687256	-3.421100378036499	1.1422580480575562	-3.365051746368408	0.21823406219482422	2.756360173225403	-9.56238444998758	-1013.8202679534832	-1023.3826524034707	0.0
0.7197710311412812	0.0987243931889534	1.025855485200882	0.2599490642547607	-0.8636519908905029	-0.0076329708099365234	-2.7032357454299927	-1.5838396549224854	-3.758043050765991	-0.9241986274719238	-9.56238444998758	-185.51580298271497	-195.07818743270255	8.620834510344918e-21
0.7052129018306732	0.07059057104587556	1.0011086452007294	1.0007064580917358	4.865734577178955	-1.076648235321045	-0.24338901042938232	4.9087852239608765	-0.4994255304336548	3.8325732946395874	-9.56238444998758	-148.81604900510143	-158.378433455089	7.482555519598018e-05
0.6966938734054565	0.1956756012439728	0.9916145598888397	1.135707688331604	-4.604565382003784	2.2397011518478394	3.860955834388733	-4.330718517303467	0.24618208408355713	1.8009328842163086	-9.56238444998758	-4646.854034126733	-4656.41641857672	0.0
0.7074553787708282	0.10271345800161363	1.0778292608261109	0.14071393013000488	-1.0658490657806396	-4.135833978652954	4.759014248847961	-2.0327341556549072	-0.2535480260848999	-0.7687366008758545	-9.56238444998758	-224.18434646374138	-233.74673091372895	1.3868013354671403e-37
0.6700735712051391	0.24911288619041444	1.0987574803829194	0.5982403516769409	-1.669969081878662	-1.694466471672058	-2.6393961906433105	-3.297032117843628	-4.7064971923828125	-2.675277590751648	-9.56238444998758	-6977.067191258654	-6986.629575708642	0.0
0.751266827583313	0.21628382426500323	0.9412503862380982	0.28099846839904785	0.21698212623596191	2.698071599006653	3.9843636751174927	3.727121949195862	4.549187421798706	-3.073265552520752	-9.56238444998758	-5168.871785001437	-5178.434169451425	0.0
0.8092394816875457	0.08068477314710618	1.0876134383678437	0.9473799228668213	3.4000303745269775	1.3367283344268799	2.4062448740005493	-1.8900734186172485	-3.891151547431946	-0.14909863471984863	-9.56238444998758	-140.21989313646213	-149.7822775864497	0.40486758510744353
0.7883716166019439	0.16232590663433077	0.8532196760177612	0.9029656171798706	-1.0152332782745361	-2.276090979576111	1.0629737377166748	1.7694038152694702	-0.0752180814743042	-0.34588634967803955	-9.56238444998758	-1391.4767351908267	-1401.0391196408143	0.0
0.7363388109207153	0.18863626301288605	0.9843861043453217	0.1479245662689209	-0.11002063751220703	-1.890227198600769	0.9556740522384644	-0.26252806186676025	2.2286301851272583	2.333526611328125	-9.56238444998758	-2568.229551768053	-2577.791936218041	0.0
0.7369276416301727	0.2341605147123337	1.080412335395813	0.20762345790863038	5.817224979400635	3.976101279258728	3.538650870323181	4.004487991333008	-3.0069291591644287	-3.727172613143921	-9.56238444998758	-5084.7244897420405	-5094.286874192028	0.0
0.7176897871494293	0.1507473662495613	0.9793403995037079	0.5600809574127197	-1.9404351711273193	4.638282656669617	-4.148469567298889	2.4984049797058105	4.89585280418396	2.287614345550537	-9.56238444998758	-1296.4491918301535	-1306.011576280141	0.0
0.6841524863243102	0.07862488025426866	0.8428686881065368	0.6769460201263428	-0.897632360458374	-1.5246433019638062	2.523624897003174	-3.1058990955352783	-3.938496708869934	-2.3469239473342896	-9.56238444998758	-144.28839375574486	-153.85077820573244	0.006924455660569101
0.6621971571445465	0.193146199464798	1.0056352865695954	0.640339732170105	4.173887014389038	1.1509615182876587	-4.38218891620636	-1.8240952491760254	1.4127051830291748	4.009363055229187	-9.56238444998758	-2549.055332314269	-2558.617716764257	0.0
0.7669711077213287	0.1983291338682175	0.9106849646568298	1.1752511024475099	1.3634769916534424	2.7940499782562256	-3.5663950443267822	-4.9342358112335205	0.9295284748077393	-1.5100675821304321	-9.56238444998758	-2512.4823435353783	-2522.044727985366	0.0
0.7343196547031402	0.21477181750535967	0.9369531035423279	0.361728024482727	3.7558987140655518	-3.4187906980514526	-1.5227878093719482	-2.5477784872055054	3.54256272315979	1.0179883241653442	-9.56238444998758	-3886.5343840154505	-3896.0967684654383	0.0
0.7088305902481079	0.1310074051618576	1.0578633868694305	0.7777459383010864	0.4198036193847656	-4.800042510032654	4.00759220123291	2.069975733757019	0.06377816200256348	-0.8235323429107666	-9.56238444998758	-514.4015586475246	-523.9639430975121	1.2655533169879672e-163
0.7069349873065949	0.19271767765283587	1.003411158323288	0.8954073667526244	-4.142220497131348	-2.925543785095215	4.964931011199951	4.659435749053955	0.5453741550445557	-4.331861734390259	-9.56238444998758	-4424.540023002631	-4434.1024074526185	0.0
0.801289746761322	0.19365522396564486	0.948684458732605	1.29595844745636	-1.6633894443511963	4.4638073444366455	0.3033721446990967	-0.3851050138473511	0.9963476657867432	3.5934174060821533	-9.56238444998758	-3436.240713343236	-3445.803097793224	0.0
0.8024823749065398	0.1123632037639618	1.0296985137462618	0.9278076648712158	-4.58987832069397	-2.2594207525253296	-4.860717058181763	-1.9489938020706177	0.15846431255340576	-2.620328664779663	-9.56238444998758	-372.95850042064535	-382.5208848706329	3.390159551153798e-102
0.6495373451709747	0.19763825201988222	0.8563088428974152	0.7252001047134399	3.768932819366455	0.2226501703262329	3.721390962600708	-3.5927629470825195	-0.045945048332214355	-1.8417340517044067	-9.56238444998758	-2250.833539665677	-2260.395924115665	0.0
0.7570154023170471	0.16972304856777193	0.8509483277797699	1.0485120058059691	-3.3437082767486572	-4.146377444267273	2.0215660333633423	-1.8983197212219238	4.769890308380127	3.1942319869995117	-9.56238444998758	-2239.363614016363	-2248.925998466351	0.0
0.7865665757656097	0.08619545322656633	0.890861246585846	0.11601035594940186	1.3023505210876465	-0.4733365774154663	-3.92173171043396	4.9439942836761475	2.5439882278442383	0.24188876152038574	-9.56238444998758	-164.43330072540576	-173.99568517539333	1.2347064114579165e-11
0.7304453754425049	0.10070096623897554	1.008190667629242	0.9817443132400512	4.738728046417236	-2.8299838304519653	-0.2537328004837036	-3.3336758613586426	-0.5069619417190552	2.591579556465149	-9.56238444998758	-192.1409527741202	-201.70333722410777	1.1436241348479221e-23
0.8178754866123199	0.2632186148762703	0.8484385704994202	0.9540022611618042	1.0878238677978516	4.899001121520996	-3.2093101739883423	-0.8410423994064331	-3.2975131273269653	1.9646161794662476	-9.56238444998758	-8530.391876966009	-8539.954261415996	0.0
0.710180846452713	0.2333542050123215	1.030610989332199	0.5609401941299438	-0.2957489490509033	-0.782431960105896	3.0781084299087524	-0.5054998397827148	4.682884216308594	-1.818373203277588	-9.56238444998758	-6562.212531321146	-6571.774915771134	0.0
0.7506415617465972	0.12931306314468385	0.957665524482727	1.0735254287719727	-0.8314254283905029	-3.150567412376404	-0.35454630851745605	2.1488583087921143	-4.412493705749512	-1.957373023033142	-9.56238444998758	-469.7297641761493	-479.29214862613685	3.184155598831727e-144
0.658508551120758	0.23212447959184648	1.0915167820453644	1.280336332321167	-0.21880030632019043	-0.9013462066650391	1.9916272163391113	-3.9434748888015747	3.5262739658355713	4.516648650169373	-9.56238444998758	-6388.399445486969	-6397.961829936957	0.0
0.7749434912204742	0.24224321860075	0.926147164106369	0.9137116193771362	2.1741771697998047	-1.833685040473938	-1.1842626333236694	2.8990787267684937	0.978318452835083	-3.0315256118774414	-9.56238444998758	-6233.826963377017	-6243.389347827005	0.0
0.8149008202552794	0.14105136382579805	0.9959072089195252	0.6990806818008423	0.9625232219696045	-4.2426598072052	3.953765034675598	0.4718434810638428	3.011244535446167	-0.6443905830383301	-9.56238444998758	-689.5592509341691	-699.1216353841567	1.0771128906029622e-239
0.6579509842395782	0.17659159684181214	0.9502612996101379	0.6179517984390258	-0.1091158390045166	-3.971877098083496	-1.3677489757537842	1.555643081665039	-4.937658309936523	2.426581382751465	-9.56238444998758	-1667.2315611248116	-1676.7939455747992	0.0
0.7373294150829315	0.21367169374227526	1.0745482230186463	0.31253795623779296	-3.9032764434814453	2.8276437520980835	2.3467403650283813	-3.173457384109497	-2.3406559228897095	2.7608972787857056	-9.56238444998758	-6028.382522954641	-6037.944907404629	0.0
0.7555079472064972	0.25677867645025254	0.9925061142444611	1.2077579021453857	4.8104681968688965	3.5419803857803345	-3.193696141242981	0.3417271375656128	-3.620900511741638	-2.241142988204956	-9.56238444998758	-6647.383925457124	-6656.946309907112	0.0
0.6702779233455658	0.1819589416384697	1.0153739333152771	0.9690483093261718	-0.39600276947021484	-2.1300387382507324	-4.54461395740509	1.715303659439087	-0.5661076307296753	2.5593751668930054	-9.56238444998758	-2135.3853433013824	-2144.94772775137	0.0
0.747827935218811	0.19313764739036562	1.0226885223388673	0.7599871397018432	-4.765680313110352	-4.077542424201965	2.996857166290283	4.517385959625244	-3.157687783241272	1.474834680557251	-9.56238444998758	-4574.220005627954	-4583.782390077942	0.0
0.6952121138572693	0.23266507130861286	1.0124852538108826	0.868085241317749	-0.0666346549987793	2.681639790534973	-2.6229846477508545	-4.872931241989136	-3.1795668601989746	-0.167006254196167	-9.56238444998758	-4955.287066828701	-4964.849451278689	0.0
0.8100462901592254	0.15791121262311936	0.9671730303764343	0.4991647005081177	2.1217267513275146	-1.669955849647522	4.8505812883377075	-0.029392242431640625	2.9883503913879395	1.9553524255752563	-9.56238444998758	-1100.7277967155394	-1110.290181165527	0.0
0.737563260793686	0.22287907087802888	1.0470455145835877	0.9385035276412963	0.923149824142456	1.6107988357543945	-1.3099068403244019	-4.2960673570632935	1.038728952407837	3.676830530166626	-9.56238444998758	-4619.471757931822	-4629.03414238181	0.0
0.7333517527580261	0.22728992903232575	0.9372090089321137	0.3829667568206787	1.6341898441314697	-4.921407699584961	-4.1355812549591064	-0.36877334117889404	-4.892956614494324	-2.396935224533081	-9.56238444998758	-3854.0175669947275	-3863.5799514447153	0.0
0.7914025664329528	0.11409862089157105	1.0634698271751404	0.9087669849395752	-2.279109477996826	4.477613568305969	-3.0507928133010864	4.711474180221558	-3.233675956726074	3.997204303741455	-9.56238444998758	-402.91875294819124	-412.4811373981788	3.301017211549824e-115
0.7932691800594329	0.08376461410522462	0.9015350103378296	0.22820379734039306	2.0745763778686523	-0.9199923276901245	1.98233962059021	-4.256483316421509	0.8662372827529907	0.5612742900848389	-9.56238444998758	-142.26271660333634	-151.82510105332392	0.052495980062110766
0.7454769682884216	0.1768395566940308	0.9197704195976257	0.17681689262390138	2.8967843055725098	1.524808406829834	2.5694459676742554	1.7842191457748413	-4.935255646705627	-4.145199656486511	-9.56238444998758	-1373.8258010139361	-1383.3881854639237	0.0
0.730288348197937	0.1518667950630188	0.9824672400951386	0.9997573852539062	-3.6995973587036133	1.0116976499557495	-1.1909472942352295	-4.066382050514221	-2.2569185495376587	1.27285897731781	-9.56238444998758	-1222.1515583581981	-1231.7139428081857	0.0
0.7042571663856506	0.14396081727743149	1.0749533665180206	0.30000081062316897	-5.578165769577026	-4.081933498382568	4.904249906539917	2.2371959686279297	-0.7061988115310669	2.1443742513656616	-9.56238444998758	-1468.5564289207862	-1478.1188133707738	0.0
0.7555409061908722	0.0992711474299431	0.9998586559295655	0.9983901739120483	-0.761052131652832	-1.751556396484375	-0.12875258922576904	4.2522406578063965	4.345653653144836	-3.211846351623535	-9.56238444998758	-230.20708062978747	-239.76946507977505	3.3602689343223757e-40
0.7642426896095276	0.21195949298143388	0.9241719675064087	1.100064492225647	-3.8612000942230225	1.4384621381759644	-3.0051136016845703	1.7522156238555908	-3.060753345489502	4.429082870483398	-9.56238444998758	-5806.087190747028	-5815.649575197016	0.0
0.735435174703598	0.10157726460695268	1.0763672077655793	0.4452316999435425	-2.8513455390930176	-0.32746195793151855	0.571865439414978	4.9141716957092285	0.7352370023727417	-2.9707765579223633	-9.56238444998758	-284.053993434434	-293.6163778844216	1.3834292008126242e-63
0.7890912425518035	0.16643413454294206	1.0252136373519898	1.2388796091079712	1.3182177543640137	-3.7655097246170044	2.0967495441436768	-3.7107467651367188	4.237222671508789	3.461058735847473	-9.56238444998758	-1394.9244504505323	-1404.4868349005199	0.0
0.7707096672058105	0.19099442207813266	0.8808443009853363	0.3165846586227417	-5.629864454269409	-1.1628514528274536	0.7990133762359619	-2.2789275646209717	1.3060027360916138	-3.183077573776245	-9.56238444998758	-4320.443054866356	-4330.005439316344	0.0
0.8157998001575469	0.1861127973794937	1.0727608525753023	0.11360766887664796	1.4920735359191895	0.26608526706695557	-1.7265897989273071	2.6065433025360107	-2.7423864603042603	2.634996771812439	-9.56238444998758	-2093.812606718782	-2103.3749911687696	0.0
0.758019825220108	0.09022163152694704	1.0110257422924043	1.034674096107483	5.7899651527404785	1.9567573070526123	3.8470667600631714	2.1001017093658447	0.7301115989685059	-2.565208077430725	-9.56238444998758	-165.55065801834215	-175.11304246832972	4.039258026749924e-12
0.646780002117157	0.1494388862848282	1.0535690021514894	0.7024687767028808	-5.610008955001831	-2.668749690055847	2.4496978521347046	2.6696771383285522	2.5672274827957153	-3.2327383756637573	-9.56238444998758	-1699.3792734675258	-1708.9416579175133	0.0
0.6656680428981782	0.2139532079100609	1.0991819179058075	0.6254185676574706	-5.605121612548828	-1.748504638671875	-4.817449450492859	0.9118658304214478	-3.6130809783935547	-1.5266609191894531	-9.56238444998758	-6402.157405032406	-6411.719789482394	0.0
0.7539857935905456	0.17399472171068192	0.9616837799549103	1.216840147972107	2.1606767177581787	-2.2000402212142944	4.001826047897339	-4.19729471206665	-1.7984330654144287	-4.365256428718567	-9.56238444998758	-1227.0503678767052	-1236.6127523266928	0.0
0.7890798270702362	0.09307792377471924	1.0436851620674135	0.8292765378952026	-4.041094779968262	-3.16115140914917	-2.96269953250885	1.409429907798767	3.791072964668274	-0.2556002140045166	-9.56238444998758	-218.05983601041984	-227.62222046040742	6.336586174491911e-35
0.7152983617782592	0.11845580220222474	1.0301877295970918	1.0329910278320313	-3.962207078933716	3.301416039466858	0.9436303377151489	-4.571743011474609	3.2627564668655396	-1.511472463607788	-9.56238444998758	-502.01190768185575	-511.5742921318433	3.0411475628832074e-158
0.749933694601059	0.17426895403862003	1.086121847629547	0.34824180603027344	-3.1473584175109863	-1.9908881187438965	4.238575100898743	-2.4390333890914917	2.411394715309143	3.325122594833374	-9.56238444998758	-2477.3973422170184	-2486.959726667006	0.0
0.7021654832363129	0.1169466251730919	0.9567423868179321	0.9720653295516968	-2.147374391555786	3.9805155992507935	-0.47657549381256104	-2.668771743774414	0.15981614589691162	0.360298752784729	-9.56238444998758	-384.4064605725708	-393.96884502255836	3.617713869460707e-107
0.7441198778152466	0.20648959875106815	1.063766598701477	0.7830117225646972	4.87549352645874	-2.8082531690597534	-3.1950169801712036	-4.606186747550964	-0.9107905626296997	-0.5413097143173218	-9.56238444998758	-2914.0697140775787	-2923.6320985275665	0.0
0.7425541543960571	0.25051644510030746	1.0197778832912445	0.9238347768783569	2.3118338584899902	-3.3846408128738403	3.952620029449463	-2.871910333633423	-4.539774060249329	-0.5873644351959229	-9.56238444998758	-5819.484394351143	-5829.046778801131	0.0
0.7635450255870819	0.25170343530178074	1.0841900897026062	0.18592638969421388	-0.28788185119628906	0.6873095035552979	-0.8228003978729248	-4.261901378631592	-2.08135724067688	1.3873845338821411	-9.56238444998758	-7404.218138080501	-7413.780522530489	0.0
0.819069230556488	0.217414156973362	0.9272185790538788	0.41334402561187744	2.051098108291626	4.031423330307007	-4.291566610336304	-3.441641926765442	3.388281464576721	1.4834827184677124	-9.56238444998758	-4203.421599235422	-4212.98398368541	0.0
0.7636049139499664	0.1477418906092644	0.8607930219173431	0.2265225887298584	4.185806751251221	-4.833694100379944	1.8643009662628174	-0.7753998041152954	-2.305784225463867	4.670774936676025	-9.56238444998758	-701.6253018665076	-711.1876863164952	6.195008194299796e-245
0.7423208236694335	0.2685140970945359	0.9964567244052888	0.6196945905685425	4.735288381576538	0.1268768310546875	0.7982593774795532	-1.0359859466552734	-4.589336514472961	-1.7765915393829346	-9.56238444998758	-7428.836606825618	-7438.398991275606	0.0
0.8104258656501769	0.22624560755491258	1.066330658197403	1.28858802318573	-3.838560104370117	-2.6229339838027954	-1.3639158010482788	-1.4607888460159302	-1.1073917150497437	-3.2036399841308594	-9.56238444998758	-6576.466888361047	-6586.029272811034	0.0
0.747438017129898	0.2308753736615181	0.8580650174617767	0.40190801620483396	-0.3055851459503174	-4.9731022119522095	4.560374617576599	4.307788014411926	-3.973783850669861	-1.584879755973816	-9.56238444998758	-5947.463356260464	-5957.025740710452	0.0
0.6979529881477355	0.2729998362064362	1.0438018095493318	0.41399297714233396	2.1330878734588623	4.581015110015869	1.7438554763793945	-3.180585503578186	3.972262740135193	0.12834608554840088	-9.56238444998758	-10716.17220305417	-10725.734587504157	0.0
0.7174367475509643	0.24641783827543262	0.9928959929943085	1.2689393758773804	-0.9907264709472656	-4.734703302383423	-1.1717665195465088	1.9184070825576782	-3.4108662605285645	2.0301544666290283	-9.56238444998758	-7587.69088767928	-7597.253272129268	0.0
0.79794487118721	0.20408618915081025	0.9996975159645081	0.8374432563781737	3.1690521240234375	-2.1717792749404907	0.9389442205429077	4.510590434074402	-3.350798487663269	0.03730595111846924	-9.56238444998758	-2951.7550946783485	-2961.3174791283363	0.0
0.8164536583423614	0.12714137703180314	1.0888298761844637	0.2998579740524292	-2.3975415229797363	2.6788318157196045	-3.584504723548889	-0.7321584224700928	2.774653434753418	0.9545367956161499	-9.56238444998758	-572.8845777116957	-582.4469621616832	5.051588685255532e-189
0.7617778038978577	0.24342012238502506	1.0363629639148713	0.27171366214752196	4.194222450256348	2.7184802293777466	-3.1109917163848877	0.5790120363235474	-3.9113932847976685	3.4561067819595337	-9.56238444998758	-5807.883862398328	-5817.446246848316	0.0
0.8053283274173736	0.1369831671714783	0.96006920337677	1.1935389757156372	2.3339996337890625	3.5498392581939697	-3.7957769632339478	-0.34550368785858154	-4.153006672859192	4.413884282112122	-9.56238444998758	-510.79539347490027	-520.3577779248878	4.660345145299396e-162
0.6518654596805573	0.0809030648469925	0.9275963699817658	1.2836494684219362	4.657479286193848	0.05092144012451172	-0.5052900314331055	-1.2658095359802246	2.343500852584839	-0.22151648998260498	-9.56238444998758	-148.45022074237613	-158.0126051923637	0.00010787657357969783
0.7264304518699646	0.07996966880559922	0.9189295101165772	0.9950278282165527	4.47974967956543	-4.591355323791504	-1.0948032140731812	2.6479846239089966	-4.076077938079834	-2.384253144264221	-9.56238444998758	-152.66508428258558	-162.22746873257316	1.5938049314986543e-06
0.7243830788135528	0.1889404150247574	0.9285997676849366	1.1200282812118532	4.771249294281006	-2.5517159700393677	-4.5804136991500854	-3.6778372526168823	0.9353005886077881	-4.086369276046753	-9.56238444998758	-2046.6851256643965	-2056.247510114384	0.0
0.7092420732975006	0.16381189244985583	0.9887994301319123	1.1288265705108642	-2.3690857887268066	1.4541608095169067	1.9107449054718018	-2.7399230003356934	2.0539557933807373	-4.609816074371338	-9.56238444998758	-1582.491995854045	-1592.0543803040325	0.0
0.6488400030136109	0.18826758056879045	0.98393310546875	0.9685424089431762	-4.554073333740234	-4.64313268661499	1.6524648666381836	4.113935232162476	1.0597378015518188	-0.3548997640609741	-9.56238444998758	-4006.6487882697097	-4016.2111727196975	0.0
0.8078533804416657	0.17644558274745942	0.9441618311405182	0.10711479187011719	2.1153101921081543	3.225119113922119	-1.8640798330307007	3.967006206512451	2.6371783018112183	-0.984378457069397	-9.56238444998758	-1840.8336902505778	-1850.3960747005654	0.0
0.7782135009765625	0.26250026577711105	0.9412590801715851	1.1361382007598877	1.4030191898345947	-3.4068673849105835	1.6930681467056274	-3.4311312437057495	0.607941746711731	1.575949788093567	-9.56238444998758	-8492.800810673234	-8502.363195123222	0.0
0.7819129002094268	0.2596694033741951	0.9671908366680145	0.47080287933349607	0.4688565731048584	-1.4709335565567017	-0.43068230152130127	0.9754598140716553	-2.1606063842773438	-4.560414552688599	-9.56238444998758	-7897.886611254436	-7907.448995704423	0.0
0.7555415499210357	0.09320450705289841	1.0038001692295075	0.14233312606811524	-2.537416934967041	-1.0039985179901123	4.872766733169556	3.4604310989379883	0.5500519275665283	1.645072102546692	-9.56238444998758	-223.22510383067421	-232.7874882806618	3.6191620852438252e-37
0.8176797175407409	0.14586362868547442	0.9279881083965301	0.9325563907623291	-1.7929623126983643	4.489349722862244	2.8786665201187134	1.151607632637024	0.14753103256225586	2.462284564971924	-9.56238444998758	-1077.2542902431287	-1086.8166746931163	0.0
0.7055824780464173	0.1371869580745697	0.9166540086269379	0.7775498151779174	4.011650562286377	-4.388202428817749	-0.5889540910720825	1.695893406867981	3.79067599773407	-0.12398838996887207	-9.56238444998758	-605.6805602384169	-615.2429446884045	2.886115730335383e-203
0.6841902732849121	0.1001302410364151	0.8417064440250397	0.3574153184890747	0.9233779907226562	3.4074866771698	-4.391129016876221	-0.2893024682998657	4.111548662185669	0.5678129196166992	-9.56238444998758	-207.37119294470145	-216.93357739468902	2.7789072250065355e-30
0.7594305706024169	0.16671284413337709	0.8796006655693054	0.19968547821044924	-2.914458990097046	-3.041972517967224	2.9448801279067993	3.872465491294861	3.0505943298339844	0.5006003379821777	-9.56238444998758	-2150.7014475405404	-2160.263831990528	0.0
0.7235288488864898	0.16830713945627213	0.8487121427059173	1.2007375240325928	5.452476739883423	4.135926961898804	-0.6635314226150513	1.3029366731643677	-1.2895023822784424	-0.5956262350082397	-9.56238444998758	-1241.5955677500147	-1251.1579522000022	0.0
0.790908761024475	0.1716694126725197	0.9036318600177765	0.7871564865112304	-1.467421531677246	1.6476231813430786	2.7158230543136597	-1.6661125421524048	-4.022156596183777	-2.6998019218444824	-9.56238444998758	-1655.8063646688752	-1665.3687491188628	0.0
0.7986478888988494	0.18982095170021057	0.9764258706569672	0.538367223739624	1.317553997039795	-2.6090890169143677	-0.9759247303009033	-4.491257667541504	2.129037380218506	-4.524136185646057	-9.56238444998758	-2010.6003177193436	-2020.1627021693312	0.0
0.7993092250823974	0.10733467203378678	0.9519479072093964	0.6793680906295776	-0.9029009342193604	2.1730101108551025	-1.134379506111145	4.36513364315033	0.440291166305542	-4.2950356006622314	-9.56238444998758	-285.2297285394604	-294.79211298944796	4.269152513420958e-64
0.6669801580905914	0.09013694083690645	0.9169903755187988	0.6501162767410278	-1.0582280158996582	2.915482521057129	1.7990821599960327	4.289957880973816	0.6625789403915405	-0.6430214643478394	-9.56238444998758	-191.02334837990557	-200.58573282989315	3.4966545891729156e-23
0.7723722612857818	0.21358763188123706	0.8700454127788544	0.7097342729568481	-4.36060094833374	-1.550309658050537	-4.298871755599976	1.044582724571228	3.038301467895508	-4.243806600570679	-9.56238444998758	-5966.749262827101	-5976.311647277089	0.0
0.6829780757427215	0.21553939133882524	0.9465114092826843	1.1408309936523438	4.307956695556641	4.611943364143372	0.9666526317596436	2.2906529903411865	3.468303084373474	1.1020386219024658	-9.56238444998758	-4166.2099787187335	-4175.772363168721	0.0
0.7815317261219025	0.2608883758187294	0.8559446430206299	1.0817083835601806	0.6871461868286133	-4.777072072029114	4.247458577156067	-3.145044445991516	-3.407096266746521	0.9092974662780762	-9.56238444998758	-7951.057539799721	-7960.619924249709	0.0
0.6410844278335571	0.10954793632030488	0.8498864436149597	0.5976312398910523	-1.9680004119873047	2.9726898670196533	0.06576061248779297	-0.5897367000579834	-0.16241133213043213	4.088035225868225	-9.56238444998758	-314.76420768845713	-324.3265921384447	6.3632699789623285e-77
0.7770614492893219	0.11059022039175034	0.9220271229743957	0.3487116575241089	-2.3369007110595703	4.594053030014038	2.0293909311294556	-4.184757471084595	-0.6257915496826172	3.25780987739563	-9.56238444998758	-328.4301045317472	-337.99248898173477	7.39020967628984e-83
0.6460096395015716	0.15628784024715425	0.8558667850494385	1.1334760189056396	-1.25144362449646	-0.6393909454345703	-2.950829863548279	-1.8007713556289673	4.545890688896179	-2.2873854637145996	-9.56238444998758	-1180.8615036234594	-1190.423888073447	0.0
0.783034782409668	0.08733580946922304	0.9423884546756744	0.7501117467880248	-1.459282636642456	2.4842798709869385	4.602286219596863	-3.53488028049469	3.279706835746765	0.3173995018005371	-9.56238444998758	-170.52446262026507	-180.08684707025265	2.79386684557943e-14
0.8009405016899108	0.18649414443969728	0.8952729141712189	1.2753868341445924	1.839245080947876	1.484149694442749	0.47559916973114014	2.4325931072235107	3.3723586797714233	3.035624623298645	-9.56238444998758	-2430.789396702386	-2440.351781152374	0.0
0.8080207180976867	0.2758803886771202	0.9273996484279633	0.4048486471176147	4.615980863571167	-2.0366525650024414	-0.21168410778045654	-0.20025193691253662	3.41405987739563	2.2946423292160034	-9.56238444998758	-11436.387202330174	-11445.949586780162	0.0
0.6819408762454987	0.07167872190475465	0.9770851683616638	0.5181611776351929	3.1951889991760254	0.4811978340148926	2.2583460807800293	1.4513832330703735	1.7644500732421875	-1.4407318830490112	-9.56238444998758	-143.5194840849161	-153.08186853490366	0.014938908450809326
0.6433172488212585	0.15898043572902681	0.9394564139842987	0.34183311462402344	0.40938305854797363	0.2923703193664551	-0.0964123010635376	-0.6404197216033936	-1.5196001529693604	1.2502706050872803	-9.56238444998758	-1062.1530348340036	-1071.7154192839912	0.0
0.7017869484424591	0.21709961670637132	0.9152073442935944	0.40129268169403076	3.569068193435669	-4.889954328536987	-1.8727684020996094	-1.855844259262085	-0.22624313831329346	4.07753586769104	-9.56238444998758	-3851.1702087580893	-3860.732593208077	0.0
0.6615294480323791	0.27120579963922503	1.0965647339820863	1.1103195428848267	3.4075770378112793	1.946980357170105	2.6135367155075073	-2.851164937019348	-4.293307065963745	-3.002188205718994	-9.56238444998758	-7537.922637940845	-7547.4850223908325	0.0
0.6604081881046295	0.16697819739580155	1.0213845717906953	0.3408047199249268	-3.7431013584136963	2.2622424364089966	2.8849905729293823	2.6479363441467285	1.5682315826416016	-2.2494691610336304	-9.56238444998758	-2342.725835453824	-2352.2882199038118	0.0
0.7619423520565033	0.13743719428777695	0.8797801077365875	0.8614406585693359	-4.614501714706421	-1.6451656818389893	-2.817413806915283	-1.6424751281738281	4.539637565612793	2.6055723428726196	-9.56238444998758	-991.3922427043541	-1000.9546271543417	0.0
0.6427543604373932	0.2478852359056473	1.0764079654216767	1.2069951534271242	1.9171357154846191	2.174549698829651	1.3521510362625122	1.7279261350631714	0.05814969539642334	-2.929658889770508	-9.56238444998758	-6798.216499552487	-6807.778884002475	0.0
0.7043851721286774	0.23769777846336368	0.9679023909568787	0.3956424474716187	0.5118176937103271	-0.5767703056335449	-4.007124900817871	4.304904341697693	0.06565213203430176	0.6100666522979736	-9.56238444998758	-6636.900454703106	-6646.462839153094	0.0
0.7854123246669769	0.07967038393020631	1.068534562587738	1.0983432292938233	4.100825786590576	0.58552086353302	-0.004213452339172363	1.0477322340011597	3.832692503929138	3.1714320182800293	-9.56238444998758	-146.30358835584258	-155.86597280583015	0.0009229915900254858
0.653278683423996	0.1844499848484993	0.9969688296318054	1.285253930091858	1.4079830646514893	-1.3120687007904053	1.9984972476959229	4.223584532737732	-4.041511416435242	-3.463832139968872	-9.56238444998758	-1947.1755826630656	-1956.7379671130532	0.0
0.7108280527591705	0.16167908054590227	1.0925552034378052	0.6455833435058593	-1.2826924324035645	-3.1650733947753906	0.6477129459381104	-1.127760410308838	-1.5293502807617188	-3.9285022020339966	-9.56238444998758	-1198.5814777184726	-1208.1438621684601	0.0
0.7392129802703857	0.2311890209913254	0.8818190288543701	0.49762940406799316	-0.05753731727600098	-4.696274399757385	3.1061911582946777	4.753033518791199	-4.31386411190033	-3.240751028060913	-9.56238444998758	-5652.434440086664	-5661.996824536652	0.0
0.727980661392212	0.11491430014371873	1.086689339876175	0.6401556968688964	-0.727095365524292	4.972926378250122	-0.0008153915405273438	0.3838568925857544	-4.228683114051819	-2.644863724708557	-9.56238444998758	-313.1734310602951	-322.7358155102827	3.122812156343902e-76
0.698389093875885	0.1858723708987236	1.0631728076934814	0.2696477174758911	-5.878471612930298	2.852780818939209	3.8733643293380737	-1.8128883838653564	-1.6920596361160278	1.4376932382583618	-9.56238444998758	-4466.218609018273	-4475.780993468261	0.0
0.7805057275295257	0.12578504317998887	0.9696572017669678	0.7877876281738281	3.515256643295288	2.442874312400818	1.48235023021698	-1.5697485208511353	4.062411189079285	-0.8437949419021606	-9.56238444998758	-392.29074733346454	-401.8531317834521	1.3624857879726684e-110
0.6739665400981903	0.07686808294057847	0.9963893580436707	0.8531788825988769	-0.2724738121032715	3.157968521118164	0.7729917764663696	-2.010021209716797	-4.748969674110413	-4.550861120223999	-9.56238444998758	-145.66092777978423	-155.2233122297718	0.0017550992709685093
0.7256645739078522	0.09757071834802629	0.966415046453476	1.025601863861084	-5.515545845031738	-4.795718193054199	3.948640823364258	1.330045461654663	2.5116753578186035	3.0249834060668945	-9.56238444998758	-304.2311735204433	-313.79355797043087	2.3884654674473877e-72
0.7447227954864502	0.1379897463321686	0.9349404966831207	0.5098423957824707	-4.257902383804321	4.431852102279663	-1.2061470746994019	3.6267608404159546	1.0554510354995728	4.9097830057144165	-9.56238444998758	-1146.9221225699084	-1156.484507019896	0.0
#nsample=252
#log_z=6.9317149382896e-310
#log_z_error=0.13369268516609173
#evaluations=252
#successes=252
#complete=1
