#chebyshev_coefficients--c0 chebyshev_coefficients--c1 chebyshev_coefficients--c2 cosmological_parameters--omch2 cosmological_parameters--ombh2 cosmological_parameters--s_8_input intrinsic_alignment_parameters--a nofz_shifts--uncorr_bias_1 nofz_shifts--uncorr_bias_2 nofz_shifts--uncorr_bias_3 nofz_shifts--uncorr_bias_4 nofz_shifts--uncorr_bias_5
1.720025878854225e-05  1.9042142065248411e-07  -3.763429665660629e-08  1.6159746439354353e-05  -2.9614532784661393e-07  0.00014591345497708737  0.0005319848095685643  3.3888150470579733e-05  0.00025692572849352453  0.0002636776880742116  -0.0004220281969375016  -0.0003065405047055926
1.90421420652484e-07  1.9498251728878768e-05  -2.4934806180104383e-08  1.3121723370141785e-05  6.534584774591058e-08  0.0005136783047172115  -0.00021648011395440384  0.0002781394362956999  8.989464566348146e-05  0.00037121089373898486  -0.00045812634259468797  0.00026594815973083756
-3.763429665660634e-08  -2.4934806180104353e-08  4.447436982357911e-06  1.0480779883850145e-05  1.7459623292978574e-07  0.00013691769001884902  -9.053811914063314e-05  -0.00013798319530399278  4.812970992588319e-05  0.0001168072143188809  -0.0002079695108191838  7.919466652508696e-05
1.6159746439354356e-05  1.3121723370141785e-05  1.0480779883850145e-05  0.00235300043654099  3.0885378491551486e-06  -0.006251122728986503  0.030990088651517998  -0.0031116406117026804  -0.0050930440163645995  0.0012749772558820942  -0.0007689020726989024  0.0007335912384796139
-2.9614532784661383e-07  6.534584774591055e-08  1.7459623292978572e-07  3.0885378491551473e-06  3.5807020819957085e-06  4.86417781043163e-06  0.000423108787806763  -7.159675910818055e-05  -0.00020170682556002356  4.066107730038408e-05  0.00029448633392577375  0.00013906236007782952
0.00014591345497708737  0.0005136783047172115  0.00013691769001884902  -0.0062511227289865036  4.864177810431629e-06  0.055152225737685766  0.0030531948633869335  0.010081785923291358  0.021493017593419813  0.012604803463064309  -0.011719441351179163  -0.0031746926439723995
0.0005319848095685643  -0.00021648011395440373  -9.053811914063306e-05  0.03099008865151799  0.000423108787806763  0.0030531948633869374  2.2262725191904114  0.05052239381197918  -0.13761320972647928  0.045564410019713945  0.02031423937294411  -0.08512590555999533
3.388815047057974e-05  0.0002781394362956999  -0.00013798319530399276  -0.0031116406117026804  -7.159675910818058e-05  0.010081785923291363  0.050522393811979184  0.721995954866658  -0.030236357729213358  0.06626221221120325  -0.04211731209178852  0.051092003336770754
0.00025692572849352453  8.989464566348148e-05  4.812970992588314e-05  -0.0050930440163645995  -0.0002017068255600236  0.021493017593419813  -0.13761320972647925  -0.030236357729213358  0.7873538396822115  0.009815396765279039  -0.0577745404029717  -0.02146644245711709
0.0002636776880742115  0.00037121089373898496  0.00011680721431888092  0.0012749772558820944  4.0661077300384066e-05  0.012604803463064309  0.045564410019713945  0.06626221221120325  0.009815396765279035  0.7488487157906455  0.06156774219218671  -0.07546017444173735
-0.0004220281969375016  -0.00045812634259468797  -0.00020796951081918381  -0.0007689020726989025  0.00029448633392577375  -0.011719441351179163  0.020314239372944114  -0.04211731209178852  -0.05777454040297172  0.0615677421921867  0.9030725037129541  0.03132543099928245
-0.00030654050470559264  0.0002659481597308376  7.919466652508693e-05  0.0007335912384796136  0.00013906236007782955  -0.0031746926439723986  -0.08512590555999532  0.05109200333677075  -0.021466442457117096  -0.07546017444173733  0.03132543099928245  0.9281447895903975
