#cosmological_parameters--h0 cosmological_parameters--omch2 cosmological_parameters--ombh2 cosmological_parameters--n_s cosmological_parameters--s_8_input intrinsic_alignment_parameters--a nofz_shifts--uncorr_bias_1 nofz_shifts--uncorr_bias_2 nofz_shifts--uncorr_bias_3 nofz_shifts--uncorr_bias_4 nofz_shifts--uncorr_bias_5
0.002441409897694977  0.0010078899286232851  -1.144480718600178e-06  -0.00027853462249024873  0.0008691870449272806  -0.00029043566109048554  -0.005050636605378197  0.00035315092921135325  -0.00041136184788404754  -0.0017443712307146375  0.003403687291911772
0.0010078899286232851  0.0004703548626179224  -5.0187989680452855e-06  -7.108702681602009e-05  0.00017035736340508713  0.0017652236814728853  -0.0022684220402470565  0.0011245697678802283  -0.00036287197370085336  -0.0009567473043564599  0.0009434113853072016
-1.144480718600177e-06  -5.018798968045285e-06  3.2912624922570428e-06  -1.3193100964605346e-05  4.809061341884711e-05  -6.913646442471187e-05  -9.70601477813051e-06  2.184294574578847e-06  0.00010525887457258831  8.219810068761809e-05  1.7548978782003054e-05
-0.0002785346224902488  -7.108702681602011e-05  -1.3193100964605346e-05  0.0049176476144011565  -0.0034077586975691993  0.0021146574694364873  0.0022956636671044427  -0.0004693668254990609  0.00020284404933547138  -0.0038246612737465697  -0.0018159172430628737
0.0008691870449272804  0.0001703573634050871  4.809061341884712e-05  -0.003407758697569199  0.09550555168271076  -0.006962965420372201  0.006493496841105074  -0.019934313642542563  0.007397058059632173  0.007397960090285913  0.010463441603975731
-0.00029043566109048565  0.0017652236814728853  -6.913646442471187e-05  0.0021146574694364873  -0.0069629654203722  0.2150899633222748  0.07682630050757193  0.08933750760449413  0.04994558763266787  0.021000449013724144  -0.016021641151835814
-0.005050636605378196  -0.0022684220402470565  -9.706014778130517e-06  0.0022956636671044427  0.006493496841105075  0.07682630050757194  0.8895205270813796  0.007463571854722146  0.006150395585624928  0.03128790373852448  -0.03359804084763684
0.00035315092921135336  0.0011245697678802288  2.184294574578856e-06  -0.0004693668254990624  -0.019934313642542566  0.08933750760449413  0.007463571854722147  0.7817702931659384  0.13049369035318048  0.05522358548257448  0.0774034160451514
-0.0004113618478840479  -0.0003628719737008533  0.00010525887457258829  0.00020284404933547192  0.00739705805963217  0.04994558763266788  0.006150395585624942  0.13049369035318048  0.8759580662930418  -0.01698833369752699  -0.13091750119473336
-0.001744371230714638  -0.0009567473043564599  8.21981006876181e-05  -0.0038246612737465697  0.007397960090285912  0.02100044901372415  0.03128790373852447  0.05522358548257449  -0.016988333697526985  0.6417208359483662  -0.00023750956174153337
0.0034036872919117733  0.000943411385307201  1.7548978782002973e-05  -0.0018159172430628737  0.010463441603975733  -0.016021641151835825  -0.03359804084763683  0.07740341604515143  -0.13091750119473336  -0.0002375095617415403  0.809873361693845
