#chebyshev_coefficients--c0 chebyshev_coefficients--c1 chebyshev_coefficients--c2 chebyshev_coefficients--c3 cosmological_parameters--omch2 cosmological_parameters--ombh2 intrinsic_alignment_parameters--a nofz_shifts--uncorr_bias_1 nofz_shifts--uncorr_bias_2 nofz_shifts--uncorr_bias_3 nofz_shifts--uncorr_bias_4 nofz_shifts--uncorr_bias_5
1.4312315698091165  0.003906178323184437  0.06872588466570731  -0.14255353206288632  0.004782564504772298  -3.11260503621051e-05  0.09716793599435003  -0.07907180306454425  0.032303251267973024  0.07363883922495959  0.02764974057139891  0.041488151380656625
0.0039061783231844447  0.11523943583894392  -0.03375886989541954  -0.03199820025062306  -0.001164831016637044  -3.920953340051699e-05  0.0003080737564375595  0.012028998008061825  0.01697237663618173  -0.012810640855857695  0.017748376997499263  0.016703575754681503
0.0687258846657073  -0.03375886989541955  0.07006261542478198  -0.03926555157166008  9.103270489842756e-05  6.678198367501675e-05  0.0036548349908851656  -0.008949820791066558  0.02084460273812528  0.009331723973106618  -0.000986530038338416  -0.011530292743683683
-0.1425535320628863  -0.03199820025062306  -0.039265551571660076  0.08640878925773705  -0.000659866299741154  -3.386199516966436e-05  0.002318772416388826  -0.007632820171132404  -0.019000298319380184  0.017438136441655483  0.007063297973537701  -0.002913866258473376
0.004782564504772298  -0.0011648310166370442  9.103270489842765e-05  -0.0006598662997411534  0.002737755596775261  -8.935466903033398e-07  0.01480481183453647  -0.001998545432065221  0.00032668138674764194  -0.0012384103259124972  -0.0032069394575503767  -0.0021346075448502614
-3.1126050362105084e-05  -3.9209533400516976e-05  6.678198367501676e-05  -3.3861995169664353e-05  -8.935466903033396e-07  4.182991456437789e-06  -6.477535039630959e-05  -0.00012656839686713385  7.970180557293234e-05  0.00011028802297390239  -5.773513926883417e-05  1.6129666376990942e-05
0.09716793599435003  0.000308073756437563  0.003654834990885168  0.002318772416388823  0.014804811834536472  -6.477535039630957e-05  2.4455027659290116  -0.070595767377226  0.03532370237850529  -0.02956355906327329  -0.15727371632612544  -0.11673747747123232
-0.07907180306454427  0.012028998008061825  -0.008949820791066551  -0.007632820171132409  -0.0019985454320652204  -0.0001265683968671339  -0.070595767377226  0.9714426751292025  0.040588862250627765  -0.09530456784608893  -0.01025216606810004  -0.10074671564096725
0.032303251267972996  0.01697237663618173  0.020844602738125273  -0.019000298319380184  0.00032668138674764107  7.970180557293231e-05  0.03532370237850526  0.04058886225062779  0.9982522615955228  0.025373069464995075  0.023795060409967646  0.030380659806595548
0.0736388392249596  -0.012810640855857692  0.009331723973106618  0.017438136441655476  -0.0012384103259124965  0.00011028802297390236  -0.029563559063273247  -0.09530456784608891  0.02537306946499507  0.9775779505312484  0.08135169529406691  0.020843154606863406
0.027649740571398913  0.017748376997499263  -0.0009865300383384182  0.007063297973537702  -0.003206939457550377  -5.773513926883417e-05  -0.1572737163261254  -0.010252166068100052  0.023795060409967643  0.08135169529406691  0.8270184125753667  0.06908269826537465
0.041488151380656625  0.016703575754681503  -0.011530292743683683  -0.0029138662584733744  -0.0021346075448502614  1.6129666376990942e-05  -0.11673747747123231  -0.10074671564096721  0.030380659806595548  0.020843154606863395  0.06908269826537466  0.8981453431881317
