#cosmological_parameters--h0 cosmological_parameters--omch2 cosmological_parameters--ombh2 cosmological_parameters--n_s cosmological_parameters--s_8_input intrinsic_alignment_parameters--a nofz_shifts--uncorr_bias_1 nofz_shifts--uncorr_bias_2 nofz_shifts--uncorr_bias_3 nofz_shifts--uncorr_bias_4 nofz_shifts--uncorr_bias_5
0.002417027462622503  0.0009994341867091733  -1.5436068837282478e-06  -1.9722289029435922e-05  0.00015016390615596616  0.0007954695637614332  0.0002827324080024226  0.001237553425847466  -0.001123342254456994  -0.00130143475247093  0.001699532257975405
0.0009994341867091733  0.0004713012551200865  -4.42316834340534e-06  -1.4732289931535944e-05  0.0001423794409597315  0.0022091536229868415  0.00048758833954055085  0.00129505459019219  -0.001061203708869559  -0.001834307180409337  -5.79205716358453e-05
-1.5436068837282482e-06  -4.42316834340534e-06  3.5587828884836714e-06  9.622504235447234e-07  5.501596082931662e-06  -1.626355652780656e-05  -6.770042494370664e-05  -4.692179306626011e-05  2.6448474905158376e-05  8.004055421185872e-05  -4.862582122750626e-05
-1.972228902943592e-05  -1.473228993153595e-05  9.62250423544723e-07  0.005179966656252803  -0.000276125427782051  -2.5768404985610343e-05  -0.0015886105261983664  -0.0029048814770900734  -0.00113112302328794  0.002243763450633716  0.0005075680704277149
0.00015016390615596616  0.0001423794409597315  5.5015960829316625e-06  -0.0002761254277820511  0.10629873299910811  0.006093378610327395  -0.000714258874916758  0.005591325160405833  -0.003914526308518943  -0.00718375809688558  7.80639570331616e-05
0.0007954695637614334  0.0022091536229868415  -1.626355652780656e-05  -2.5768404985610292e-05  0.006093378610327394  0.20467190159285073  0.0710893488116653  0.0816396756556356  0.017893210465006904  -0.03999376439788183  -0.020004104830262326
0.0002827324080024228  0.00048758833954055074  -6.770042494370664e-05  -0.001588610526198366  -0.0007142588749167598  0.07108934881166531  0.8375104289228806  0.03548442952028834  0.0029614128929861005  0.0035739995504015165  0.001993622193274947
0.001237553425847466  0.00129505459019219  -4.692179306626012e-05  -0.0029048814770900734  0.005591325160405832  0.08163967565563561  0.03548442952028833  0.7683645381998012  -0.00653191465266546  0.017042503433741137  0.0211174829339262
-0.001123342254456994  -0.001061203708869559  2.6448474905158372e-05  -0.00113112302328794  -0.003914526308518942  0.017893210465006897  0.002961412892986103  -0.0065319146526654605  0.7590066694289304  0.03572549588802103  -0.009353533924170637
-0.0013014347524709297  -0.001834307180409337  8.004055421185871e-05  0.002243763450633716  -0.007183758096885577  -0.03999376439788183  0.0035739995504015195  0.017042503433741137  0.035725495888021035  0.7794817584229629  0.03591444796477955
0.001699532257975405  -5.792057163584515e-05  -4.862582122750632e-05  0.0005075680704277149  7.806395703315813e-05  -0.020004104830262333  0.001993622193274955  0.02111748293392619  -0.009353533924170637  0.03591444796477956  0.7989330426714352
