#uncorr_chebyshev_coefficients--c0 uncorr_chebyshev_coefficients--c1 uncorr_chebyshev_coefficients--c2 cosmological_parameters--omch2 cosmological_parameters--ombh2 cosmological_parameters--s_8_input intrinsic_alignment_parameters--a nofz_shifts--uncorr_bias_1 nofz_shifts--uncorr_bias_2 nofz_shifts--uncorr_bias_3 nofz_shifts--uncorr_bias_4 nofz_shifts--uncorr_bias_5
0.8742687595985342  0.09233575586462557  0.04656262619949155  -0.000397812666687946  9.834746531714456e-05  -0.01537407797900466  -0.18190290460550143  0.12763685265911381  -0.026564875074759874  0.018672734802570513  0.004252515691512088  -0.04959984134521394
0.09233575586462558  0.7590888009385532  -0.031149877903129473  0.0017106642420109002  -4.151912146902212e-05  -0.0001949603227540639  0.025201647498444626  0.06999980784700928  -0.05906670797086029  0.0726982595899152  -0.045822173962864594  0.06463048586374763
0.04656262619949155  -0.031149877903129473  0.9726260535325537  0.000114666524629852  4.314522461343299e-05  0.0054913337294548595  -0.022046082092954517  -0.04442932658607149  0.05570545471824974  0.010345378013777183  0.024549773042134106  -0.05431965066988672
-0.0003978126666879463  0.0017106642420109004  0.00011466652462985227  0.002703463199547013  1.288778577868674e-06  -0.0008724457177456881  0.0310042601585421  0.003264752550751777  0.0007923376377201013  0.002114638943272352  -0.0027285210214358143  -0.004049468488985225
9.834746531714454e-05  -4.1519121469022103e-05  4.314522461343301e-05  1.2887785778686748e-06  3.5458021709558416e-06  -2.225534199271994e-05  1.2507457647739662e-05  0.00013185660268268424  0.00010253177114629878  -3.487415613515632e-05  6.149485316912886e-05  1.9659053691957502e-05
-0.01537407797900466  -0.00019496032275406313  0.005491333729454857  -0.0008724457177456881  -2.225534199271994e-05  0.012720809993876654  0.10678279017824775  0.005034151518073846  -0.004245101831360275  -0.0018782055677730577  -0.0018445744227256714  0.0013955510482817858
-0.18190290460550143  0.025201647498444626  -0.02204608209295451  0.0310042601585421  1.2507457647739672e-05  0.10678279017824775  2.378636612589835  0.12993057218990978  -0.033366970579779706  0.09147222357253768  0.04995970226461568  0.048788644119621846
0.12763685265911381  0.06999980784700927  -0.0444293265860715  0.003264752550751777  0.00013185660268268421  0.005034151518073845  0.12993057218990975  0.8529220063968738  0.02153195299269697  0.04141482184300066  0.005155514397406793  0.14917615232985426
-0.026564875074759887  -0.059066707970860284  0.05570545471824975  0.0007923376377201013  0.00010253177114629878  -0.004245101831360273  -0.0333669705797797  0.02153195299269696  0.8648596665756422  -0.019776088732053002  -0.021813190885608014  0.07771735708596314
0.0186727348025705  0.0726982595899152  0.010345378013777183  0.002114638943272352  -3.487415613515626e-05  -0.001878205567773059  0.0914722235725377  0.04141482184300066  -0.019776088732052995  0.9642009457679079  0.05131040110422325  0.04398772270838303
0.004252515691512078  -0.04582217396286459  0.02454977304213411  -0.0027285210214358143  6.149485316912887e-05  -0.001844574422725671  0.04995970226461569  0.005155514397406797  -0.021813190885608017  0.05131040110422324  0.8065302140076638  -0.03584314869753883
-0.049599841345213946  0.06463048586374763  -0.05431965066988671  -0.0040494684889852235  1.965905369195747e-05  0.0013955510482817838  0.048788644119621846  0.1491761523298543  0.07771735708596314  0.04398772270838304  -0.03584314869753884  0.8881001624859778
