    0.163498620900362096E-98    0.425874766948895831E+04    0.817618898834353791E+00    0.519790168438051189E-01    0.211222322649353388E-01    0.987561354922829926E+00    0.985503306037352367E+00    0.230442998988739767E+01    0.522481794272380284E+00   -0.190434521533688839E+00   -0.217661408070170870E+00   -0.233884702574300718E+01    0.640606700138732998E+00    0.117670379879231768E+01   -0.212819713094568669E+04
    0.244123557829630527E-98    0.425792592963649895E+04    0.817519268897795137E+00    0.512190467055893828E-01    0.217114875414347423E-01    0.967125093048237350E+00    0.104135294254486399E+01    0.320320609774886300E+01    0.145128340324276905E+01   -0.142246672882038128E+00   -0.727400089029970109E+00   -0.248081991398635182E+01    0.254035599589883532E+01   -0.178089816979585702E+00   -0.212914105463522901E+04
    0.968894536500932417E-98    0.425514896706282707E+04    0.806702097868833956E+00    0.512589325376903993E-01    0.192845258189293066E-01    0.979473897534285043E+00    0.114135085411303772E+01    0.112092707736047092E+01    0.478386701705630912E+00   -0.834961985941617968E+00   -0.161861558377609049E+01   -0.140522441692269240E+01    0.756475975100556974E+00    0.176477752330171889E+01   -0.212580970600811179E+04
    0.111817877787777320E-97    0.425484236550066635E+04    0.819511180986528087E+00    0.516855520941777169E-01    0.203371102425912373E-01    0.954947364052192049E+00    0.424954749900458228E+00   -0.493492679441058790E+00   -0.146145527275734821E+01    0.294496409298972694E-01   -0.146020238008645697E+01   -0.174542954049570653E+01    0.122560663767330902E+01    0.113816561209336742E+01   -0.212628301713823976E+04
    0.341319450536613786E-97    0.425259047072615704E+04    0.818509695561485673E+00    0.517614521101760552E-01    0.213200842312282791E-01    0.854146264812858935E+00    0.474722793975516755E+00    0.365486841199405532E+01    0.104816519250675810E+01    0.252347513304584992E+00   -0.907197392247098611E+00   -0.124581023633822952E+01    0.152900317735316116E+01    0.164197084883738587E+01   -0.212465326451424107E+04
    0.407196687711483181E-97    0.425221751575205417E+04    0.815036212152566497E+00    0.528595758406591246E-01    0.192029958854115154E-01    0.900721689808063664E+00    0.140760936779126988E+00    0.160666744808170137E+01   -0.734310620788392043E+00   -0.406324628885386063E+00   -0.141670078647507558E+01   -0.107425588222326951E+01    0.840827538769417737E+00    0.186830924106299157E+01   -0.212424044863496420E+04
    0.695531905312884618E-97    0.425112675464538643E+04    0.810251968113076426E+00    0.512863768051621746E-01    0.197504882298384296E-01    0.945816206728512299E+00    0.103336625295582007E+01    0.261484219013577146E+01   -0.668877351643004658E-01    0.177416255326647843E+01   -0.867368802233840830E+00   -0.231907034404798651E+01    0.332850144223471034E+01   -0.214724124155193774E+01   -0.212771061856424512E+04
    0.973259110588711675E-97    0.425043480771896884E+04    0.817214822970633747E+00    0.513999986605929576E-01    0.208130272081645355E-01    0.109489993288241805E+01    0.993121200433497164E+00    0.126020009329614346E+01    0.666455548461044600E+00    0.842477716679468358E+00   -0.131147701856093568E+01   -0.194972788896961902E+01    0.155658540250328792E+01    0.138922924765716926E+01   -0.212382817461182731E+04
    0.337269856460227375E-95    0.424332400130002952E+04    0.810871463755951205E+00    0.525103286508637329E-01    0.190953367908579773E-01    0.845384055470849161E+00    0.411166068571481857E+00    0.145678545558397232E+01   -0.887814745675541417E+00   -0.726807316226540934E+00   -0.281168875159551135E+01   -0.110649347507546736E+01    0.874719950708140681E+00    0.243023204249422031E+00   -0.212141897744576545E+04
    0.906212061800412858E-95    0.424132722135697350E+04    0.814744243348524799E+00    0.527537266466836380E-01    0.196819055150527257E-01    0.928318778331671202E+00    0.599363756759951016E+00    0.480993790396423826E+01   -0.142066039196606653E+00    0.121834479115250416E+00   -0.147529907378498115E+01   -0.160697543777473584E+01    0.336069189354361697E+01    0.106366016318801826E-01   -0.212065297407685466E+04
    0.152946400045034262E-94    0.424026042278886780E+04    0.813224709885436381E+00    0.519665583508268150E-01    0.199891754243015050E-01    0.940886971803298167E+00    0.992677067704891058E+00    0.281300981885988222E+01   -0.495202377522900861E+00   -0.123900541655074803E-01   -0.615872171619002762E+00   -0.185883273726062725E+01    0.190670677022467339E+01    0.177936039513206667E+01   -0.211835085099930166E+04
    0.204482476826831929E-94    0.423965963328804264E+04    0.815853477349546941E+00    0.537046205725488709E-01    0.202036844548242889E-01    0.904834355961172010E+00    0.878964377774797967E+00    0.548131675196434642E+01    0.159335528042333863E+01   -0.377289172359951352E+00   -0.165694703643453045E+01   -0.250194950547779627E+01    0.187985773352579622E+01    0.111808703516471208E+00   -0.211971800794050478E+04
    0.350614710357980016E-94    0.423856122199734182E+04    0.814693326276276331E+00    0.516254649307503408E-01    0.206678967973523420E-01    0.101278954001097676E+01    0.463222695303153631E+00    0.226059567644240822E+01    0.339891693107574611E+00   -0.161980867379725113E+00   -0.389865038744117154E-01   -0.222069532310911200E+01    0.816526148165621857E+00    0.127880331748721265E+01   -0.211800180768118389E+04
    0.464415523108586125E-94    0.423797903850503917E+04    0.811689200010556888E+00    0.513785826379054913E-01    0.217943176018298990E-01    0.105943741204221697E+01    0.566708163535734499E+00    0.528645376206577033E+01    0.298375496811331686E-01    0.221594887503897608E+00   -0.141641866526811078E+01   -0.120922575551162481E+01   -0.141068679512272643E+00    0.121752983701480622E+01   -0.211777198941550478E+04
    0.498789710619173217E-94    0.423781622868524209E+04    0.817553764727055765E+00    0.525649027606461886E-01    0.201751614738602016E-01    0.959336983644912933E+00    0.949338563888504350E+00    0.204584591437181906E+01    0.463689179879338553E+00    0.303244191119347362E+00   -0.224541142335397126E+01   -0.153845567645817027E+01    0.155484133308732475E+01    0.143010973738178038E+01   -0.211747800460523922E+04
    0.111981963902485425E-93    0.423617875202641608E+04    0.808119380819246280E+00    0.521111263477219214E-01    0.207069078420158946E-01    0.883270090779962214E+00    0.985054890937888450E+00    0.535892722493676388E+01   -0.129100603354572740E+00   -0.128655522840972425E+00   -0.487824808158163759E-01   -0.311761233075571909E+01    0.747275881207088100E+00    0.161222579169809865E+00   -0.211792815343403845E+04
    0.259895702249496330E-93    0.423447486685921922E+04    0.812293228644826781E+00    0.527148877622528253E-01    0.191448104915125164E-01    0.102661734884031430E+01    0.978361555746603662E+00    0.394450052941408202E+01    0.172001807098581594E+01    0.347495733896039438E+00   -0.392482340070045899E+00   -0.105379293683540709E+01    0.106845615574570751E+01    0.397906478223533311E+00   -0.211683952695138623E+04
    0.335450398347352526E-93    0.423394447946688160E+04    0.812530963853414390E+00    0.517132699565694409E-01    0.194421076931990539E-01    0.104164954223994055E+01    0.958710091713037782E+00   -0.477924099195964125E+00   -0.537223143240908030E+00    0.197119283621987107E+00   -0.250622986781877444E+01   -0.152762014227050713E+01    0.208446183866044743E+00    0.594265693048707799E+00   -0.211637797404039202E+04
    0.282937587504486428E-92    0.422965980481497809E+04    0.810558546299262384E+00    0.539486647933742625E-01    0.193457464688180127E-01    0.946009250413368030E+00    0.377435417688862351E+00    0.381142493244114533E+01   -0.479133656709791467E+00   -0.303748852583112183E+00   -0.134911494880157057E+01   -0.189230062715409986E+01   -0.123224473479581298E+01   -0.104094264154302429E+01   -0.211587084504903214E+04
    0.945377821939546689E-92    0.422722708816557952E+04    0.817948183322602995E+00    0.524791097222329569E-01    0.209157712388991605E-01    0.996509208224733212E+00    0.940884286533898218E+00    0.357422241171818378E+01    0.187798078547643854E+01    0.981250623968890068E+00   -0.147358271918506012E+01   -0.188076757475414524E+01    0.123211888979653872E+01   -0.271707922312674488E+00   -0.211388525200510230E+04
    0.154415589855373449E-91    0.422622579209180640E+04    0.817509404015477559E+00    0.530357288751142214E-01    0.200665025132766399E-01    0.105993658843547323E+01    0.461944380615761485E+00    0.261068247426601374E+01    0.105178137322695875E+01   -0.307492220724724930E-01   -0.168547365975086882E+01   -0.209816834451544310E+01    0.142381668464963718E+01    0.136190422511820097E+01   -0.211175099182078520E+04
    0.367130002696998391E-91    0.422447365526570138E+04    0.815621285968946230E+00    0.513567039580507811E-01    0.195742836806183373E-01    0.962710711745593972E+00    0.569917828765280632E+00    0.113394364921915169E+01    0.143075465393735612E+01   -0.350993232726750592E+00    0.441564769630553577E-02   -0.106197227837697028E+01    0.140884419932149307E+01    0.626994382437812914E+00   -0.211160983325041298E+04
    0.440641842777018475E-91    0.422408862250276889E+04    0.817626444532497998E+00    0.532814560102106011E-01    0.194215173002989065E-01    0.105309356961798062E+01    0.275287626315025402E+00    0.414374658316158673E+01    0.288404502365438020E+00    0.448125653834949900E+00   -0.738982247102057732E+00   -0.777901501495534831E+00    0.155331500534771316E+01    0.181144983963085071E+01   -0.211023286141175367E+04
    0.503421219520885695E-91    0.422380223282948828E+04    0.812859658583903522E+00    0.524679648064905260E-01    0.204698837259678565E-01    0.855957080347316657E+00    0.439944466170582249E+00    0.556814871076801765E+01    0.194204221158884138E+01    0.140737141123287168E-02   -0.197104141599424998E+01   -0.157126620950180040E+01    0.169077146607719464E+01   -0.275388210214531082E-01   -0.211192865523576575E+04
    0.738515488043210832E-91    0.422301580314982311E+04    0.818285779023024795E+00    0.518443032990213160E-01    0.190586170687790345E-01    0.970146626730671091E+00    0.934222697096307009E+00   -0.493308397488601891E+00    0.190703181939966271E+01   -0.167608909606542456E+00   -0.409442435774280744E+00   -0.134840634673423665E+01    0.731101891816479332E+00    0.144258727972493839E+00   -0.211136364284693900E+04
    0.117310391804526217E-90    0.422207027042509799E+04    0.813555861611332309E+00    0.510873990481463258E-01    0.216437141175930131E-01    0.990982427671155963E+00    0.442040328676114869E+00    0.397093766008299554E+01    0.205300102396677175E+00   -0.717172021010128447E+00   -0.154256144240775916E+01   -0.169234151355681206E+01    0.133098553582954104E+01    0.204698108022557346E+01   -0.210898815413232342E+04
    0.676676812658666600E-90    0.421854552955727286E+04    0.816940622709559028E+00    0.523260038044339668E-01    0.190945168519448746E-01    0.884433455013916459E+00    0.692595388679163038E+00    0.769378652433180932E+00    0.617476285082148024E+00    0.413353315426547907E+00   -0.468345144997781571E-01   -0.147421536201477466E+01    0.754701185229578408E+00    0.128596628349931752E+01   -0.210798679849513701E+04
    0.360806612189883120E-89    0.421517806269697030E+04    0.819382459172150801E+00    0.524993390082220679E-01    0.206496336500312586E-01    0.100425254692628885E+01    0.126134038865063780E+01    0.254246684879669971E+01   -0.872199920430603015E+00   -0.267927979133332883E+01   -0.765471169112288186E+00   -0.207192812799235071E+01    0.140329480905506920E+01   -0.144736284014257288E+01   -0.210903639418862758E+04
    0.412113056135360955E-89    0.421489215148634503E+04    0.811850926486658242E+00    0.528931130869870966E-01    0.196073587517406160E-01    0.913630495943940191E+00    0.744731904191059835E+00    0.318516728692211259E+01    0.134141842557937707E+00    0.551296538736778530E+00   -0.132041694496024298E+01   -0.170858589450176623E+01    0.197229433473467219E+00    0.143323427771109646E+01   -0.210601284146546141E+04
    0.802466756178568474E-48    0.402474735510956771E+04    0.815514468395845959E+00    0.520078393372186004E-01    0.210175965381955258E-01    0.100700407146381843E+01    0.719974617410477080E+00    0.303419832812320500E+01   -0.349567974104729728E+00   -0.202209211735976169E+01   -0.196714856623316314E+01   -0.194667912061390780E+01   -0.966726239581703117E+00   -0.241400364079407970E+01   -0.201478768119557799E+04
    0.119505727042122196E-67    0.411605424091046461E+04    0.818485586886327221E+00    0.510690467858352024E-01    0.214299099018610134E-01    0.102262007008596845E+01    0.798153637178963038E+00    0.398903426738753808E+01    0.543797702267738714E+00   -0.602510405052498754E+00   -0.120825269087049469E+01   -0.175984973436584369E+01    0.276781349837960988E+01    0.914430951644444878E+00   -0.205711268950358772E+04
    0.102083547910926387E-87    0.420847279007040379E+04    0.812360728628340412E+00    0.514470889398337822E-01    0.209282813266737505E-01    0.958471170093378788E+00    0.108205538671756019E+01    0.544389351615427586E+01   -0.130055411565876966E+01   -0.589237503298818410E+00   -0.628463966030494481E+00   -0.189658244459110392E+01    0.226174095918736384E+01    0.684206444689366755E+00   -0.210355218859051274E+04
    0.606445303887343403E-56    0.406214886837289077E+04    0.815389433191037294E+00    0.517315769944233853E-01    0.199649550617864088E-01    0.104759536755929439E+01    0.103469389208167062E+01    0.435283921381232020E+01   -0.156833976787879692E+01   -0.166644488387532874E+01   -0.923142961554503705E+00   -0.121415248796779451E+01    0.207276962341552462E+01   -0.341441536894530273E+00   -0.203141587572333992E+04
    0.319645268290524853E-81    0.417855892841618061E+04    0.817855461745009782E+00    0.536799202691321808E-01    0.204486219431335020E-01    0.100724208257393810E+01    0.110443264278161024E+01    0.378613363431557914E+01    0.210948018786893954E-01   -0.149511096120818365E+01   -0.299064988827581146E+01   -0.187821319349382065E+01    0.253100336252600977E+00   -0.909073167237024471E+00   -0.209018853737532754E+04
    0.421016662819218320E-57    0.406748392281702354E+04    0.817005356609436517E+00    0.512708508017310841E-01    0.208051140383872686E-01    0.104142477524906463E+01    0.101061003073399980E+01    0.313643739055026316E+01    0.795400231326084395E+00   -0.113504108347683541E+01   -0.921747313178684413E+00   -0.201557358672175724E+01    0.193024529824128899E+01    0.114875416113531603E+01   -0.203259320724737654E+04
    0.655411929331262266E-70    0.412646595218354651E+04    0.814905712716703867E+00    0.528522109884471819E-01    0.199736965115572436E-01    0.106786080070717526E+01    0.796100254460843537E+00    0.492133952966396038E+01   -0.785158117906803454E+00   -0.120485970316053681E+01   -0.182230850825931134E+01   -0.149560688130236485E+01    0.117345573244961110E+01    0.125640936319694951E+01   -0.206197656672857647E+04
    0.910311368493640111E-73    0.413962441720858442E+04    0.818334205531552450E+00    0.524657026079488956E-01    0.204265700905132824E-01    0.101527416541742110E+01    0.956584295300256238E+00    0.322921913806615279E+01   -0.232801131329551936E+00   -0.197620525988327245E+01   -0.195574652918708103E+01   -0.121716558378579975E+01    0.975806654736288914E+00    0.297981421331112273E+00   -0.206951422718296089E+04
    0.621483456398876117E-77    0.415880845277733079E+04    0.815768500534822527E+00    0.523139514245929346E-01    0.208889467796752534E-01    0.990831180326445127E+00    0.381786713636678599E+00    0.448999039343038930E+01   -0.295226656922977782E+00   -0.180092588925049313E+01   -0.195993935952742482E+01   -0.225182522073396285E+01    0.174349613500567124E+01    0.153321303046594304E+00   -0.207925090508561880E+04
    0.175326808864183014E-75    0.415212902756574113E+04    0.813553002522138469E+00    0.523552043411960114E-01    0.210444271049821871E-01    0.102534699443367683E+01    0.127327075135438039E+01    0.435322008391976922E+01    0.103692504025616472E+01   -0.405278045616341287E-01   -0.163087913610411284E+01   -0.193469259818698447E+01   -0.424718905959480031E+00    0.953935318826788503E-01   -0.207596912025098800E+04
    0.126946351189527042E-88    0.421264201427547687E+04    0.818849296351530143E+00    0.520115420243943208E-01    0.216288829457816807E-01    0.960691060178363587E+00    0.630987295719591001E+00    0.343349705511579373E+01    0.941486241503071142E+00   -0.213288067812982207E+00   -0.146384459574733206E+01   -0.212253970143933657E+01    0.131246966147841726E+01    0.157962697527829210E+01   -0.210474138016246025E+04
    0.660623425181880726E-67    0.411263460155540633E+04    0.818022012550977506E+00    0.512626938715493655E-01    0.203915252069749690E-01    0.935323876862152570E+00    0.318233017544772734E+00    0.110019250870084573E+01    0.790084759012188442E-01   -0.173356535480820639E+01   -0.885606107782450414E+00   -0.142477516585699959E+01    0.101323154779379387E+01    0.108606907179126932E+01   -0.205523123170591180E+04
    0.150324242560125085E-81    0.418006776294835981E+04    0.819047545510714237E+00    0.522145617307586199E-01    0.206036901568093338E-01    0.980738251427928920E+00    0.332596077083287756E+00    0.747732801826005655E+00   -0.201031154143151980E+01   -0.193547312903774027E-01   -0.141152922096921407E+01   -0.274756731787761055E+01    0.134682751201239648E+01   -0.645534726014943105E+00   -0.209067941620019474E+04
    0.281901616096353358E-37    0.397618274765939623E+04    0.813245220612518471E+00    0.516701598733930734E-01    0.209477274938699200E-01    0.107239408676758141E+01    0.101021724720978701E+01    0.528897372445848646E+01   -0.479557827062535580E+00    0.332840668346534641E+00   -0.668128671276235542E+00   -0.326777020346412428E+01    0.144646193636276643E+01    0.237005657133362080E+00   -0.198785436817256482E+04
    0.689998227078493041E-50    0.403425969828291773E+04    0.812848375458606220E+00    0.512192698508466895E-01    0.210245645730078937E-01    0.102802778210930246E+01    0.479498643741389841E+00    0.487923762604029321E+01    0.799994958003935608E-01   -0.735106297801166875E+00   -0.127135698606366510E+01   -0.238769761431626648E+01    0.164255821215078890E+01    0.161799882705783826E+01   -0.201551185031440104E+04
    0.207530237741141745E-37    0.397679530981513017E+04    0.819269242658070329E+00    0.515930668491986141E-01    0.210621436438207521E-01    0.102422863390921970E+01    0.771895219584713632E+00    0.369095873115233353E+01    0.809764131685142274E+00    0.393564807120583837E-01   -0.896765560679568585E+00   -0.124111216076812525E+01   -0.140445040998429027E+00    0.977382556345870013E+00   -0.198742027235121918E+04
    0.235743255297898312E-51    0.404101275990207614E+04    0.817300290418544462E+00    0.528847612371105003E-01    0.210607808359017656E-01    0.106620833249147950E+01    0.729238154828745988E+00    0.505966785582586454E+01    0.691364591614274104E-01    0.432074277165384102E+00   -0.181092452658162961E+01   -0.245233694711373573E+01    0.265174591291952533E+00    0.856959408894618413E+00   -0.201964942054214339E+04
    0.164348815782627210E-77    0.416146868917162101E+04    0.819405896186838456E+00    0.512712571517676685E-01    0.215793407238931423E-01    0.953818922175485140E+00    0.247678608250336219E+00    0.314265690708712242E+01    0.395914391002634147E+00    0.233328956932950859E+01   -0.108956452831648654E+01   -0.131269522445222719E+01    0.100863487376841499E+01   -0.923924404640309782E+00   -0.208165826899045078E+04
    0.437430233542312123E-36    0.397069885928157237E+04    0.818328841008187702E+00    0.517959048451418977E-01    0.208299458528513268E-01    0.933813950451799824E+00    0.125882468881493037E+01    0.235278903975678766E+01   -0.148585818317314988E-01    0.782573096910255672E-01   -0.771887600341187641E+00   -0.363748929288362888E+01    0.132999678403052735E+01   -0.255635869413590622E+00   -0.198560506551019967E+04
    0.313800681542784775E-38    0.398057351808293697E+04    0.814439307054583006E+00    0.517282951115423592E-01    0.200195950358469481E-01    0.104035494537362427E+01    0.458781426894690481E+00    0.313697208205964273E+01   -0.118110506872426413E+00   -0.163810498390489556E+01   -0.118100608247118521E+01   -0.255186087161405339E+01    0.167493532942330625E+01    0.527472628203545790E+00   -0.198975928641326504E+04
    0.777069575336287447E-42    0.399718065507147367E+04    0.818391753835183478E+00    0.528263508398919071E-01    0.203650072946857802E-01    0.106898252180748776E+01    0.119490560241015475E+01    0.584496040695000829E+01    0.168073024464092668E+00   -0.731317532503226175E+00   -0.170952985250892175E+01   -0.172763191846229347E+01    0.118948715537158045E+01    0.194829302081203348E+01   -0.199664203451492472E+04
    0.207916312469736140E-57    0.406889499633142032E+04    0.815276974029766288E+00    0.513725703904093847E-01    0.198966372770346123E-01    0.102249182244268422E+01    0.804202754398915198E+00    0.307547271586421544E+01   -0.969094506409646783E+00   -0.259566676582039690E+01   -0.687395725013857151E+00   -0.606285524469285519E+00    0.990485025112093576E+00   -0.147115846210334356E+01   -0.203591865662781356E+04
    0.276364214124806442E-78    0.416503440232249159E+04    0.815776636965706792E+00    0.513396060573599183E-01    0.207464945244268673E-01    0.891896414459875220E+00    0.688143440143921037E+00    0.236995491864306018E+01   -0.907501094377494155E-01    0.324002649739441095E+00   -0.139519036392925933E+01   -0.144785460548405354E+01    0.137167755049517859E+01    0.217234784265235881E+01   -0.208034485331859332E+04
    0.205724884391777878E-64    0.410115237941595115E+04    0.813926956736168994E+00    0.513260183088514246E-01    0.209708858159371042E-01    0.100450733889815047E+01    0.960440481349076780E+00    0.207031064319888536E+01   -0.534510840692519196E+00    0.129085244049065351E+00   -0.180667924308295347E+01   -0.248973440470649621E+01    0.773468230412390989E+00    0.119810131709536249E+01   -0.204937808839088029E+04
    0.240894250302984379E-80    0.417451946583529661E+04    0.811252456048570103E+00    0.528435654828675258E-01    0.205315220509689374E-01    0.103873293747289752E+01    0.100122045529694903E+01    0.563029171936977235E+01    0.571246524308435255E+00    0.984966791057786395E+00   -0.192950678648571716E+01   -0.199695264801107442E+01    0.256734667040064091E+00    0.483563851056802330E+00   -0.208677616906659159E+04
    0.119215680098386382E-88    0.421276767482587911E+04    0.813930014478922215E+00    0.535464733165884194E-01    0.194223841053291178E-01    0.100881689360034388E+01    0.659687040660852042E+00    0.171867292367433322E+01   -0.158262428637158337E+01   -0.571561023101594401E+00   -0.192250580271434024E+01   -0.336847852595724362E+01    0.146228237770287728E+01   -0.127373742815005553E+01   -0.210765757484108963E+04
    0.224046947395038985E-50    0.403650936510623114E+04    0.810009259572237572E+00    0.512601683985638157E-01    0.202069318853383209E-01    0.106285526092321980E+01    0.389914111266471242E+00    0.305660523559641462E+01   -0.611882228939748529E+00    0.235939905535701655E+01   -0.232111030533246776E+01   -0.201087022887008970E+01    0.902928751112313188E+00   -0.205087046281150931E+01   -0.202030555301592699E+04
    0.957666449826568976E-46    0.401518339650746702E+04    0.810355368241275520E+00    0.512062345089746504E-01    0.205524676475300240E-01    0.104963093181359635E+01    0.113311548535361475E+00    0.275428622082234575E+01   -0.782096848751052676E+00   -0.528797844583550058E-01   -0.192556430150830216E+01   -0.244288558717585147E+01    0.421535740314311846E+00    0.800367317580336080E+00   -0.200679133093615314E+04
    0.160317727593032839E-78    0.416612352625965559E+04    0.804953706153064608E+00    0.511446798834004346E-01    0.206295658428152402E-01    0.106294822278540302E+01    0.119152891951695983E+00    0.387337541886498116E+01   -0.102029066680415781E+00    0.105816252242789233E+01   -0.210879772375733410E+01   -0.273801224560997980E+01    0.114768770180376145E+01    0.171245774551679220E+00   -0.208289051735527619E+04
    0.103468741776082325E-54    0.405647521797261243E+04    0.812977875723573162E+00    0.514521394438880592E-01    0.210546532433157144E-01    0.841908328405025164E+00    0.702897716155479246E+00    0.512267861760567911E+01   -0.109458179500734332E+00   -0.106247033180579764E+00   -0.272355597033651975E+01   -0.139791307028303891E+01    0.102586307184424208E+01    0.101256963589368643E+01   -0.202722503935041254E+04
    0.113414271966959583E-74    0.414839506632598022E+04    0.816348859949494132E+00    0.530012422712395417E-01    0.201483026664725506E-01    0.851661296837763593E+00    0.844657494826168476E+00    0.526450599806536879E+01   -0.115090666346873149E+01   -0.435135445110290620E+00   -0.127920467408216587E+01   -0.141777811824454147E+01    0.117471511119561023E+01    0.163849739933179883E+01   -0.207255903576365836E+04
    0.413392256260695751E-79    0.416883421790236480E+04    0.810986468176644992E+00    0.531220376816206596E-01    0.203825195417814999E-01    0.847069606098961758E+00    0.996671620704023264E+00    0.574859840804169586E+01    0.909350277880776048E+00   -0.591333704261387538E+00   -0.188040583112638138E+01   -0.301948906181792154E+01    0.107518126732088626E+01    0.219826756039972371E+00   -0.208419728219514263E+04
    0.212167905707518161E-72    0.413793206449242189E+04    0.816821359564849470E+00    0.528693304381301285E-01    0.204670266421595921E-01    0.861437036883839213E+00    0.103064572037662461E+01    0.491276518771120152E+01    0.360492853525329338E+00    0.530635817466418303E+00   -0.121527618832828899E+01   -0.151699317391262412E+01    0.689316412809830803E+00    0.185485427983794149E+01   -0.206711117796637291E+04
    0.214412572001328153E-47    0.402278176165013974E+04    0.815953606501343964E+00    0.525460673535179321E-01    0.199415773293266096E-01    0.895719610230986008E+00    0.835137308425814462E+00    0.340114071833965781E+01   -0.321114006097786842E+00    0.334272089302203368E+00   -0.175414586720648891E+01   -0.143267105342943069E+01    0.185251276758436001E+00    0.137632317695833484E+01   -0.201001455764811158E+04
    0.228094979372141085E-46    0.401805287135842991E+04    0.818036406634662483E+00    0.528184873310897293E-01    0.203436753006688079E-01    0.877877772691363245E+00    0.464575672888493996E+00    0.497860307722988082E+01   -0.987680877608454466E-01   -0.754093829311840991E-01   -0.137732002846291812E+01   -0.183568797316979726E+01    0.941815040317806274E+00    0.215622363881927859E+01   -0.200687021204039570E+04
    0.423538369116336024E-54    0.405365646886308969E+04    0.818020416046770782E+00    0.515943252237892822E-01    0.201806032496086134E-01    0.855435094611257663E+00    0.106860457639922823E+01    0.778622020805209480E+00    0.240468443327017667E+00   -0.108546489244645217E+00   -0.163341798427495610E+01   -0.215349012111005322E+01    0.993209173492459962E+00    0.185862385488780846E+01   -0.202496961057665703E+04
    0.347198426955534731E-17    0.388366266729734798E+04    0.816359111806662430E+00    0.527778153523421265E-01    0.198237202320999222E-01    0.853270141054550124E+00    0.855451503321814744E+00    0.418181440727004272E+01    0.119282549222702983E+01    0.509737424621334867E+00   -0.217487431594122427E+01   -0.209401815433352567E+01    0.219428080384887148E+00    0.438555120421129097E-01   -0.194178747813663199E+04
    0.521812808994655449E-10    0.385061165105944610E+04    0.815433432446923456E+00    0.532765353226649155E-01    0.191971139538064973E-01    0.924603489695549174E+00    0.513628539249847083E+00    0.397480912334757619E+01    0.740434148991653274E+00   -0.766378914446477211E+00   -0.188204581360537282E+01   -0.223960448648199417E+01   -0.427924281390232641E+00   -0.181424552596546551E+00   -0.192548725008231963E+04
    0.865636951013020831E-67    0.411209403830997871E+04    0.814698073246486132E+00    0.518484143197605746E-01    0.215361515514772041E-01    0.971057893047395981E+00    0.224001998535596825E+00    0.562483379397078664E+01    0.186534248190469043E+01   -0.103104889745850414E+01   -0.117852481027853151E+01   -0.149090109493158707E+01   -0.628719446987133557E+00   -0.154934275985432146E+01   -0.205759636191484378E+04
    0.957782207441742232E-77    0.415794343053836928E+04    0.818479982753086754E+00    0.535535512732628616E-01    0.195372847089120179E-01    0.923728204324688940E+00    0.687679532856419473E+00    0.245980524417481128E+01   -0.590694817111625525E+00    0.186808095618630432E+01   -0.120790056013561276E+01   -0.255411784986222301E+01    0.121287322296325351E+01   -0.600021422853039388E+00   -0.207957173669203758E+04
    0.188018985855382185E-78    0.416580475565421057E+04    0.819396710953600449E+00    0.548959732905225373E-01    0.197023434131344370E-01    0.870295767598486814E+00    0.422401895181554798E+00    0.376239496362198800E+01   -0.292204235546478230E+00   -0.121854018558451516E+00   -0.316200615217780978E+01   -0.228227551495933767E+01    0.554939396225791137E+00   -0.443794257377975176E+00   -0.208334617208448344E+04
    0.336494648789340146E-82    0.418306135779800843E+04    0.818414008594386955E+00    0.528737169207803212E-01    0.207639939938217867E-01    0.102513198443554110E+01    0.216865425758613312E+00    0.468540105401145368E+01    0.826709511424041921E+00    0.258518202527966479E+00   -0.217516096117492452E+01   -0.779819147857097050E+00    0.483827260030693873E+00    0.851797563166132532E+00   -0.209067888133583801E+04
    0.170662531144721065E-60    0.408310540199006437E+04    0.819313270954737938E+00    0.523708693446933785E-01    0.207342762267115517E-01    0.973961195693010207E+00    0.110687326313729462E+01    0.320767831807665083E+01    0.226107268941859729E+00   -0.479539778110620263E+00   -0.174007769211925711E+01   -0.205303695379484452E+01    0.141864892564285605E+01    0.185479858874517500E+01   -0.203969790240628708E+04
    0.870299852547745572E-36    0.396932301811462048E+04    0.819183117777011915E+00    0.519055977602322777E-01    0.205712099519949898E-01    0.108721239370696110E+01    0.926183731857687875E+00    0.479318107440956354E+01    0.149046139870392835E+01   -0.233724412690889893E+00   -0.808505877351990199E+00   -0.133682559031171877E+01    0.112065629400945022E+01    0.118204653928856795E+01   -0.198347946251802159E+04
    0.920259212401543698E-42    0.399684240408534879E+04    0.810529457031416656E+00    0.526693685592569821E-01    0.199281969134771295E-01    0.941299375406386307E+00    0.103216517152594922E+01    0.384161899344502444E+01   -0.592505510084038178E+00    0.892621608192030180E+00   -0.189091849465398787E+01   -0.331306364457873315E+01    0.398866625197342950E+00   -0.919624401630482202E+00   -0.199934082644430487E+04
    0.608698002379727624E-87    0.420490172871332379E+04    0.817932949768162776E+00    0.515391530858381533E-01    0.212866937778352812E-01    0.103847627801897890E+01    0.450652029444808311E+00    0.305919145813028237E+01    0.755648019547834338E+00   -0.330089688840189355E+00   -0.639046109857872358E+00   -0.174953143989682758E+01    0.132200864458241107E+01    0.187974721892634666E+01   -0.210057111713773565E+04
    0.122756147544118743E-80    0.417586778222434077E+04    0.812900699399341509E+00    0.516783442546975766E-01    0.194844479378168747E-01    0.855020414596741052E+00    0.107149113571350574E+01    0.161370689850684634E+01   -0.149877814089904859E-01    0.715874260932878315E+00   -0.301214393472264197E+00   -0.247121358766321464E+01    0.197785366381936023E+01    0.789163966778327453E+00   -0.208714472714539215E+04
    0.914662345393558993E-77    0.415803556140938417E+04    0.818221842551047907E+00    0.513426942410343395E-01    0.197490849250772892E-01    0.885969625091621915E+00    0.103660282145300742E+01    0.110953695461212298E+01    0.682849381121286569E-01   -0.909493831319423407E+00    0.591462885302009855E-01   -0.121639303580309388E+01    0.202457022815110577E+01    0.109617483925481740E+01   -0.207792160586543741E+04
    0.150198557364207184E-70    0.412941256378991602E+04    0.817717886818166595E+00    0.513925272243507952E-01    0.192350481886558247E-01    0.888160851059967782E+00    0.103594510557205477E+01    0.270904816351285938E+00    0.190232059288860000E+01    0.547392729023385982E+00    0.117847380407738678E+00   -0.181660245373336693E+01    0.129016839312839715E+01   -0.565952337856406529E+00   -0.206527223423281430E+04
    0.300863940752517621E-52    0.404513010043421264E+04    0.819473956384140778E+00    0.517099974525912567E-01    0.199601628646660957E-01    0.100900308568209662E+01    0.749764065659447310E+00    0.177978392639607463E+00    0.513575326571071855E+00    0.808689727125511681E-01    0.583763937913774900E-01   -0.296261919973971999E+01    0.204125294452524253E+00   -0.288428636036965003E+00   -0.202285347885314332E+04
    0.377942395420759728E-67    0.411375148591910875E+04    0.819327817348153520E+00    0.530882390241347105E-01    0.192110502076399958E-01    0.868713153043771613E+00    0.109005968101864736E+01    0.427649180535565598E+01    0.599707792263188821E+00    0.338725354198459228E+00    0.496523520210985447E+00   -0.210996881620417298E+01    0.293353051926828812E+01   -0.901195003036465714E+00   -0.205777693796259064E+04
    0.473461449227737990E-82    0.418237838130543787E+04    0.819875659442006688E+00    0.534871568664841007E-01    0.195264394295228023E-01    0.103185757203130857E+01    0.105677830667114403E+01    0.414961363638658476E+01    0.128753301311235191E+00   -0.118633633284957796E+01   -0.278844144244203340E+00   -0.115189681273591304E+01    0.134416724071684279E+01    0.146000048686318062E+01   -0.208972919016585593E+04
    0.185708109649024425E-76    0.415661914889867057E+04    0.819156073637523297E+00    0.530026155003074650E-01    0.201881658158082726E-01    0.991441110329146280E+00    0.982199179310300208E+00    0.588349624783232272E+01    0.161415065653386591E+01    0.505135425454454889E+00   -0.218894473392765354E+00   -0.125892998562562752E+01    0.166302115246139715E+01    0.328098543234695783E+00   -0.207798147590610051E+04
    0.296329224214517341E-70    0.412805353789853871E+04    0.817708243704023729E+00    0.538667447268182942E-01    0.194444530764527022E-01    0.105647267387635213E+01    0.788436092970058677E+00    0.498912754809027348E+01   -0.733042691243781519E+00    0.922776589014802084E+00   -0.338674278974621989E+00   -0.178282211905639087E+01    0.870758897686983113E+00    0.102350822017469967E+01   -0.206300326072909456E+04
    0.466254126986612570E-60    0.408109531655434239E+04    0.814180111110136773E+00    0.529158412611548459E-01    0.192607705645991868E-01    0.103559711719504532E+01    0.105807125618590980E+01    0.441311528952985554E+01    0.215549500331917443E+00    0.950583756820151393E+00   -0.111769336384099893E+01   -0.259427094552734161E+01    0.281750876788123605E+01   -0.236035326041864169E+00   -0.204078369360321312E+04
    0.135938172371416377E-85    0.419868963251387140E+04    0.815091011287524148E+00    0.531386926725191736E-01    0.197246034713372854E-01    0.108508636536221381E+01    0.346971380425751041E+00    0.521596686207580085E+01    0.864288211968187170E+00    0.558916944818292905E+00   -0.352999304526519841E+00   -0.242989070544695096E+01    0.250916823033662695E+01    0.108495793783484284E+00   -0.209923632046315242E+04
    0.426716902857771141E-87    0.420561213161597516E+04    0.810542933013626121E+00    0.514860599381779319E-01    0.191157303904364896E-01    0.925620743513679844E+00    0.124623896596918904E+01    0.273642429005396082E+01   -0.161151257860865371E+00   -0.155776433790720148E+01   -0.122117802572233791E+01   -0.123544731740480529E+01    0.320669566021592800E+01   -0.512991611090617639E+00   -0.210331905741907804E+04
    0.348376814138059807E-37    0.397575929453491062E+04    0.807895289587510668E+00    0.519616702124000573E-01    0.191321339022545132E-01    0.959566172804862783E+00    0.114808017895146919E+01    0.551822125152770226E+01   -0.112937510035635569E+00    0.468763191937569046E+00   -0.678464360029238156E+00   -0.193822999099097615E+01    0.114949719599167133E+01    0.188692819025470016E+01   -0.198599271907720072E+04
    0.677055794766059174E-69    0.412179580250448998E+04    0.810736223681262302E+00    0.523344197350241944E-01    0.192802672703159782E-01    0.101875068893623588E+01    0.996687974137659305E+00    0.456464905136343546E+01   -0.135296922906036343E-01    0.695393725635540250E+00   -0.169177501797889795E+01   -0.891040280438346599E+00    0.133503112480752884E+01    0.166893762642826493E+01   -0.205922896362581650E+04
    0.255853885110499603E-42    0.399940250181079364E+04    0.810377271395739118E+00    0.513095234281249202E-01    0.200373118946441872E-01    0.109296547568192270E+01    0.989157807686851909E+00    0.246972017680875489E+01   -0.580702675816837655E+00    0.764296307244194395E+00   -0.156580678867499024E+01   -0.205720342736071871E+01    0.421227085814737112E-01    0.665481706411110707E+00   -0.199903576919898569E+04
    0.488352192820989842E-75    0.415008025728459597E+04    0.810837910960201969E+00    0.518375664411764442E-01    0.194966568929534692E-01    0.104461948220486178E+01    0.104484271879074475E+01    0.437395118052391396E+01   -0.935212759485466449E+00   -0.916789188738675320E-01    0.688335138055436113E+00   -0.147695962679222248E+01    0.116529990809453943E+01    0.285099139068730079E+00   -0.207475502950322925E+04
    0.218512482751845506E-67    0.411484728321658258E+04    0.806026073062992343E+00    0.516729345953741287E-01    0.190749983450456059E-01    0.107560898645418002E+01    0.900028362165243179E+00    0.363773606534008564E+01   -0.134276668466668525E+01    0.108319135327974492E+00   -0.141046871191633705E+01   -0.789717036103638748E+00    0.371793625648706660E+00    0.781135862383434576E+00   -0.205664250574590778E+04
    0.790614018088347631E-87    0.420437875345744123E+04    0.807310179482271573E+00    0.513152209329939754E-01    0.196117350300156930E-01    0.102291258579130107E+01    0.118666344387398670E+01    0.382286003587245915E+01   -0.150409950936136738E-01    0.332969508770020739E-01   -0.116862802294804147E+01   -0.568363522446588831E+00    0.984904595453599763E+00    0.194604911762843003E+01   -0.210024332761109235E+04
    0.999999996652377376E+00    0.380325905648851722E+04    0.807554432101263320E+00    0.510804856181710440E-01    0.190569546952082947E-01    0.104407145838134729E+01    0.119250050443606170E+01    0.438453749699193907E+01   -0.107961758820920295E+00    0.228056198517379072E+00   -0.556156515061729584E+00   -0.225294868989635688E+01    0.921763661757495578E+00    0.168192686879170217E+01   -0.189994760137546700E+04
    0.861424807801728116E-59    0.407526243246987633E+04    0.811336568289298898E+00    0.514340774738647130E-01    0.196561283118429249E-01    0.102514218691438308E+01    0.108831595210471166E+01    0.238179101914326452E+01    0.335418428084039988E+00   -0.194656836755484564E+00   -0.189627963415318823E+01   -0.119627479239738932E+01    0.880619992148013120E+00    0.189264940197228304E+01   -0.203573856683296594E+04
    0.651979815276418559E-87    0.420476434601418532E+04    0.809625095924254912E+00    0.523201734848161987E-01    0.191951570119080553E-01    0.109274980087380591E+01    0.119403131048521871E+01    0.282817341386203225E+01    0.164994013967998399E+00    0.159072574802735289E+01   -0.237628090292560046E+01   -0.134476882395460962E+01    0.135834262438606879E+01   -0.387361479332226644E-01   -0.210242090915502604E+04
    0.867794357105774512E-61    0.408445803884343059E+04    0.808555563329376614E+00    0.511578346346071786E-01    0.198347823590543752E-01    0.108386751665512415E+01    0.901704257581978585E+00    0.261396699758635798E+01    0.127438106081854130E+00    0.590749474646372619E+00   -0.205977191738497822E+01   -0.272764189422446179E+01    0.246283887854247041E+01   -0.105953090258494864E-01   -0.204223961473074110E+04
    0.287712771556010139E-09    0.384719717339069030E+04    0.812996999384361874E+00    0.510104624223717898E-01    0.201425264245080789E-01    0.103888142124105642E+01    0.515149914067750903E+00    0.446319639197968954E+01   -0.567791588831596528E+00    0.842549943023414016E+00   -0.112883401728709010E+01   -0.123346784593991288E+01    0.431223122076289878E+00    0.130589659165817551E+01   -0.192229269010368694E+04
    0.141721266544475719E-52    0.404663569227735343E+04    0.811189365334054058E+00    0.515637429670579503E-01    0.196520396480051839E-01    0.103557859390747198E+01    0.794818630366935119E+00    0.598535713847736517E+01    0.916364173884858246E+00   -0.140341759073407901E+00    0.202492219503938253E+00   -0.228594140617474295E+01    0.295950775457072268E+01   -0.762839570420036583E+00   -0.202408068570909677E+04
    0.924463530452546164E-33    0.395538675597301699E+04    0.813398581089663120E+00    0.525864789783250519E-01    0.190672038018654538E-01    0.910502365049072671E+00    0.827687719000137712E+00    0.445779862216245348E+01   -0.112959076607808129E+01    0.104583456214072612E+01   -0.723572033213031096E+00   -0.265224741915631057E+01    0.233228758142672632E+01   -0.473366286469876885E+00   -0.197816674427297835E+04
    0.300789790006197452E-08    0.384250310523028884E+04    0.810777993294417576E+00    0.511707668870721236E-01    0.194181598824447153E-01    0.962396066179662113E+00    0.897675426486185701E+00    0.372971685092807981E+01   -0.652327290478069699E+00    0.362480414213450841E+00   -0.190815176896080607E+01   -0.172802514147747388E+01    0.150006337421132252E+01    0.158967878055355749E+01   -0.191966187383459078E+04
    0.278920872865282908E-52    0.404528156044757770E+04    0.817573363934203545E+00    0.524932011228074411E-01    0.201194494419515597E-01    0.109544683450657532E+01    0.886013563974116236E+00    0.571437254588737531E+01   -0.382538910683933864E+00    0.184772590033276174E+01   -0.168112097247785419E+00   -0.146900962320501094E+01    0.151308080509693377E+01   -0.256386465856757062E+00   -0.202289716668964570E+04
    0.123143220427193866E-75    0.415283563484547540E+04    0.812332590294079560E+00    0.516911728301210210E-01    0.190340366933141256E-01    0.104229093796178418E+01    0.708875359310370712E+00    0.117340979460810058E+01    0.254270202138968671E+00   -0.317285221161682729E+00   -0.131898469106658900E+01   -0.630532941917181233E+00    0.510760433663790758E+00    0.171163869603312757E+01   -0.207470617872670437E+04
    0.155528099567519480E-41    0.399579289182548109E+04    0.818213124677289017E+00    0.531124241712405201E-01    0.197875861243078342E-01    0.104488807847325638E+01    0.380482117389543406E+00    0.361235136566946302E+01    0.105736962269702417E+00    0.779975558920114054E+00   -0.785061161924431650E+00   -0.224745834198643024E+01    0.315737812057932610E+00    0.101772134594480024E+01   -0.199687872456679565E+04
    0.380634467877848614E-51    0.404005456749975747E+04    0.817130458362439693E+00    0.525198033143980322E-01    0.196540091956583403E-01    0.966359865501439375E+00    0.665059501876052006E+00    0.185211336886373257E+01   -0.710747898193631045E+00    0.145818305335410514E+01   -0.125017939573467607E+01   -0.314242721297318894E+01    0.177547795292525756E+01   -0.911178664275166472E+00   -0.202093846241415395E+04
    0.132066881953730797E-78    0.416651122459538874E+04    0.815369529612034682E+00    0.534615239641246798E-01    0.192082714341271499E-01    0.109167152543782797E+01    0.999064842814453069E+00    0.458867288716071897E+01    0.522132587456098918E+00    0.173167125637633035E+01   -0.812614457591962269E+00   -0.121137553868152281E+01    0.935482665244080858E+00    0.270897322652943084E+00   -0.208298471497504124E+04
    0.244595630590882473E-51    0.404093903380596748E+04    0.815020510816355404E+00    0.520461838117608558E-01    0.195077571486231734E-01    0.973092879541032296E+00    0.479330660987639989E+00    0.599486168126593810E+01    0.454845488221735650E+00   -0.317766774447818479E+00   -0.767092170725618194E+00   -0.136140194748918475E+01    0.320792090561212717E+01    0.292110186983399522E+00   -0.202017740671600041E+04
    0.204685882125653608E-30    0.394458671957607021E+04    0.814020287552198130E+00    0.518260232719230385E-01    0.192701931650780880E-01    0.870027867016648360E+00    0.846654753401688165E+00    0.227317338280279913E+01    0.635621068580576321E+00   -0.403687539608199031E-01   -0.913527807168747819E+00   -0.221031288841572859E+01    0.999795207261513719E+00    0.175300244791996818E+01   -0.197054035734011518E+04
    0.998570035761613057E-69    0.412101866129022619E+04    0.813392915314345988E+00    0.511332724029036553E-01    0.198954557044947258E-01    0.961404012542598441E+00    0.388176660692374886E+00    0.907563149446067641E+00    0.105383532134851521E+01    0.931790402148636177E-01   -0.925352614073062574E+00   -0.188077630976636101E+01    0.518020690539060746E+00    0.134483589852633845E+01   -0.205916449474658657E+04
    0.101473022813921369E-55    0.406111934131299085E+04    0.813349957306110150E+00    0.522772101620186044E-01    0.195147072039992923E-01    0.873683792649618152E+00    0.683107447580613814E+00    0.229174037739400305E+01    0.104056951168445266E+01   -0.346418067987315170E+00   -0.735375863429226007E+00   -0.250459012642181733E+01    0.413276741045365492E+00    0.748176074313901651E+00   -0.202981149458218147E+04
    0.497525380967622545E-48    0.402570344282257929E+04    0.811715716584128999E+00    0.514831403902975826E-01    0.197085028434689537E-01    0.867205214239493372E+00    0.692053331465343535E+00    0.413950592965655773E+01    0.224128379114745258E+00   -0.190905228133601668E+01   -0.277792632265345452E+00   -0.128634997247331739E+01    0.567196180915061854E+00    0.237881939006017618E+00   -0.201261383947228364E+04
    0.740175103156342538E-64    0.409859168537483674E+04    0.811136332235981472E+00    0.526685916645209251E-01    0.192406041505515935E-01    0.876614238944781854E+00    0.103993529465484902E+01    0.315061131517994042E+01   -0.670952123867891714E+00   -0.197011103849717928E+00   -0.165111120894266583E+01   -0.194962874225097949E+01    0.825569611478158771E+00    0.172975982009504570E+01   -0.204756608286732330E+04
    0.787120893786962855E-45    0.401097046170910562E+04    0.813227625326668369E+00    0.526480996906759577E-01    0.195589084481137439E-01    0.877819623278443872E+00    0.828133269350527224E+00    0.407417419186250029E+01    0.161914353642487185E+00    0.974798056248573630E+00   -0.122153362899666695E+01   -0.145360848914492635E+01   -0.322057445654308827E+00    0.403377375371461788E+00   -0.200508185347918129E+04
    0.902976096461625528E-46    0.401530100343160439E+04    0.806919325708901680E+00    0.510803595228393956E-01    0.191033584744277445E-01    0.855007711841152096E+00    0.492393267886967911E+00    0.378897617084107807E+01    0.134929534354455427E+01    0.168565700643625860E+01   -0.653974488426456224E+00   -0.173110759588666951E+01    0.143967615961514661E+01   -0.476489725527475483E+00   -0.200812699144132966E+04
    0.306397553115453678E-58    0.407272467092325769E+04    0.808846043292987038E+00    0.521177434745273768E-01    0.190249305786137149E-01    0.874437524909723374E+00    0.471790900929663248E+00    0.314884681932284494E+01    0.762706460296840305E+00   -0.680594363367390542E+00   -0.201862337669240333E+01   -0.191132138133866647E+01    0.140898439615398297E+01    0.137961740418398149E+01   -0.203498271805744480E+04
    0.335960370840746171E-21    0.390214915452737432E+04    0.807002996282081608E+00    0.513792912408108440E-01    0.193086098268395699E-01    0.885714960803246742E+00    0.532004782792355191E+00    0.397392005142703120E+01   -0.942108618279462462E+00    0.759882785677064021E+00   -0.151028413535755113E+01   -0.214936758287308294E+01    0.817319625372192826E+00    0.100046078736734101E+01   -0.195007411647631989E+04
    0.699462138523135892E-41    0.399278592133298844E+04    0.812735115891048077E+00    0.521051884837007845E-01    0.192153802924968017E-01    0.874028216916028167E+00    0.329935734573000072E+00    0.450474130124175431E+01   -0.120801388737504567E+01    0.485829696050359472E+00   -0.131820356542107198E+01   -0.849955253655707565E+00    0.126785278872262119E+01    0.122953808124476183E+01   -0.199516342258524946E+04
    0.689766511957558329E-66    0.410794309301128487E+04    0.807060022189587389E+00    0.515953721059918408E-01    0.196092807402474013E-01    0.887852167255032687E+00    0.499023036387312824E+00    0.328130157673556155E+01    0.137200741413607830E+00   -0.143537807305960996E+01   -0.639693629503881089E+00   -0.213820560913859481E+01    0.269280034393659884E+00    0.673088446790793604E+00   -0.205329845805885179E+04
    0.551927661501518088E-23    0.391036664733814223E+04    0.806782966606362617E+00    0.510712932824749083E-01    0.194282118290663476E-01    0.912274749945803265E+00    0.267483219354798241E+00    0.368516168473172101E+01    0.275119472520373165E+00    0.745969231708158986E+00   -0.104989995282153337E+01   -0.223824108432722824E+01    0.578944522823121810E+00    0.129158192813202821E+01   -0.195389174174093910E+04
    0.113363303390971114E-15    0.387669092435827042E+04    0.804691951523274218E+00    0.520428588568465286E-01    0.194298206991697364E-01    0.927910648892367740E+00    0.104401291841810084E+01    0.483930598571156878E+01   -0.419863919343015368E+00    0.613442962079489007E+00   -0.103703180400202633E+01   -0.370217027937201237E+01   -0.537017165004269881E-01   -0.158564620340972207E+01   -0.193993110838254483E+04
    0.364828879515397353E-71    0.413224279340413068E+04    0.812753456096737992E+00    0.516744854752636193E-01    0.194442845707863514E-01    0.104857860680337311E+01    0.213087759170436875E+00    0.175155110705933481E+01   -0.182866851929475160E+00   -0.502801748240244706E+00   -0.216173432360506013E+01   -0.472075884396190304E+00    0.642294182138130276E+00    0.111038649988700211E+01   -0.206501101020217811E+04
    0.471404118755902303E-35    0.396594409209387277E+04    0.806142714391367088E+00    0.514917643371023345E-01    0.197215674862811288E-01    0.964534943750148810E+00    0.183733291663502607E+00    0.566658012514809251E+01   -0.153908593586606912E+01    0.154019893205941172E+00   -0.163840332491986351E+01   -0.107179682947730726E+01   -0.507560977727052665E+00   -0.651600216558629874E+00   -0.198362364626349495E+04
    0.354429487901005777E-78    0.416453682270604168E+04    0.811182835302323824E+00    0.517252267045173603E-01    0.195589445871240213E-01    0.106222096448901482E+01    0.245882855961069763E+00    0.222811940385081364E+01    0.378168550638520173E+00   -0.530027635693385846E-01   -0.162080875394508417E+01    0.561912071435699545E+00   -0.171275653214593127E+01   -0.420669647585560647E+01   -0.208647510782887639E+04
    0.212418094203861889E-47    0.402280045283118034E+04    0.813771792273936367E+00    0.524593068711993182E-01    0.192039687941461291E-01    0.862068884251872558E+00    0.246152924975795051E+00    0.489021932940191562E+01    0.628905041588723179E+00    0.101203786495034420E+00   -0.797669931913560282E+00   -0.757384422209952390E+00    0.731082679711789973E+00    0.171956713343357936E+01   -0.200968065928215651E+04
    0.593499710423922024E-62    0.408982304511877419E+04    0.808804285153819635E+00    0.518211331986265511E-01    0.193469300309629388E-01    0.894729127463345653E+00    0.301039088073528638E+00    0.586007612034645220E+01    0.146924111526345769E+01    0.101345058421316025E+01    0.495294158429262499E-01   -0.205111609402024442E+01    0.228671026012193579E+01   -0.850402053446728035E+00   -0.204576192461283381E+04
    0.175655461538557909E-37    0.397712881497828403E+04    0.815422019468517778E+00    0.521630248352846562E-01    0.201284724419716170E-01    0.983538233378394966E+00    0.229774398939857100E+00    0.496272602842565114E+01   -0.106381824297727690E+01    0.182423458397807381E-01   -0.134155148567856464E+01   -0.879455613606978659E+00    0.117647755108692076E+00    0.948120075752367342E+00   -0.198761628741338973E+04
    0.120045189431238716E-42    0.400091597835031052E+04    0.809375097055752279E+00    0.526023770924110567E-01    0.195381691851601695E-01    0.915330620802490946E+00    0.322835738532030903E+00    0.473471352192564154E+01   -0.460655731782253497E+00    0.143722904962260201E+00   -0.337807475058411910E+01   -0.115533810167903539E+01   -0.477905876310842137E+00   -0.192675213248184640E+01   -0.200238474130763711E+04
    0.687002459275586300E-51    0.403887357078128389E+04    0.813591856599860108E+00    0.525398920388835053E-01    0.194079916030541165E-01    0.877783170127965362E+00    0.399733038295900678E+00    0.265705935696993301E+01   -0.203613133127191759E+00   -0.149574420949079467E+01   -0.551487965939258862E+00   -0.287148173055243205E+01    0.934529995869297858E+00    0.166155567921401626E+00   -0.201927062982272059E+04
    0.127307543026393047E-67    0.411592775798549519E+04    0.811351960719429499E+00    0.525712157545946274E-01    0.191485259594187593E-01    0.933875115455478633E+00    0.358603394761696892E+00    0.559876693209688625E+01    0.527738715887835497E+00    0.277752790340173361E+00   -0.349671018201433759E+00   -0.631146246524849630E+00    0.496596002598153285E+00    0.123124325065713647E+01   -0.205673263574209068E+04
    0.269226889895299114E-35    0.396706441458746576E+04    0.816390230735994038E+00    0.519384204821299600E-01    0.197874796077912099E-01    0.883571171810259903E+00    0.505429074243442633E+00    0.388585786742921080E+01   -0.718347668540673112E+00   -0.123781503486952160E-01   -0.136325909200763795E+01   -0.613334825055744659E+00    0.689297743889483394E+00    0.157621789725830652E+01   -0.198195598939647448E+04
