#uncorr_chebyshev_coefficients--c0 uncorr_chebyshev_coefficients--c1 uncorr_chebyshev_coefficients--c2 cosmological_parameters--omch2 cosmological_parameters--ombh2 cosmological_parameters--s_8_input intrinsic_alignment_parameters--a nofz_shifts--uncorr_bias_1 nofz_shifts--uncorr_bias_2 nofz_shifts--uncorr_bias_3 nofz_shifts--uncorr_bias_4 nofz_shifts--uncorr_bias_5 like post
## maxlike sampler
## Using maximum  posterior values
## maxiter = 3000
## input taken from best fit of multinest file: /home/steven/thesis/thesis_config/outputs/run_cluster6_SN_BAO/output_multinest.txt
## start values: 53.10036 332.54505 179.22306 0.05172 0.02145 0.85939 -2.99921 -0.25095 -0.25399 -1.30551 -1.51516 0.90939 -4.03441 -45.23420 -49.26862 0.00025
## START_OF_PARAMS_INI
## [DEFAULT]
## MY_PATH = /home/steven/thesis
## 
## CSL_PATH      = %(MY_PATH)s/cosmosis-standard-library/
## PROJECT_PATH  = %(MY_PATH)s/thesis_config
## KCAP_PATH     = %(PROJECT_PATH)s/kcap_modules/
## MOD_PATH      = %(MY_PATH)s/mod/
## COSEBIS_PATH  = %(MY_PATH)s/cosmosis-standard-library/shear/cosebis/
## 
## OUTPUT_FOLDER = %(PROJECT_PATH)s/outputs/run_cluster12_SN_BAO_QSO(test)/
## INPUT_FOLDER  = %(PROJECT_PATH)s/inputs/
## CONFIG_FOLDER = %(PROJECT_PATH)s/config/
## data_file     = %(INPUT_FOLDER)s/test6_cosebis_KIDS1000_BlindC_with_m_bias_V1.0.0A_ugriZYJHKs_photoz_SG_mask_LF_svn_309c_2Dbins_v2_goldclasses_Flag_SOM_Fid.fits
## redshift_name = source  
## 
## SAMPLER_NAME  = multinest
## RUN_NAME      = %(SAMPLER_NAME)s
## 
## 
## tmin_cosebis = 60.00
## tmax_cosebis = 300.00
## nmax_cosebis = 5
## 
## WnLogPath = %(MY_PATH)s/WnLog/test
## 
## model_exponent = -1   ; The exponent in the model-independent expansion function
## nz_z_cut = 2.40    ; Redshift cut for load_nz_fits
## cheb_cov_file = %(INPUT_FOLDER)s/inv_fisher_matrix_sn_bao       ; Covariance for SN + BAO
## 
## [apriori]
## nsample = 2000
## 
## [test]
## save_dir = output/tester
## fatal_errors = T
## 
## [pipeline]
## modules = sample_S8 
##         sigma8toAs
##         camb
##         ; pos_expf
##         ; mycamb
##         sample_corr_cheb
##         distance_mod
##         matter_power2
##         extrapolate_power
##         ; k015
##         load_nz_fits
##         correlated_dz_priors
##         source_photoz_bias 
##         linear_alignment 
##         projection
##         cosebis 
##         scale_cuts
##         ; testing_output
##         likelihood        
##          
## values  = %(CONFIG_FOLDER)s/values_oms8.ini
## priors  = %(CONFIG_FOLDER)s/priors_oms8.ini
## 
## extra_output = 
## 
## likelihoods  = loglike
## 
## timing = T
## debug = T
## 
## [runtime]
## sampler = %(SAMPLER_NAME)s
## 
## [output]
## filename = %(OUTPUT_FOLDER)s/output_%(RUN_NAME)s.txt
## format = text
## 
## [emcee]
## walkers = 32
## nsteps = 1
## samples = 2
## 
## [multinest]
## max_iterations=3000
## multinest_outfile_root= %(OUTPUT_FOLDER)s
## resume=T
## tolerance = 0.01
## constant_efficiency = F
## live_points = 100
## efficiency = 0.3
## 
## [sample_corr_cheb]
## file = %(MOD_PATH)s/sample_corr_cheb.py
## cov_file = %(cheb_cov_file)s
## 
## [load_nz_fits]
## file = %(CSL_PATH)s/number_density/load_nz_fits/load_nz_fits.py
## nz_file = %(data_file)s
## data_sets = %(redshift_name)s
## z_cut = %(nz_z_cut)s
## 
## [distance_mod]
## file = %(MOD_PATH)s/distance_mod.py
## z = %(INPUT_FOLDER)s/z_kids.txt 
## zmax = 2.40 ; where the matter power starts from
## zmin = 0.0
## nz_mid = 100
## nz = 150
## background_zmax = 2.40 ; z_max for model_indep expf
## background_zmin = 0.0
## background_nz = 25000 ;6000?
## method = inv_cheb  # lcdm, pca, inv_cheb
## exponent = %(model_exponent)s
## 
## [matter_power]
## file = %(MOD_PATH)s/matter_power.py
## kmax = 20.0
## pm0 = %(INPUT_FOLDER)s/pm_lin_kids.txt
## k_h = %(INPUT_FOLDER)s/k_pre_ext.txt
## 
## [projection]
## file = %(CSL_PATH)s/structure/projection/project_2d.py
## ell_min_logspaced = 1.0
## ell_max_logspaced = 1.0e4
## n_ell_logspaced = 50
## position-shear = F
## fast-shear-shear-ia = %(redshift_name)s-%(redshift_name)s
## verbose = F
## get_kernel_peaks = F
## 
## [likelihood]
## file = %(KCAP_PATH)s/utils/mini_like.py
## theory60 = %(INPUT_FOLDER)s/theory60.txt
## input_section_name = scale_cuts_output
## like_name = loglike
## 
## [camb]
## file = %(CSL_PATH)s/boltzmann/camb/camb_interface.py
## do_reionization = F
## mode = power
## nonlinear = none ; pk/none
## halofit_version = mead2020_feedback
## neutrino_hierarchy = normal
## kmax = 20.0 ;20.0
## nz_mid = 100
## zmax = 2.40
## nz = 150
## background_zmax = 6.0
## background_zmin = 0.0
## background_nz = 6000
## 
## [mycamb]
## file = %(MOD_PATH)s/mycamb.py
## kmax = 500.0
## zmid = 2.0
## nz_mid = 100
## zmax = 6.0
## nz = 150
## zmin=0.0
## 
## [sample_S8]
## file = %(KCAP_PATH)s/utils/sample_S8.py
## s8_name = s_8_input
## 
## [sigma8toAs]
## file = %(KCAP_PATH)s/utils/sigma8toAs.py
## 
## [correlated_dz_priors]
## file = %(KCAP_PATH)s/utils/correlated_priors.py
## uncorrelated_parameters = nofz_shifts/uncorr_bias_1 nofz_shifts/uncorr_bias_2 nofz_shifts/uncorr_bias_3 nofz_shifts/uncorr_bias_4 nofz_shifts/uncorr_bias_5
## output_parameters = nofz_shifts/bias_1 nofz_shifts/bias_2 nofz_shifts/bias_3 nofz_shifts/bias_4 nofz_shifts/bias_5
## covariance = %(INPUT_FOLDER)s/SOM_cov_multiplied.asc
## 
## [source_photoz_bias]
## file = %(CSL_PATH)s/number_density/photoz_bias/photoz_bias.py
## mode = additive
## sample = nz_%(redshift_name)s
## bias_section  = nofz_shifts
## interpolation = cubic
## output_deltaz = T
## output_section_name = delta_z_out
## 
## [extrapolate_power]
## file = %(CSL_PATH)s/boltzmann/extrapolate/extrapolate_power.py
## kmax = 500.0
## 
## [linear_alignment]
## file = %(CSL_PATH)s/intrinsic_alignments/la_model/linear_alignments_interface.py
## method = linear ;linear/bk_corrected
## 
## [cosebis]
## file = %(COSEBIs_PATH)s/cl_to_cosebis/cl_to_cosebis_interface.so
## theta_min = %(tmin_cosebis)s
## theta_max = %(tmax_cosebis)s
## n_max = %(nmax_cosebis)s
## Roots_n_Norms_FolderName = %(COSEBIS_PATH)s/TLogsRootsAndNorms/
## Wn_Output_FolderName = %(WnLogPath)s
## Tn_Output_FolderName = %(COSEBIS_PATH)s/TpnLog/
## output_section_name =  cosebis
## 
## [scale_cuts]
## file = %(KCAP_PATH)s/scale_cuts/scale_cuts.py
## output_section_name = scale_cuts_output
## data_and_covariance_fits_filename = %(data_file)s
## use_stats = En
## keep_ang_En   = 0.5 5.5 
## xi_plus_extension_name = xiP
## xi_minus_extension_name = xiM
## bandpower_ggl_extension_name = PneE
## bandpower_e_cosmic_shear_extension_name = PeeE
## cosebis_extension_name = En
## xi_plus_section_name = shear_xi_plus_binned
## xi_minus_section_name = shear_xi_minus_binned
## bandpower_ggl_section_name = bandpower_galaxy_shear
## bandpower_e_cosmic_shear_section_name = bandpower_shear_e
## cosebis_section_name = cosebis
## simulate = F
## simulate_with_noise = F
## 
## [testing_output]
## file = %(MOD_PATH)s/testing_output.py
## 
## 
## [distance_mod2]
## file = %(MOD_PATH)s/distance_mod2.py
## z = %(INPUT_FOLDER)s/z_kids.txt
## zmax = 6.0
## zmid = 2.0
## zmin = 0.0
## nz_mid = 100
## nz = 150
## background_zmax = 6.0
## background_zmin = 0.0
## background_nz = 150 ;6000?
## 
## [matter_power2]
## file = %(MOD_PATH)s/matter_power2.py
## k_h = %(INPUT_FOLDER)s/k_pre_ext.txt
## 
## [k015]
## file = %(MOD_PATH)s/k015.py
## 
## [pos_expf]
## file = %(MOD_PATH)s/pos_expf.py## END_OF_PARAMS_INI
## START_OF_VALUES_INI
## 
## 
## 
## [uncorr_chebyshev_coefficients]
## 
## c0 =47.0  52.77217502  57.0
## c1 =328.0 333.26212524 338.0
## c2 =173.0 178.70766496 183.0
## 
## 
## 
## 
## [cosmological_parameters]
## omch2          = 0.051 0.1174 0.255 ; Marie
## ombh2          = 0.019 0.0225 0.026
## s_8_input      = 0.1   0.8128 1.3
## h0             = 0.735 ;Alex
## n_s            = 0.969
## 
## omega_k = 0.0
## w       = -1.0
## wa      = 0.0
## 
## [intrinsic_alignment_parameters]
## A = -6.0 1.0 6.0
## 
## [halo_model_parameters]
## logt_agn = 7.8
## 
## [nofz_shifts]
## uncorr_bias_1 = -5.0   0.000  5.0
## uncorr_bias_2 = -5.0  -0.181  5.0
## uncorr_bias_3 = -5.0  -1.110  5.0
## uncorr_bias_4 = -5.0  -1.395  5.0
## uncorr_bias_5 = -5.0   1.265  5.0
## 
## END_OF_VALUES_INI
## START_OF_PRIORS_INI
## 
## [uncorr_chebyshev_coefficients]
## 
## c0 = gaussian 52.77217502   1.0
## c1 = gaussian 333.26212524  1.0
## c2 = gaussian 178.70766496  1.0
## 
## 
## 
## 
## [nofz_shifts]
## uncorr_bias_1 = gaussian  0.000  1.0
## uncorr_bias_2 = gaussian -0.181  1.0
## uncorr_bias_3 = gaussian -1.110  1.0
## uncorr_bias_4 = gaussian -1.395  1.0
## uncorr_bias_5 = gaussian  1.265  1.0
## 
## 
## 
## 
## END_OF_PRIORS_INI
53.10036 332.54505 179.22306 0.05172 0.02145 0.85939 -2.99921e+00 -2.50946e-01 -2.53992e-01 -1.30551e+00 -1.51516e+00 0.90939 -45.23420 -49.26862
53.40538 332.54505 179.22306 0.05172 0.02145 0.85939 -2.99921e+00 -2.50946e-01 -2.53992e-01 -1.30551e+00 -1.51516e+00 0.90939 -45.23637 -49.41740
53.10036 332.77231 179.22306 0.05172 0.02145 0.85939 -2.99921e+00 -2.50946e-01 -2.53992e-01 -1.30551e+00 -1.51516e+00 0.90939 -45.23742 -49.13470
53.10036 332.54505 179.53422 0.05172 0.02145 0.85939 -2.99921e+00 -2.50946e-01 -2.53992e-01 -1.30551e+00 -1.51516e+00 0.90939 -45.22620 -49.46939
53.10036 332.54505 179.22306 0.05176 0.02145 0.85939 -2.99921e+00 -2.50946e-01 -2.53992e-01 -1.30551e+00 -1.51516e+00 0.90939 -45.23450 -49.26891
53.10036 332.54505 179.22306 0.05172 0.02157 0.85939 -2.99921e+00 -2.50946e-01 -2.53992e-01 -1.30551e+00 -1.51516e+00 0.90939 -45.23607 -49.27049
53.10036 332.54505 179.22306 0.05172 0.02145 0.89736 -2.99921e+00 -2.50946e-01 -2.53992e-01 -1.30551e+00 -1.51516e+00 0.90939 -45.46766 -49.50207
53.10036 332.54505 179.22306 0.05172 0.02145 0.85939 -2.84917e+00 -2.50946e-01 -2.53992e-01 -1.30551e+00 -1.51516e+00 0.90939 -45.21699 -49.25141
53.10036 332.54505 179.22306 0.05172 0.02145 0.85939 -2.99921e+00 -1.34933e-02 -2.53992e-01 -1.30551e+00 -1.51516e+00 0.90939 -45.22003 -49.22305
53.10036 332.54505 179.22306 0.05172 0.02145 0.85939 -2.99921e+00 -2.50946e-01 -1.66920e-02 -1.30551e+00 -1.51516e+00 0.90939 -45.25020 -49.29545
53.10036 332.54505 179.22306 0.05172 0.02145 0.85939 -2.99921e+00 -2.50946e-01 -2.53992e-01 -1.12079e+00 -1.51516e+00 0.90939 -45.25266 -49.26801
53.10036 332.54505 179.22306 0.05172 0.02145 0.85939 -2.99921e+00 -2.50946e-01 -2.53992e-01 -1.30551e+00 -1.34092e+00 0.90939 -45.22910 -49.25776
53.10036 332.54505 179.22306 0.05172 0.02145 0.85939 -2.99921e+00 -2.50946e-01 -2.53992e-01 -1.30551e+00 -1.51516e+00 1.20486 -45.23701 -49.21000
53.15120 332.58293 179.27492 0.05173 0.02147 0.82142 -2.97421e+00 -2.11371e-01 -2.14442e-01 -1.27472e+00 -1.48612e+00 0.95863 -45.21195 -49.22980
53.15967 332.58924 178.92055 0.05173 0.02147 0.85306 -2.97004e+00 -2.04775e-01 -2.07851e-01 -1.26959e+00 -1.48128e+00 0.96684 -45.22219 -49.09548
53.16461 332.59292 178.86942 0.05173 0.02147 0.85254 -2.96761e+00 -2.00927e-01 -2.04006e-01 -1.26660e+00 -1.47846e+00 0.97163 -45.22196 -49.08212
52.81452 332.59722 179.17277 0.05173 0.02148 0.85192 -2.96477e+00 -1.96438e-01 -1.99520e-01 -1.26311e+00 -1.47516e+00 0.97721 -45.21413 -49.08698
53.07190 332.60591 179.16438 0.05173 0.02148 0.85068 -2.95903e+00 -1.87354e-01 -4.67291e-01 -1.25604e+00 -1.46850e+00 0.98852 -45.19566 -49.13723
53.06716 332.61606 179.15460 0.05173 0.02134 0.84922 -2.95233e+00 -1.76755e-01 -2.65541e-01 -1.24779e+00 -1.46072e+00 1.00171 -45.20446 -49.08899
53.06162 332.62789 179.14319 0.05169 0.02145 0.84753 -2.94452e+00 -1.64390e-01 -2.67465e-01 -1.23817e+00 -1.45165e+00 1.01709 -45.20205 -49.06464
53.05840 332.63479 179.13654 0.05169 0.02145 0.84654 -2.93996e+00 -1.57177e-01 -2.68588e-01 -1.23256e+00 -1.44635e+00 1.02607 -45.20081 -49.05100
53.05463 332.64285 179.12877 0.05172 0.02145 0.84539 -2.93464e+00 -1.48761e-01 -2.69898e-01 -1.22602e+00 -1.44018e+00 1.03654 -45.19966 -49.03577
53.05082 332.65100 179.12091 0.05172 0.02145 0.84422 -2.92926e+00 -1.40246e-01 -2.71223e-01 -1.21939e+00 -1.43393e+00 1.04714 -45.19875 -49.02101
53.04637 332.66051 179.11175 0.05172 0.02145 0.84286 -2.92299e+00 -1.30311e-01 -2.72770e-01 -1.42718e+00 -1.42664e+00 1.05950 -45.17946 -49.03122
53.03738 332.67975 179.09319 0.05172 0.02145 0.84010 -2.91028e+00 -1.10206e-01 -2.75899e-01 -1.26273e+00 -1.61517e+00 1.08452 -45.19897 -49.00773
53.03213 332.69097 179.08237 0.05172 0.02145 0.83850 -2.90287e+00 -9.84772e-02 -2.77725e-01 -1.25916e+00 -1.63802e+00 1.09911 -45.20032 -48.99829
53.02600 332.70407 179.06974 0.05172 0.02145 0.83662 -3.06927e+00 -8.47941e-02 -2.79855e-01 -1.25500e+00 -1.46140e+00 1.11614 -45.18877 -48.94146
53.01981 332.71732 179.05697 0.05172 0.02145 0.83472 -3.08761e+00 -7.09481e-02 -2.82010e-01 -1.25080e+00 -1.45692e+00 1.13337 -45.18717 -48.92229
52.95327 332.68859 178.98156 0.05172 0.02142 0.87681 -2.96314e+00 -1.00966e-01 -3.30666e-01 -1.28180e+00 -1.48558e+00 1.09601 -45.30160 -49.03634
52.97959 332.75039 178.99317 0.05172 0.02144 0.84174 -2.93212e+00 -3.13422e-01 -3.03895e-01 -1.24706e+00 -1.45161e+00 1.17636 -45.20687 -48.93860
52.95946 332.78461 178.95485 0.05172 0.02144 0.83880 -2.92094e+00 -8.63817e-02 -3.12212e-01 -1.23732e+00 -1.44101e+00 0.87614 -45.19088 -48.91702
52.94772 332.80458 178.93250 0.05172 0.02144 0.83708 -2.91442e+00 -7.26680e-02 -3.17063e-01 -1.23164e+00 -1.43484e+00 0.84875 -45.19080 -48.90981
52.96723 332.75686 178.97489 0.05171 0.02140 0.84525 -2.95369e+00 -1.30860e-01 -7.38751e-02 -1.28273e+00 -1.48207e+00 1.06919 -45.20853 -48.91001
52.91658 332.58790 178.87484 0.05172 0.02143 0.83417 -2.90592e+00 -4.72530e-02 -2.57154e-01 -1.22946e+00 -1.42989e+00 1.17495 -45.19572 -48.93016
52.92468 332.73945 178.89668 0.05171 0.02154 0.84183 -2.94506e+00 -9.98607e-02 -2.44208e-01 -1.28412e+00 -1.47919e+00 1.11151 -45.19372 -48.86420
52.91281 332.74973 178.87518 0.05170 0.02156 0.84122 -2.94445e+00 -9.34528e-02 -2.42431e-01 -1.28715e+00 -1.48073e+00 1.12066 -45.19294 -48.85110
53.19370 332.78371 178.82891 0.05171 0.02143 0.83735 -2.92924e+00 -6.30130e-02 -3.17381e-01 -1.27282e+00 -1.46568e+00 1.15991 -45.18581 -48.89594
52.84846 332.81980 179.12551 0.05170 0.02142 0.83420 -2.92000e+00 -3.55385e-02 -3.31791e-01 -1.27036e+00 -1.46025e+00 1.19687 -45.18880 -48.87307
52.91969 332.80876 178.85656 0.05175 0.02144 0.83814 -2.94432e+00 -5.90160e-02 -2.77743e-01 -1.31070e+00 -1.49467e+00 1.17090 -45.18623 -48.81385
52.90813 332.82326 178.83323 0.05175 0.02144 0.83744 -2.94469e+00 -5.08359e-02 -2.78506e-01 -1.31721e+00 -1.49870e+00 1.18297 -45.18519 -48.80180
53.01729 332.77741 178.98681 0.05172 0.02147 0.80132 -2.91807e+00 -1.06872e-01 -2.06971e-01 -1.26736e+00 -1.45763e+00 1.11545 -45.28012 -48.96510
52.91934 332.82498 178.83580 0.05172 0.02145 0.82834 -2.95740e+00 -7.36196e-02 -2.53901e-01 -1.09535e+00 -1.52174e+00 1.16129 -45.20784 -48.80825
52.89298 332.86349 178.77912 0.05171 0.02145 0.82434 -2.95582e+00 -5.25806e-02 -2.52561e-01 -1.28246e+00 -1.52908e+00 1.19268 -45.19531 -48.78197
52.87982 332.88119 178.75063 0.05171 0.02144 0.82268 -2.95803e+00 -4.52752e-02 -2.51006e-01 -1.28771e+00 -1.53701e+00 1.20481 -45.19630 -48.77366
52.88629 332.85522 178.76237 0.05171 0.02144 0.82742 -2.99140e+00 -8.54824e-02 -2.41606e-01 -1.24744e+00 -1.30815e+00 1.15832 -45.18571 -48.76784
52.87413 332.86890 178.73570 0.05171 0.02144 0.82650 -2.99878e+00 -8.43995e-02 -2.38596e-01 -1.24647e+00 -1.28067e+00 1.16325 -45.18457 -48.76065
52.87727 332.78402 178.81608 0.05171 0.02142 0.86880 -2.98965e+00 -7.33424e-02 -3.17630e-01 -1.23577e+00 -1.45905e+00 1.14995 -45.28114 -48.90236
52.89791 332.81665 178.78021 0.05171 0.02144 0.83289 -2.98519e+00 0.17322 -2.22996e-01 -1.25418e+00 -1.46632e+00 1.08463 -45.17436 -48.79614
52.95781 333.01727 178.88276 0.05171 0.02146 0.84024 -3.02461e+00 -5.62023e-02 -2.64043e-01 -1.27590e+00 -1.49411e+00 1.07099 -45.19284 -48.76483
52.84425 332.93784 178.67160 0.05170 0.02144 0.84061 -2.83241e+00 -3.00497e-02 -2.36194e-01 -1.25875e+00 -1.47327e+00 1.10218 -45.20217 -48.75429
52.82961 332.95622 178.63949 0.05170 0.02144 0.84110 -2.81115e+00 -2.66415e-02 -2.32376e-01 -1.25941e+00 -1.47463e+00 1.09958 -45.20533 -48.75271
52.87389 332.93153 178.69778 0.05171 0.02150 0.82939 -2.94258e+00 0.04723 -4.70745e-01 -1.22293e+00 -1.44688e+00 1.17142 -45.17597 -48.75797
52.88109 332.90497 178.70105 0.05170 0.02147 0.83628 -2.98655e+00 9.02325e-03 -2.53170e-01 -1.27257e+00 -1.49612e+00 1.44564 -45.18682 -48.76077
52.95219 332.94568 178.79830 0.05171 0.02149 0.79914 -2.91079e+00 0.02343 -2.41860e-01 -1.27457e+00 -1.47809e+00 1.19372 -45.27352 -48.83249
52.59550 332.97299 178.78036 0.05172 0.02150 0.82422 -2.96813e+00 0.02750 -2.29522e-01 -1.23782e+00 -1.47353e+00 1.18940 -45.19315 -48.73579
52.54565 332.98877 178.77631 0.05172 0.02151 0.82313 -2.97138e+00 0.03505 -2.22201e-01 -1.23490e+00 -1.47419e+00 1.19185 -45.19445 -48.74183
52.89858 332.96243 178.42623 0.05173 0.02152 0.82570 -2.98539e+00 0.01053 -1.98067e-01 -1.23485e+00 -1.48117e+00 1.15118 -45.18777 -48.76538
52.83185 333.06795 178.60174 0.05173 0.02138 0.81611 -2.96776e+00 0.08578 -2.80034e-01 -1.20934e+00 -1.46076e+00 1.23249 -45.19673 -48.70611
52.82511 333.09446 178.57896 0.05173 0.02136 0.81401 -2.96970e+00 0.10072 -2.83168e-01 -1.20286e+00 -1.45910e+00 1.24181 -45.19952 -48.70711
52.77242 332.89238 178.64587 0.05172 0.02142 0.86101 -3.01092e+00 -2.07055e-02 -2.86967e-01 -1.21105e+00 -1.46052e+00 1.16589 -45.26027 -48.81546
52.79864 332.90015 178.66810 0.05172 0.02143 0.85199 -2.99632e+00 -1.42698e-02 -2.80389e-01 -1.22031e+00 -1.46308e+00 1.16994 -45.22082 -48.77235
52.78516 333.02560 178.58041 0.05172 0.02147 0.83575 -2.97079e+00 0.08623 -2.79340e-01 -1.41110e+00 -1.40709e+00 1.19976 -45.16541 -48.72458
52.77587 333.06105 178.54085 0.05168 0.02148 0.82636 -2.98786e+00 0.08629 -2.54875e-01 -1.20489e+00 -1.41486e+00 1.18088 -45.18160 -48.69735
52.76485 333.08087 178.51649 0.05167 0.02148 0.82544 -2.99146e+00 0.09772 -2.52906e-01 -1.19553e+00 -1.40788e+00 1.18070 -45.18142 -48.69773
52.76575 333.10839 178.55398 0.05171 0.02148 0.82983 -2.94780e+00 -1.52253e-01 -3.15698e-01 -1.25971e+00 -1.43867e+00 1.29526 -45.19416 -48.71802
52.76482 333.08172 178.55078 0.05171 0.02148 0.84123 -2.97326e+00 0.04841 -2.98471e-01 -1.22151e+00 -1.35158e+00 1.19016 -45.18885 -48.70242
52.84037 333.09302 178.61376 0.05170 0.02151 0.81013 -2.93112e+00 0.02786 -2.72101e-01 -1.28910e+00 -1.40693e+00 1.22839 -45.21430 -48.72358
52.73073 333.05250 178.88688 0.05169 0.02141 0.83382 -2.93301e+00 5.93756e-03 -3.66761e-01 -1.28361e+00 -1.37647e+00 1.26002 -45.17883 -48.71718
52.63366 333.00353 178.43103 0.05170 0.02146 0.81822 -2.87852e+00 0.08303 -3.17905e-01 -1.24384e+00 -1.34393e+00 1.37172 -45.20583 -48.78283
52.91054 333.01527 178.81688 0.05171 0.02146 0.83703 -3.00330e+00 -3.58975e-02 -2.71898e-01 -1.27123e+00 -1.47220e+00 1.11484 -45.18654 -48.73151
52.71528 333.13422 178.63205 0.05171 0.02146 0.82230 -2.91938e+00 0.01032 -3.31899e-01 -1.24695e+00 -1.33792e+00 0.94194 -45.19222 -48.74644
52.69577 333.21451 178.58012 0.05171 0.02148 0.83138 -2.89391e+00 0.11953 -3.62024e-01 -1.27313e+00 -1.56292e+00 1.18743 -45.18322 -48.71628
52.66632 333.19905 178.59843 0.05170 0.02143 0.82882 -2.94200e+00 -5.41678e-05 -1.11755e-01 -1.30504e+00 -1.41605e+00 1.18194 -45.19193 -48.69751
52.68338 333.21483 178.64989 0.05171 0.02148 0.81506 -3.09524e+00 0.07825 -3.30021e-01 -1.27616e+00 -1.37854e+00 1.26750 -45.16835 -48.67013
52.67119 333.23638 178.65076 0.05171 0.02148 0.81289 -3.11892e+00 0.08699 -3.38158e-01 -1.27755e+00 -1.37053e+00 1.28150 -45.16662 -48.67120
52.79239 333.05026 178.66029 0.05170 0.02147 0.83266 -3.01632e+00 0.05261 -2.30184e-01 -1.29349e+00 -1.52201e+00 1.47941 -45.18286 -48.72405
52.94500 333.22436 178.49198 0.05169 0.02142 0.83214 -2.97559e+00 0.03961 -3.32672e-01 -1.31190e+00 -1.39449e+00 1.28028 -45.17219 -48.71082
52.63570 333.21694 178.40130 0.05170 0.02145 0.81852 -2.93581e+00 0.11560 -3.00424e-01 -1.28527e+00 -1.38286e+00 1.38241 -45.18588 -48.74621
52.87046 333.04468 178.75628 0.05171 0.02146 0.83433 -2.99346e+00 -1.38043e-02 -2.76058e-01 -1.27327e+00 -1.45917e+00 1.15386 -45.18290 -48.70567
52.77530 333.20978 178.66709 0.05169 0.02145 0.81957 -2.97210e+00 -2.32026e-02 -2.92435e-01 -1.12242e+00 -1.45665e+00 1.28984 -45.20388 -48.68177
52.76521 333.21171 178.58834 0.05171 0.02144 0.82047 -2.91920e+00 -2.21949e-03 -3.51967e-01 -1.21153e+00 -1.33084e+00 0.97860 -45.19648 -48.73467
52.78843 333.07380 178.64980 0.05170 0.02147 0.83088 -3.00216e+00 0.04462 -2.47944e-01 -1.28153e+00 -1.49413e+00 1.40637 -45.18134 -48.70066
52.70857 333.16575 178.64088 0.05170 0.02140 0.84645 -3.01623e+00 0.02533 -3.06024e-01 -1.21465e+00 -1.46045e+00 1.25928 -45.20843 -48.70003
52.77366 333.15994 178.71514 0.05169 0.02141 0.82953 -3.01096e+00 0.23504 -2.60814e-01 -1.23654e+00 -1.43235e+00 1.18642 -45.16885 -48.68363
52.81584 333.23373 178.35362 0.05171 0.02147 0.82482 -3.03874e+00 0.11503 -1.92093e-01 -1.20479e+00 -1.50386e+00 1.20939 -45.18338 -48.73298
52.74315 333.07893 178.80911 0.05170 0.02142 0.83251 -2.94843e+00 0.02185 -3.41289e-01 -1.27211e+00 -1.39505e+00 1.25263 -45.17895 -48.69453
52.85870 333.04913 178.69854 0.05170 0.02139 0.82745 -3.08693e+00 -1.48416e-02 -1.93375e-01 -1.21509e+00 -1.28942e+00 1.29284 -45.18369 -48.68876
52.59509 333.01007 178.82111 0.05171 0.02145 0.82591 -3.02380e+00 0.05600 -1.99511e-01 -1.16019e+00 -1.44035e+00 1.20209 -45.19120 -48.71802
52.89397 333.19311 178.53998 0.05170 0.02142 0.83123 -2.98262e+00 0.04200 -3.13252e-01 -1.28978e+00 -1.40117e+00 1.26888 -45.17445 -48.69105
52.71858 333.18735 178.70105 0.05167 0.02151 0.84447 -3.03411e+00 2.53414e-03 -2.57685e-01 -1.27616e+00 -1.36414e+00 1.25595 -45.20128 -48.68973
52.65467 333.23439 178.53731 0.05168 0.02143 0.82793 -3.01519e+00 0.10484 -2.58598e-01 -1.21271e+00 -1.34989e+00 1.35158 -45.17777 -48.68505
52.74194 333.22280 178.74057 0.05168 0.02139 0.81881 -3.04238e+00 0.05203 -2.29541e-01 -1.26301e+00 -1.45720e+00 1.34219 -45.18307 -48.67093
52.71059 333.25555 178.65667 0.05168 0.02140 0.82715 -3.02019e+00 0.05706 -2.77000e-01 -1.19989e+00 -1.30850e+00 1.11528 -45.17789 -48.67327
52.79078 333.17857 178.66823 0.05167 0.02147 0.80836 -3.00677e+00 0.08164 -2.14083e-01 -1.26431e+00 -1.31685e+00 1.23837 -45.19742 -48.68799
52.85378 333.14186 178.72230 0.05167 0.02145 0.82259 -3.09180e+00 0.12064 -4.25406e-01 -1.16714e+00 -1.34472e+00 1.32513 -45.16576 -48.68521
52.75721 333.29332 178.81013 0.05169 0.02139 0.82441 -3.06326e+00 0.04001 -3.10708e-01 -1.26099e+00 -1.33422e+00 1.35023 -45.17135 -48.67022
52.79228 333.31117 178.54204 0.05168 0.02144 0.81692 -3.12183e+00 0.10749 -2.19198e-01 -1.19192e+00 -1.34390e+00 1.29474 -45.17472 -48.66839
52.79638 333.33053 178.51978 0.05168 0.02145 0.81562 -3.13628e+00 0.11462 -2.09023e-01 -1.18524e+00 -1.33963e+00 1.29825 -45.17481 -48.67390
52.62451 333.21667 178.81152 0.05167 0.02145 0.81581 -3.11084e+00 0.09824 -2.31558e-01 -1.15795e+00 -1.32822e+00 1.28280 -45.18084 -48.67474
52.78422 333.22732 178.66885 0.05170 0.02135 0.79780 -3.07214e+00 0.15366 -2.82771e-01 -1.15187e+00 -1.35927e+00 1.30021 -45.21379 -48.70127
52.72816 333.19318 178.69635 0.05167 0.02148 0.83766 -3.03966e+00 0.02457 -2.61343e-01 -1.25803e+00 -1.36343e+00 1.26240 -45.18729 -48.67262
52.62234 333.38954 178.67100 0.05167 0.02148 0.81651 -3.01144e+00 0.17761 -3.58410e-01 -1.22008e+00 -1.44632e+00 1.25824 -45.17718 -48.70303
52.82423 333.09878 178.69452 0.05169 0.02141 0.82586 -3.07592e+00 0.01322 -2.17442e-01 -1.21582e+00 -1.31230e+00 1.28780 -45.18033 -48.67208
52.69584 333.24681 178.70569 0.05170 0.02139 0.83852 -3.10313e+00 0.06973 -3.38261e-01 -1.16278e+00 -1.41813e+00 1.32095 -45.20082 -48.68881
52.77693 333.18852 178.67369 0.05168 0.02146 0.81276 -3.02082e+00 0.07990 -2.32192e-01 -1.24951e+00 -1.33162e+00 1.25042 -45.18657 -48.67314
52.62003 333.29130 178.64352 0.05170 0.02142 0.82266 -3.00626e+00 0.02394 -9.47354e-02 -1.27368e+00 -1.38808e+00 1.22174 -45.18958 -48.68893
52.81969 333.16365 178.71081 0.05168 0.02144 0.82260 -3.07933e+00 0.10653 -3.77184e-01 -1.18268e+00 -1.35105e+00 1.31005 -45.16878 -48.67124
52.84665 333.18697 178.85743 0.05169 0.02144 0.81642 -3.09357e+00 0.04002 -2.81308e-01 -1.22311e+00 -1.38311e+00 1.18836 -45.17726 -48.67624
52.73982 333.26593 178.70331 0.05168 0.02146 0.81265 -3.11156e+00 -1.22682e-01 -2.82507e-01 -1.19704e+00 -1.29245e+00 1.35385 -45.18777 -48.68092
52.73227 333.22545 178.75740 0.05168 0.02143 0.82145 -3.17367e+00 0.11898 -2.49232e-01 -1.32360e+00 -1.24077e+00 1.26109 -45.16064 -48.67439
52.76649 333.16255 178.73019 0.05169 0.02141 0.82984 -3.04456e+00 0.25873 -2.53614e-01 -1.27007e+00 -1.39636e+00 1.18163 -45.16315 -48.68770
52.74371 333.25085 178.70723 0.05168 0.02146 0.81515 -3.10179e+00 -6.70589e-02 -2.78294e-01 -1.20769e+00 -1.30760e+00 1.32873 -45.18305 -48.66806
52.64251 333.25216 178.55104 0.05168 0.02143 0.82585 -3.06392e+00 0.07819 -2.54311e-01 -1.24143e+00 -1.29312e+00 1.37051 -45.17348 -48.68627
52.81688 333.19648 178.81275 0.05169 0.02144 0.81780 -3.08924e+00 0.04558 -2.77371e-01 -1.22578e+00 -1.36998e+00 1.21492 -45.17592 -48.66547
52.89670 333.21909 178.59716 0.05169 0.02143 0.82680 -3.04305e+00 0.01119 -3.11696e-01 -1.31790e+00 -1.35496e+00 1.26476 -45.16848 -48.68121
52.66421 333.21702 178.78025 0.05168 0.02144 0.81741 -3.10095e+00 0.08555 -2.43245e-01 -1.18127e+00 -1.33212e+00 1.28017 -45.17839 -48.66503
52.77760 333.20891 178.65508 0.05169 0.02144 0.82048 -2.96810e+00 -1.51203e-02 -2.93025e-01 -1.12853e+00 -1.45764e+00 1.28964 -45.20224 -48.68081
52.73888 333.22304 178.74248 0.05168 0.02143 0.82131 -3.14369e+00 0.09942 -2.55618e-01 -1.29515e+00 -1.27240e+00 1.26526 -45.16361 -48.66484
52.80399 333.17339 178.77011 0.05169 0.02148 0.81381 -3.14217e+00 0.05386 -2.61693e-01 -1.26811e+00 -1.38390e+00 1.46045 -45.17203 -48.68173
52.72421 333.24357 178.67321 0.05168 0.02141 0.82521 -3.03798e+00 0.05659 -2.74768e-01 -1.20984e+00 -1.31949e+00 1.16562 -45.17652 -48.66414
52.72886 333.24959 178.75301 0.05169 0.02141 0.83027 -3.14439e+00 0.02713 -3.13596e-01 -1.21188e+00 -1.35875e+00 1.31119 -45.18588 -48.67093
52.77776 333.25434 178.73979 0.05170 0.02138 0.80414 -3.14301e+00 0.08289 -2.93154e-01 -1.19567e+00 -1.32616e+00 1.30733 -45.18354 -48.66769
52.67394 333.37467 178.74917 0.05168 0.02145 0.81233 -3.11793e+00 0.10585 -3.49674e-01 -1.23452e+00 -1.37960e+00 1.28519 -45.17025 -48.67710
52.80231 333.13901 178.70249 0.05169 0.02141 0.82388 -3.08205e+00 0.02673 -2.36726e-01 -1.21855e+00 -1.32212e+00 1.28742 -45.17788 -48.66357
52.67558 333.30569 178.73150 0.05170 0.02140 0.81580 -3.11498e+00 -7.64543e-04 -1.66523e-01 -1.27364e+00 -1.33603e+00 1.25917 -45.18007 -48.66815
52.75753 333.22909 178.68571 0.05168 0.02144 0.80571 -3.04501e+00 0.07399 -2.05598e-01 -1.25473e+00 -1.32455e+00 1.24936 -45.19773 -48.68167
52.73304 333.24660 178.74320 0.05169 0.02141 0.82669 -3.12990e+00 0.03397 -2.97847e-01 -1.21813e+00 -1.35376e+00 1.30217 -45.17900 -48.66224
52.74296 333.25985 178.69859 0.05170 0.02146 0.81849 -3.16160e+00 0.04608 -3.01038e-01 -1.19613e+00 -1.20885e+00 1.21168 -45.16934 -48.66747
52.72532 333.18375 178.61044 0.05168 0.02147 0.81190 -3.15711e+00 0.05911 -2.18259e-01 -1.18733e+00 -1.31094e+00 1.18056 -45.17720 -48.66555
52.80614 333.25707 178.76411 0.05166 0.02138 0.82072 -3.13545e+00 0.01768 -1.80319e-01 -1.15736e+00 -1.25535e+00 1.24879 -45.18349 -48.66376
52.69955 333.15171 178.90897 0.05169 0.02141 0.81950 -3.11113e+00 -2.65235e-02 -2.84662e-01 -1.23584e+00 -1.27524e+00 1.21390 -45.17602 -48.69406
52.77876 333.28792 178.59555 0.05168 0.02144 0.81730 -3.12027e+00 0.08794 -2.28745e-01 -1.19832e+00 -1.33388e+00 1.28295 -45.17482 -48.65933
52.83345 333.15423 178.69685 0.05167 0.02145 0.82087 -3.11886e+00 0.09651 -3.47707e-01 -1.14156e+00 -1.28274e+00 1.25343 -45.17072 -48.67083
52.69860 333.28360 178.72644 0.05169 0.02141 0.81654 -3.11554e+00 0.01342 -1.92946e-01 -1.25438e+00 -1.32826e+00 1.25833 -45.17840 -48.66128
52.75781 333.21452 178.72432 0.05169 0.02139 0.82174 -3.13434e+00 0.17622 -2.21712e-01 -1.21529e+00 -1.31462e+00 1.17213 -45.16886 -48.66661
52.72043 333.20440 178.68918 0.05167 0.02148 0.83569 -3.09168e+00 0.04183 -1.94944e-01 -1.23059e+00 -1.29414e+00 1.17100 -45.19207 -48.67992
52.76940 333.24706 178.73241 0.05169 0.02139 0.80874 -3.13552e+00 0.07690 -2.78832e-01 -1.20076e+00 -1.32149e+00 1.28745 -45.17805 -48.66022
52.75963 333.19676 178.73602 0.05167 0.02138 0.81972 -3.06874e+00 0.08377 -1.83360e-01 -1.23090e+00 -1.43022e+00 1.27928 -45.18173 -48.66282
52.74509 333.23912 178.71224 0.05167 0.02145 0.81612 -3.08506e+00 -6.17749e-02 -2.56294e-01 -1.21434e+00 -1.34372e+00 1.33669 -45.18567 -48.66731
52.75595 333.21811 178.72256 0.05169 0.02140 0.82093 -3.12716e+00 0.14151 -2.26755e-01 -1.21515e+00 -1.31886e+00 1.19613 -45.17048 -48.66049
52.78268 333.27562 178.84480 0.05168 0.02136 0.82748 -3.05730e+00 0.06907 -2.61163e-01 -1.24694e+00 -1.34872e+00 1.33086 -45.17463 -48.66933
52.73369 333.19715 178.64462 0.05168 0.02145 0.81417 -3.14256e+00 0.06056 -2.24516e-01 -1.19602e+00 -1.31645e+00 1.20248 -45.17638 -48.65967
52.67726 333.26301 178.61448 0.05168 0.02139 0.82097 -3.13406e+00 0.08509 -1.93242e-01 -1.20352e+00 -1.28075e+00 1.29442 -45.17687 -48.66768
52.79652 333.20618 178.78383 0.05168 0.02143 0.81826 -3.09578e+00 0.05134 -2.65102e-01 -1.22254e+00 -1.35697e+00 1.22652 -45.17542 -48.65977
52.85198 333.24065 178.64757 0.05169 0.02138 0.82150 -3.12149e+00 0.03943 -2.31010e-01 -1.25491e+00 -1.32275e+00 1.22023 -45.17302 -48.66131
52.79616 333.23757 178.66952 0.05169 0.02139 0.81763 -3.07505e+00 0.01555 -2.14536e-01 -1.13433e+00 -1.39087e+00 1.22764 -45.19047 -48.66041
52.82282 333.21605 178.73817 0.05168 0.02140 0.81247 -3.18694e+00 0.05154 -1.85348e-01 -1.20705e+00 -1.35567e+00 1.33761 -45.17928 -48.65848
52.83104 333.21375 178.74359 0.05168 0.02140 0.81141 -3.19935e+00 0.05112 -1.77896e-01 -1.20682e+00 -1.35869e+00 1.35194 -45.17988 -48.66080
52.74367 333.19571 178.64296 0.05171 0.02144 0.81559 -3.09805e+00 0.09610 -2.80635e-01 -1.26782e+00 -1.43653e+00 1.26924 -45.17180 -48.66635
52.79703 333.24812 178.74644 0.05167 0.02139 0.81997 -3.12999e+00 0.02912 -1.94948e-01 -1.17347e+00 -1.28178e+00 1.25177 -45.18122 -48.65835
52.74662 333.33195 178.71190 0.05168 0.02140 0.81177 -3.15944e+00 0.08744 -2.17264e-01 -1.19911e+00 -1.36304e+00 1.22468 -45.17740 -48.65689
52.74197 333.34803 178.71268 0.05167 0.02140 0.81076 -3.16589e+00 0.09250 -2.15643e-01 -1.19749e+00 -1.36645e+00 1.21945 -45.17767 -48.65891
52.78713 333.29674 178.67435 0.05170 0.02143 0.81461 -3.18787e+00 0.03102 -2.76282e-01 -1.18146e+00 -1.24375e+00 1.22371 -45.17309 -48.66116
52.82273 333.25524 178.65570 0.05168 0.02140 0.80562 -3.13637e+00 0.08033 -1.58201e-01 -1.18812e+00 -1.30187e+00 1.18774 -45.18607 -48.66952
52.74612 333.24786 178.73044 0.05169 0.02141 0.82362 -3.13084e+00 0.04073 -2.77481e-01 -1.21376e+00 -1.34619e+00 1.28548 -45.17694 -48.65684
52.68615 333.26240 178.76514 0.05168 0.02144 0.81117 -3.14634e+00 0.07509 -2.32782e-01 -1.14448e+00 -1.33678e+00 1.28056 -45.18303 -48.66188
52.82780 333.24382 178.66471 0.05169 0.02139 0.81999 -3.12511e+00 0.04463 -2.31269e-01 -1.23881e+00 -1.32480e+00 1.22903 -45.17375 -48.65698
52.86106 333.21282 178.67597 0.05168 0.02141 0.81671 -3.15388e+00 0.10629 -2.77234e-01 -1.14242e+00 -1.33070e+00 1.23758 -45.17461 -48.66046
52.78486 333.18570 178.72834 0.05166 0.02138 0.81898 -3.07589e+00 0.10124 -1.94057e-01 -1.20883e+00 -1.42970e+00 1.27451 -45.18135 -48.66224
52.78680 333.28054 178.68222 0.05170 0.02143 0.81525 -3.17154e+00 0.04126 -2.64290e-01 -1.18545e+00 -1.27087e+00 1.23112 -45.17385 -48.65683
52.82118 333.27473 178.67341 0.05168 0.02142 0.81172 -3.14400e+00 -2.59609e-02 -2.49839e-01 -1.17019e+00 -1.34659e+00 1.30792 -45.18446 -48.65987
52.70942 333.29034 178.71956 0.05169 0.02141 0.81511 -3.11563e+00 -1.27836e-02 -1.94794e-01 -1.24755e+00 -1.33740e+00 1.27820 -45.18140 -48.66215
52.83895 333.22413 178.68233 0.05168 0.02141 0.81647 -3.14830e+00 0.08893 -2.65211e-01 -1.15775e+00 -1.33168e+00 1.24350 -45.17531 -48.65639
52.78145 333.26334 178.72815 0.05168 0.02144 0.81399 -3.20667e+00 0.09018 -2.65938e-01 -1.25954e+00 -1.26736e+00 1.29078 -45.16479 -48.65931
52.81022 333.25658 178.66455 0.05167 0.02145 0.82375 -3.15805e+00 0.03105 -1.99493e-01 -1.20291e+00 -1.32772e+00 1.23152 -45.18397 -48.66037
52.77535 333.24844 178.72252 0.05169 0.02140 0.81093 -3.13881e+00 0.07021 -2.67262e-01 -1.20107e+00 -1.32240e+00 1.27929 -45.17619 -48.65640
52.75081 333.22452 178.73174 0.05169 0.02141 0.82064 -3.14871e+00 0.14994 -2.31390e-01 -1.23863e+00 -1.29859e+00 1.20628 -45.16726 -48.66257
52.81091 333.26741 178.68191 0.05168 0.02142 0.81302 -3.14468e+00 -3.08420e-04 -2.47149e-01 -1.18017e+00 -1.33959e+00 1.29310 -45.18131 -48.65592
52.77787 333.30328 178.60433 0.05168 0.02140 0.81323 -3.20508e+00 0.06403 -2.13135e-01 -1.17922e+00 -1.28532e+00 1.29878 -45.17680 -48.66148
52.79380 333.22034 178.75765 0.05168 0.02143 0.81753 -3.11172e+00 0.05319 -2.57523e-01 -1.21622e+00 -1.34652e+00 1.23706 -45.17516 -48.65600
52.85072 333.31617 178.76238 0.05168 0.02137 0.81788 -3.15316e+00 0.05358 -2.59223e-01 -1.20910e+00 -1.33085e+00 1.32858 -45.17429 -48.66075
52.75075 333.21451 178.66179 0.05168 0.02144 0.81471 -3.14410e+00 0.05954 -2.29577e-01 -1.19793e+00 -1.31855e+00 1.22087 -45.17594 -48.65601
52.80097 333.21317 178.82249 0.05169 0.02139 0.81433 -3.17942e+00 0.02147 -2.55132e-01 -1.20673e+00 -1.31086e+00 1.23777 -45.17591 -48.66262
52.78200 333.27702 178.62864 0.05168 0.02143 0.81686 -3.12890e+00 0.07825 -2.32593e-01 -1.19955e+00 -1.33053e+00 1.27636 -45.17488 -48.65563
52.79837 333.24002 178.67331 0.05169 0.02138 0.81811 -3.08006e+00 0.01724 -2.12381e-01 -1.13551e+00 -1.38791e+00 1.22753 -45.18968 -48.65949
52.78392 333.25994 178.72015 0.05168 0.02143 0.81459 -3.18821e+00 0.07955 -2.58128e-01 -1.24145e+00 -1.28494e+00 1.28156 -45.16785 -48.65590
52.75052 333.29464 178.66028 0.05168 0.02143 0.81998 -3.10000e+00 0.06055 -3.05102e-01 -1.19374e+00 -1.28781e+00 1.17136 -45.17183 -48.66382
52.81228 333.22751 178.72681 0.05168 0.02141 0.81357 -3.17426e+00 0.05285 -2.02812e-01 -1.20511e+00 -1.34578e+00 1.31336 -45.17797 -48.65503
52.77885 333.25912 178.64874 0.05170 0.02145 0.81142 -3.16432e+00 0.08693 -2.96812e-01 -1.23260e+00 -1.37237e+00 1.26746 -45.16957 -48.65653
52.73993 333.26597 178.72781 0.05168 0.02145 0.80996 -3.17574e+00 0.07847 -2.71415e-01 -1.16622e+00 -1.33728e+00 1.29661 -45.17692 -48.65549
52.81999 333.16685 178.68327 0.05170 0.02145 0.81789 -3.14413e+00 0.03416 -2.94444e-01 -1.20043e+00 -1.29474e+00 1.31295 -45.17247 -48.66266
52.75732 333.30787 178.70772 0.05168 0.02141 0.81266 -3.15721e+00 0.07967 -2.28520e-01 -1.19931e+00 -1.35308e+00 1.23755 -45.17645 -48.65409
52.82235 333.26094 178.66095 0.05168 0.02144 0.80421 -3.17712e+00 0.08736 -2.26067e-01 -1.18338e+00 -1.31274e+00 1.24416 -45.17973 -48.66014
52.75724 333.24977 178.72030 0.05169 0.02142 0.82079 -3.13759e+00 0.04753 -2.69984e-01 -1.20933e+00 -1.34131e+00 1.27946 -45.17553 -48.65429
52.77675 333.22313 178.71551 0.05167 0.02142 0.81351 -3.13077e+00 0.08788 -2.40207e-01 -1.21567e+00 -1.39980e+00 1.30658 -45.17676 -48.65657
52.77821 333.23150 178.71065 0.05168 0.02142 0.81376 -3.13672e+00 0.08108 -2.43719e-01 -1.21126e+00 -1.38100e+00 1.29557 -45.17606 -48.65443
52.78459 333.23994 178.75931 0.05166 0.02140 0.81773 -3.13338e+00 0.04123 -1.98837e-01 -1.16496e+00 -1.29974e+00 1.27492 -45.18139 -48.65709
52.77969 333.25633 178.66487 0.05170 0.02144 0.81234 -3.15981e+00 0.08027 -2.82524e-01 -1.22273e+00 -1.36178e+00 1.26855 -45.17119 -48.65437
52.78881 333.25194 178.67593 0.05168 0.02145 0.81845 -3.16240e+00 0.05962 -2.30931e-01 -1.20010e+00 -1.35627e+00 1.26130 -45.17737 -48.65283
52.78993 333.25223 178.67204 0.05167 0.02146 0.81907 -3.16436e+00 0.05874 -2.27903e-01 -1.20002e+00 -1.35910e+00 1.25980 -45.17812 -48.65342
52.71686 333.28089 178.71504 0.05169 0.02145 0.81323 -3.15526e+00 0.03603 -2.27267e-01 -1.25048e+00 -1.35109e+00 1.30006 -45.17513 -48.65696
52.82114 333.23240 178.68710 0.05168 0.02142 0.81600 -3.14932e+00 0.08121 -2.59678e-01 -1.17127e+00 -1.33451e+00 1.25175 -45.17519 -48.65416
52.81679 333.29349 178.73980 0.05168 0.02141 0.81521 -3.16032e+00 0.06902 -2.67919e-01 -1.20586e+00 -1.36688e+00 1.32783 -45.17410 -48.65616
52.76038 333.22603 178.67317 0.05168 0.02144 0.81478 -3.14647e+00 0.06093 -2.35169e-01 -1.19909e+00 -1.32560e+00 1.23647 -45.17565 -48.65400
52.76818 333.28861 178.62986 0.05168 0.02143 0.81194 -3.19850e+00 0.07666 -2.36247e-01 -1.18471e+00 -1.33542e+00 1.31155 -45.17570 -48.65614
52.79006 333.23030 178.73902 0.05168 0.02143 0.81671 -3.12437e+00 0.05662 -2.54421e-01 -1.21162e+00 -1.34490e+00 1.24792 -45.17504 -48.65400
52.74758 333.23535 178.71512 0.05168 0.02144 0.81706 -3.16215e+00 0.13965 -2.47833e-01 -1.22601e+00 -1.34324e+00 1.24798 -45.16858 -48.65639
52.80168 333.26273 178.68676 0.05168 0.02142 0.81361 -3.14723e+00 0.02010 -2.47248e-01 -1.18685e+00 -1.34012e+00 1.28652 -45.17925 -48.65392
52.77754 333.24328 178.67131 0.05168 0.02142 0.81532 -3.11180e+00 0.04989 -2.35041e-01 -1.15562e+00 -1.40708e+00 1.26034 -45.18444 -48.65606
52.78299 333.25751 178.71303 0.05168 0.02143 0.81470 -3.17706e+00 0.07522 -2.54761e-01 -1.22894e+00 -1.30275e+00 1.27846 -45.16995 -48.65394
52.77962 333.22296 178.77688 0.05168 0.02142 0.81269 -3.17913e+00 0.05068 -2.64271e-01 -1.20242e+00 -1.35687e+00 1.26589 -45.17572 -48.65559
52.77997 333.23084 178.75527 0.05168 0.02142 0.81330 -3.17181e+00 0.05470 -2.59651e-01 -1.20200e+00 -1.35303e+00 1.26742 -45.17549 -48.65378
52.82837 333.22815 178.68230 0.05168 0.02140 0.82015 -3.13163e+00 0.04650 -2.23488e-01 -1.24171e+00 -1.35275e+00 1.24078 -45.17488 -48.65613
52.75282 333.26046 178.72117 0.05168 0.02144 0.81145 -3.16931e+00 0.07381 -2.64426e-01 -1.17723e+00 -1.33953e+00 1.28847 -45.17618 -48.65367
52.74611 333.27211 178.68235 0.05168 0.02145 0.81619 -3.13229e+00 0.07560 -3.02360e-01 -1.19818e+00 -1.34321e+00 1.21987 -45.17195 -48.65606
52.80263 333.23401 178.72033 0.05168 0.02141 0.81395 -3.16814e+00 0.05617 -2.17329e-01 -1.20410e+00 -1.34540e+00 1.29973 -45.17705 -48.65342
52.78424 333.26853 178.70012 0.05169 0.02143 0.81603 -3.17507e+00 0.04323 -2.57054e-01 -1.19084e+00 -1.30205e+00 1.23836 -45.17508 -48.65390
52.78353 333.24574 178.75179 0.05167 0.02142 0.81807 -3.15452e+00 0.03787 -2.14005e-01 -1.17404e+00 -1.31132e+00 1.26035 -45.18019 -48.65512
52.78025 333.25478 178.67754 0.05169 0.02144 0.81317 -3.15904e+00 0.07408 -2.72531e-01 -1.21563e+00 -1.35442e+00 1.26735 -45.17231 -48.65309
52.80981 333.25313 178.68922 0.05168 0.02144 0.80835 -3.18031e+00 0.07503 -2.26970e-01 -1.18850e+00 -1.33396e+00 1.24742 -45.17718 -48.65400
52.74402 333.27395 178.72278 0.05169 0.02145 0.81186 -3.17376e+00 0.04032 -2.31824e-01 -1.22943e+00 -1.34068e+00 1.27441 -45.17548 -48.65375
52.80563 333.19283 178.70466 0.05169 0.02146 0.81507 -3.16862e+00 0.03530 -2.63532e-01 -1.20642e+00 -1.32004e+00 1.29475 -45.17414 -48.65597
52.76436 333.29110 178.70728 0.05168 0.02142 0.81301 -3.15887e+00 0.07320 -2.33626e-01 -1.20034e+00 -1.34826e+00 1.24589 -45.17603 -48.65283
52.74556 333.25390 178.72617 0.05169 0.02142 0.82016 -3.14194e+00 0.03963 -2.66192e-01 -1.21919e+00 -1.34154e+00 1.28462 -45.17527 -48.65476
52.80044 333.25324 178.69461 0.05168 0.02144 0.81007 -3.17472e+00 0.06987 -2.32690e-01 -1.19298e+00 -1.33507e+00 1.25285 -45.17634 -48.65288
52.80166 333.28554 178.74580 0.05168 0.02143 0.81293 -3.18049e+00 0.05523 -2.57580e-01 -1.20759e+00 -1.35148e+00 1.29831 -45.17469 -48.65378
52.77392 333.29048 178.68108 0.05168 0.02144 0.81038 -3.21194e+00 0.05931 -2.38855e-01 -1.19438e+00 -1.33328e+00 1.29526 -45.17581 -48.65285
52.77948 333.26875 178.70175 0.05169 0.02143 0.81167 -3.16507e+00 0.03805 -2.35863e-01 -1.17131e+00 -1.38051e+00 1.26751 -45.18171 -48.65292
52.75709 333.26454 178.73052 0.05169 0.02144 0.81243 -3.19787e+00 0.09616 -2.41478e-01 -1.21080e+00 -1.34988e+00 1.25629 -45.17279 -48.65269
52.75337 333.26469 178.73417 0.05169 0.02144 0.81234 -3.20209e+00 0.10250 -2.40997e-01 -1.21280e+00 -1.35069e+00 1.25378 -45.17234 -48.65318
52.77000 333.25807 178.72222 0.05168 0.02143 0.80942 -3.17383e+00 0.08186 -2.29076e-01 -1.21015e+00 -1.39592e+00 1.30744 -45.17787 -48.65534
52.78216 333.26701 178.70334 0.05169 0.02143 0.81507 -3.17489e+00 0.04886 -2.52974e-01 -1.19365e+00 -1.31574e+00 1.24843 -45.17507 -48.65264
52.77464 333.30179 178.65842 0.05168 0.02144 0.81244 -3.17761e+00 0.06942 -2.25367e-01 -1.19759e+00 -1.33872e+00 1.27522 -45.17568 -48.65348
52.74844 333.24980 178.65332 0.05168 0.02145 0.81272 -3.16844e+00 0.07125 -2.22069e-01 -1.19033e+00 -1.33814e+00 1.24047 -45.17666 -48.65395
52.79390 333.28033 178.73231 0.05168 0.02143 0.81290 -3.17874e+00 0.05757 -2.52401e-01 -1.20508e+00 -1.34954e+00 1.28988 -45.17497 -48.65268
52.81440 333.26245 178.67794 0.05168 0.02142 0.81397 -3.17601e+00 0.08904 -2.51255e-01 -1.16444e+00 -1.35042e+00 1.26695 -45.17608 -48.65325
52.81585 333.27628 178.67234 0.05168 0.02142 0.81480 -3.18157e+00 0.05809 -2.16457e-01 -1.21450e+00 -1.35339e+00 1.24931 -45.17590 -48.65327
52.80091 333.23070 178.73741 0.05168 0.02142 0.81421 -3.17393e+00 0.06059 -2.54032e-01 -1.19696e+00 -1.35664e+00 1.25824 -45.17557 -48.65290
52.77263 333.29792 178.67835 0.05168 0.02145 0.81274 -3.18437e+00 0.07457 -2.68186e-01 -1.18926e+00 -1.35184e+00 1.22681 -45.17399 -48.65338
52.77701 333.28860 178.68447 0.05168 0.02145 0.81291 -3.18200e+00 0.07189 -2.60770e-01 -1.19143e+00 -1.35090e+00 1.23745 -45.17443 -48.65243
52.75293 333.25771 178.72836 0.05168 0.02144 0.81157 -3.17101e+00 0.07495 -2.76443e-01 -1.17501e+00 -1.34343e+00 1.27526 -45.17568 -48.65388
52.80668 333.27357 178.68051 0.05168 0.02143 0.81433 -3.18003e+00 0.06055 -2.25205e-01 -1.20874e+00 -1.35194e+00 1.25309 -45.17567 -48.65232
52.75310 333.27339 178.72319 0.05169 0.02144 0.81246 -3.17724e+00 0.03926 -2.37305e-01 -1.23246e+00 -1.34665e+00 1.25531 -45.17481 -48.65318
52.76204 333.27179 178.71659 0.05169 0.02144 0.81268 -3.17706e+00 0.04652 -2.39339e-01 -1.22254e+00 -1.34720e+00 1.25701 -45.17496 -48.65232
52.78422 333.28389 178.73009 0.05168 0.02143 0.81318 -3.19721e+00 0.04962 -2.10496e-01 -1.18242e+00 -1.34145e+00 1.25318 -45.17934 -48.65263
52.78578 333.27244 178.71061 0.05168 0.02144 0.81493 -3.19654e+00 0.08757 -2.42936e-01 -1.22860e+00 -1.30885e+00 1.25063 -45.17032 -48.65400
52.78040 333.26929 178.70304 0.05169 0.02143 0.81215 -3.16966e+00 0.04528 -2.36895e-01 -1.17966e+00 -1.37006e+00 1.26505 -45.17976 -48.65209
52.76093 333.31693 178.66922 0.05168 0.02145 0.81205 -3.18697e+00 0.06248 -2.21911e-01 -1.20006e+00 -1.33496e+00 1.26104 -45.17596 -48.65385
52.79508 333.24327 178.72746 0.05168 0.02142 0.81389 -3.17583e+00 0.06087 -2.49347e-01 -1.19741e+00 -1.35348e+00 1.25865 -45.17563 -48.65209
52.76050 333.29272 178.71749 0.05169 0.02143 0.81683 -3.18637e+00 0.05170 -2.46030e-01 -1.20478e+00 -1.35960e+00 1.26740 -45.17706 -48.65315
52.79462 333.25900 178.69795 0.05168 0.02144 0.81106 -3.17642e+00 0.06722 -2.34635e-01 -1.19470e+00 -1.33865e+00 1.25497 -45.17598 -48.65214
52.79048 333.25024 178.73383 0.05168 0.02143 0.81663 -3.14322e+00 0.06358 -2.39161e-01 -1.20343e+00 -1.36228e+00 1.21827 -45.17605 -48.65327
52.77633 333.28461 178.68878 0.05168 0.02144 0.81129 -3.20192e+00 0.05993 -2.38899e-01 -1.19570e+00 -1.33751e+00 1.28403 -45.17576 -48.65211
52.77350 333.29423 178.74113 0.05169 0.02141 0.80737 -3.19935e+00 0.06332 -2.48413e-01 -1.19698e+00 -1.33616e+00 1.25603 -45.17694 -48.65478
52.78658 333.25810 178.68544 0.05168 0.02145 0.81683 -3.16779e+00 0.06016 -2.33480e-01 -1.19964e+00 -1.35334e+00 1.26053 -45.17659 -48.65197
52.80166 333.24957 178.70614 0.05169 0.02146 0.81344 -3.20436e+00 0.04757 -2.45694e-01 -1.19662e+00 -1.34501e+00 1.27387 -45.17626 -48.65197
52.80476 333.24611 178.70604 0.05169 0.02146 0.81348 -3.20816e+00 0.04543 -2.46700e-01 -1.19631e+00 -1.34474e+00 1.27620 -45.17641 -48.65225
52.81636 333.27364 178.67883 0.05168 0.02143 0.81419 -3.16645e+00 0.01651 -2.38544e-01 -1.18380e+00 -1.34259e+00 1.26640 -45.17936 -48.65364
52.76573 333.26586 178.72298 0.05169 0.02144 0.81269 -3.19329e+00 0.08455 -2.41050e-01 -1.20686e+00 -1.34881e+00 1.25777 -45.17372 -48.65195
52.77485 333.25543 178.67548 0.05168 0.02145 0.81368 -3.18801e+00 0.05960 -2.25729e-01 -1.18982e+00 -1.34281e+00 1.22746 -45.17701 -48.65251
52.78537 333.26683 178.69981 0.05168 0.02144 0.81129 -3.19404e+00 0.07009 -2.20616e-01 -1.20061e+00 -1.38112e+00 1.26541 -45.17730 -48.65181
52.78563 333.26681 178.69951 0.05168 0.02145 0.81098 -3.19564e+00 0.07186 -2.17919e-01 -1.20119e+00 -1.38657e+00 1.26682 -45.17753 -48.65205
52.78350 333.24710 178.66802 0.05169 0.02145 0.81286 -3.17119e+00 0.07275 -2.64781e-01 -1.21487e+00 -1.36202e+00 1.26270 -45.17272 -48.65281
52.78411 333.27852 178.72104 0.05168 0.02144 0.81313 -3.19342e+00 0.05299 -2.18412e-01 -1.18715e+00 -1.34445e+00 1.25457 -45.17832 -48.65196
52.79442 333.27940 178.73022 0.05168 0.02143 0.81227 -3.18130e+00 0.06167 -2.48328e-01 -1.20702e+00 -1.36094e+00 1.29294 -45.17524 -48.65267
52.77770 333.25893 178.68346 0.05168 0.02144 0.81348 -3.18703e+00 0.05990 -2.29025e-01 -1.19233e+00 -1.34545e+00 1.23701 -45.17670 -48.65190
52.79237 333.24129 178.72106 0.05168 0.02143 0.81313 -3.18814e+00 0.04738 -2.07997e-01 -1.20557e+00 -1.35194e+00 1.28288 -45.17801 -48.65259
52.77925 333.28170 178.68981 0.05168 0.02144 0.81295 -3.18290e+00 0.06831 -2.53074e-01 -1.19349e+00 -1.35105e+00 1.24407 -45.17495 -48.65186
52.75813 333.25768 178.72657 0.05168 0.02145 0.81148 -3.19059e+00 0.06002 -2.48206e-01 -1.18571e+00 -1.35075e+00 1.26573 -45.17686 -48.65198
52.80212 333.25710 178.69216 0.05168 0.02144 0.81293 -3.19581e+00 0.07630 -2.35550e-01 -1.16577e+00 -1.35608e+00 1.26327 -45.17788 -48.65210
52.77079 333.26958 178.70983 0.05168 0.02145 0.81487 -3.19969e+00 0.05711 -2.40406e-01 -1.18880e+00 -1.36754e+00 1.26669 -45.17814 -48.65198
52.78815 333.24146 178.72251 0.05168 0.02145 0.81523 -3.17381e+00 0.06392 -2.36393e-01 -1.18664e+00 -1.37368e+00 1.23474 -45.17769 -48.65227
52.77806 333.27832 178.69370 0.05168 0.02144 0.81186 -3.19782e+00 0.06052 -2.38534e-01 -1.19438e+00 -1.34278e+00 1.27684 -45.17601 -48.65167
52.75836 333.27251 178.71939 0.05169 0.02144 0.81341 -3.18026e+00 0.04493 -2.40240e-01 -1.22134e+00 -1.35289e+00 1.25776 -45.17522 -48.65225
52.79574 333.25935 178.69613 0.05168 0.02144 0.81300 -3.19354e+00 0.07172 -2.36234e-01 -1.17388e+00 -1.35562e+00 1.26247 -45.17747 -48.65167
52.78264 333.25866 178.70735 0.05168 0.02145 0.81434 -3.21039e+00 0.08036 -2.38785e-01 -1.20648e+00 -1.33651e+00 1.25555 -45.17412 -48.65242
52.78072 333.26774 178.70367 0.05168 0.02144 0.81247 -3.17560e+00 0.05039 -2.37170e-01 -1.18358e+00 -1.36517e+00 1.26367 -45.17865 -48.65165
52.76556 333.28876 178.67897 0.05168 0.02146 0.81236 -3.20418e+00 0.06302 -2.24303e-01 -1.18643e+00 -1.35504e+00 1.26279 -45.17771 -48.65208
52.76987 333.28213 178.68604 0.05168 0.02146 0.81258 -3.20004e+00 0.06271 -2.27955e-01 -1.18803e+00 -1.35481e+00 1.26218 -45.17737 -48.65167
52.80446 333.27843 178.67310 0.05168 0.02143 0.81495 -3.19100e+00 0.06432 -2.22069e-01 -1.19852e+00 -1.35844e+00 1.25512 -45.17705 -48.65278
52.76489 333.26070 178.71877 0.05168 0.02145 0.81199 -3.19065e+00 0.06065 -2.44394e-01 -1.18758e+00 -1.35187e+00 1.26418 -45.17674 -48.65155
52.79082 333.26505 178.69133 0.05168 0.02144 0.81108 -3.18039e+00 0.06782 -2.30533e-01 -1.19523e+00 -1.33904e+00 1.25374 -45.17593 -48.65196
52.77574 333.27768 178.71671 0.05169 0.02144 0.80816 -3.21439e+00 0.06604 -2.36968e-01 -1.18365e+00 -1.35086e+00 1.25877 -45.17759 -48.65214
52.78500 333.26096 178.69000 0.05168 0.02145 0.81557 -3.17458e+00 0.06102 -2.33989e-01 -1.19731e+00 -1.35298e+00 1.26027 -45.17646 -48.65160
52.75789 333.28811 178.69332 0.05168 0.02143 0.81190 -3.17285e+00 0.08088 -2.22804e-01 -1.18678e+00 -1.36051e+00 1.24316 -45.17745 -48.65285
52.79527 333.25519 178.70427 0.05169 0.02145 0.81322 -3.19977e+00 0.05243 -2.42356e-01 -1.19519e+00 -1.34727e+00 1.26939 -45.17627 -48.65154
52.76947 333.27099 178.71028 0.05168 0.02145 0.81462 -3.20006e+00 0.05806 -2.39935e-01 -1.18817e+00 -1.36786e+00 1.26590 -45.17811 -48.65193
52.77373 333.25626 178.67878 0.05169 0.02145 0.81282 -3.18814e+00 0.07373 -2.55643e-01 -1.19641e+00 -1.36635e+00 1.26696 -45.17478 -48.65180
52.79345 333.26732 178.66947 0.05168 0.02145 0.81328 -3.18741e+00 0.04037 -2.35437e-01 -1.17496e+00 -1.36491e+00 1.26529 -45.17957 -48.65233
52.76977 333.26608 178.71518 0.05168 0.02144 0.81278 -3.19243e+00 0.07811 -2.40232e-01 -1.20221e+00 -1.35116e+00 1.25886 -45.17457 -48.65158
52.78976 333.26137 178.68299 0.05168 0.02145 0.81104 -3.17937e+00 0.07020 -2.36602e-01 -1.19600e+00 -1.34308e+00 1.25599 -45.17551 -48.65200
52.77243 333.26959 178.70630 0.05168 0.02145 0.81410 -3.19704e+00 0.05983 -2.39449e-01 -1.18931e+00 -1.36424e+00 1.26445 -45.17751 -48.65159
52.78064 333.27521 178.71361 0.05168 0.02145 0.81229 -3.19406e+00 0.06835 -2.49249e-01 -1.19133e+00 -1.36862e+00 1.28945 -45.17617 -48.65186
52.78022 333.27284 178.70921 0.05168 0.02145 0.81246 -3.19304e+00 0.06712 -2.46300e-01 -1.19148e+00 -1.36524e+00 1.28180 -45.17624 -48.65155
52.77926 333.25096 178.71050 0.05168 0.02145 0.81274 -3.19989e+00 0.05974 -2.24072e-01 -1.18984e+00 -1.36539e+00 1.28868 -45.17819 -48.65183
52.77926 333.25544 178.70749 0.05168 0.02145 0.81277 -3.19741e+00 0.06099 -2.28301e-01 -1.19037e+00 -1.36330e+00 1.28217 -45.17770 -48.65153
52.77212 333.26394 178.70178 0.05169 0.02145 0.81465 -3.18930e+00 0.05644 -2.57810e-01 -1.18101e+00 -1.33235e+00 1.27013 -45.17616 -48.65215
52.78344 333.26641 178.70010 0.05168 0.02145 0.81178 -3.19335e+00 0.06810 -2.26040e-01 -1.19775e+00 -1.37401e+00 1.26610 -45.17706 -48.65150
52.78538 333.27620 178.72636 0.05168 0.02144 0.81294 -3.19608e+00 0.05186 -2.17849e-01 -1.18543e+00 -1.34839e+00 1.26844 -45.17875 -48.65201
52.77543 333.25917 178.68572 0.05169 0.02145 0.81284 -3.18929e+00 0.07054 -2.50131e-01 -1.19481e+00 -1.36373e+00 1.26717 -45.17536 -48.65151
52.78061 333.25095 178.71012 0.05168 0.02146 0.81406 -3.18497e+00 0.06675 -2.36891e-01 -1.18753e+00 -1.37545e+00 1.25694 -45.17744 -48.65150
52.76041 333.26851 178.71001 0.05168 0.02146 0.81310 -3.18782e+00 0.05472 -2.39301e-01 -1.21031e+00 -1.36592e+00 1.27040 -45.17594 -48.65163
52.78471 333.24347 178.72410 0.05168 0.02144 0.81361 -3.17928e+00 0.06240 -2.49471e-01 -1.19988e+00 -1.36858e+00 1.27205 -45.17588 -48.65190
52.77203 333.27649 178.69159 0.05168 0.02146 0.81273 -3.19702e+00 0.06266 -2.31093e-01 -1.18976e+00 -1.35682e+00 1.26362 -45.17714 -48.65143
52.77240 333.25931 178.70446 0.05168 0.02146 0.81377 -3.20730e+00 0.07676 -2.39243e-01 -1.20536e+00 -1.35683e+00 1.27056 -45.17491 -48.65178
52.77951 333.26651 178.70378 0.05168 0.02144 0.81266 -3.18022e+00 0.05424 -2.37472e-01 -1.18675e+00 -1.36395e+00 1.26467 -45.17796 -48.65143
52.79590 333.25821 178.69707 0.05168 0.02144 0.81306 -3.19381e+00 0.07236 -2.36807e-01 -1.17469e+00 -1.35575e+00 1.26288 -45.17735 -48.65166
52.76559 333.26701 178.70813 0.05168 0.02145 0.81309 -3.18869e+00 0.05729 -2.38937e-01 -1.20512e+00 -1.36444e+00 1.26930 -45.17614 -48.65143
52.76807 333.26677 178.72011 0.05169 0.02145 0.81018 -3.20940e+00 0.06543 -2.42944e-01 -1.18900e+00 -1.37060e+00 1.27451 -45.17720 -48.65175
52.78253 333.26181 178.69439 0.05168 0.02145 0.81478 -3.17966e+00 0.06166 -2.35295e-01 -1.19610e+00 -1.35555e+00 1.26235 -45.17646 -48.65140
52.78233 333.25684 178.70182 0.05168 0.02145 0.81176 -3.18404e+00 0.06693 -2.36792e-01 -1.19813e+00 -1.35789e+00 1.26997 -45.17597 -48.65137
52.78316 333.25578 178.70145 0.05168 0.02145 0.81156 -3.18296e+00 0.06752 -2.36570e-01 -1.19887e+00 -1.35736e+00 1.27043 -45.17592 -48.65144
52.78708 333.25882 178.69072 0.05168 0.02146 0.81291 -3.18725e+00 0.04679 -2.35435e-01 -1.18455e+00 -1.37209e+00 1.27742 -45.17874 -48.65162
52.77230 333.26502 178.71161 0.05168 0.02144 0.81280 -3.19168e+00 0.07354 -2.39532e-01 -1.19964e+00 -1.35421e+00 1.26157 -45.17518 -48.65139
52.77531 333.25075 178.69708 0.05168 0.02145 0.81328 -3.18642e+00 0.05884 -2.28239e-01 -1.19665e+00 -1.35617e+00 1.25111 -45.17689 -48.65140
52.79238 333.26123 178.68391 0.05168 0.02145 0.81397 -3.18811e+00 0.06502 -2.27453e-01 -1.20205e+00 -1.37026e+00 1.26655 -45.17658 -48.65173
52.76890 333.26078 178.71369 0.05168 0.02145 0.81228 -3.19028e+00 0.06128 -2.41924e-01 -1.18969e+00 -1.35455e+00 1.26453 -45.17668 -48.65137
52.75760 333.26767 178.69998 0.05168 0.02145 0.81259 -3.17740e+00 0.07471 -2.29419e-01 -1.19353e+00 -1.37607e+00 1.26053 -45.17719 -48.65192
52.78978 333.25701 178.70364 0.05168 0.02145 0.81313 -3.19651e+00 0.05568 -2.40469e-01 -1.19494e+00 -1.35147e+00 1.26810 -45.17635 -48.65134
52.77537 333.26768 178.69613 0.05168 0.02145 0.81309 -3.17961e+00 0.06526 -2.45502e-01 -1.19911e+00 -1.35808e+00 1.24540 -45.17538 -48.65146
52.77919 333.26538 178.71963 0.05168 0.02145 0.81307 -3.18611e+00 0.05483 -2.22900e-01 -1.19538e+00 -1.35670e+00 1.25677 -45.17765 -48.65148
52.77376 333.27600 178.69682 0.05168 0.02144 0.81168 -3.19063e+00 0.05663 -2.33808e-01 -1.20397e+00 -1.34186e+00 1.26697 -45.17573 -48.65165
52.77961 333.25460 178.70818 0.05168 0.02145 0.81371 -3.18580e+00 0.06528 -2.36442e-01 -1.18993e+00 -1.37055e+00 1.25841 -45.17716 -48.65134
52.77030 333.25857 178.70818 0.05169 0.02146 0.81428 -3.18099e+00 0.05481 -2.46393e-01 -1.19245e+00 -1.34273e+00 1.25653 -45.17611 -48.65149
52.77222 333.25972 178.70700 0.05168 0.02145 0.81392 -3.18279e+00 0.05675 -2.43425e-01 -1.19322e+00 -1.34729e+00 1.25793 -45.17622 -48.65134
52.77339 333.25866 178.68655 0.05169 0.02145 0.81313 -3.18767e+00 0.06841 -2.52954e-01 -1.19446e+00 -1.35846e+00 1.26606 -45.17518 -48.65151
52.77834 333.26440 178.71480 0.05168 0.02145 0.81308 -3.18634e+00 0.05681 -2.27283e-01 -1.19525e+00 -1.35696e+00 1.25812 -45.17729 -48.65134
52.77771 333.25581 178.71316 0.05168 0.02145 0.81311 -3.19529e+00 0.05656 -2.27316e-01 -1.19009e+00 -1.35690e+00 1.27954 -45.17785 -48.65154
52.77571 333.26595 178.69861 0.05168 0.02145 0.81309 -3.18190e+00 0.06399 -2.42849e-01 -1.19779e+00 -1.35791e+00 1.25038 -45.17572 -48.65132
52.78166 333.24524 178.71887 0.05168 0.02144 0.81353 -3.17537e+00 0.05938 -2.43684e-01 -1.20078e+00 -1.35834e+00 1.25912 -45.17589 -48.65161
52.77343 333.27193 178.69557 0.05168 0.02145 0.81285 -3.19386e+00 0.06219 -2.32929e-01 -1.19136e+00 -1.35704e+00 1.26297 -45.17693 -48.65130
52.77317 333.25612 178.70530 0.05168 0.02146 0.81364 -3.19444e+00 0.06914 -2.36547e-01 -1.20455e+00 -1.35005e+00 1.25778 -45.17498 -48.65137
52.78835 333.25381 178.70049 0.05168 0.02145 0.81329 -3.18693e+00 0.06806 -2.34684e-01 -1.18609e+00 -1.34717e+00 1.25123 -45.17641 -48.65142
52.78503 333.25574 178.70160 0.05168 0.02145 0.81326 -3.18718e+00 0.06649 -2.35304e-01 -1.18887e+00 -1.34969e+00 1.25387 -45.17637 -48.65131
52.77183 333.25800 178.71543 0.05168 0.02146 0.81135 -3.19721e+00 0.06449 -2.38327e-01 -1.19391e+00 -1.35508e+00 1.25677 -45.17629 -48.65134
52.77846 333.27026 178.71579 0.05168 0.02145 0.81253 -3.19225e+00 0.06825 -2.47064e-01 -1.19290e+00 -1.35428e+00 1.26896 -45.17556 -48.65136
52.78251 333.25687 178.70196 0.05168 0.02146 0.81297 -3.18709e+00 0.05267 -2.37027e-01 -1.18879e+00 -1.35625e+00 1.25973 -45.17733 -48.65117
52.78336 333.25620 178.70116 0.05168 0.02146 0.81298 -3.18671e+00 0.05093 -2.36818e-01 -1.18789e+00 -1.35642e+00 1.25958 -45.17751 -48.65119
52.77250 333.26505 178.71178 0.05168 0.02146 0.81421 -3.19523e+00 0.05691 -2.39807e-01 -1.18874e+00 -1.35230e+00 1.24962 -45.17716 -48.65158
52.78090 333.25804 178.70327 0.05168 0.02145 0.81212 -3.18567e+00 0.06546 -2.37231e-01 -1.19676e+00 -1.35707e+00 1.26701 -45.17605 -48.65125
52.78295 333.26609 178.70796 0.05168 0.02144 0.81207 -3.18337e+00 0.05409 -2.40166e-01 -1.18102e+00 -1.36130e+00 1.26335 -45.17818 -48.65148
52.77459 333.25758 178.70569 0.05168 0.02146 0.81341 -3.19283e+00 0.06694 -2.37075e-01 -1.20112e+00 -1.35169e+00 1.25859 -45.17539 -48.65126
52.78817 333.26090 178.69824 0.05168 0.02146 0.81363 -3.18796e+00 0.06288 -2.33981e-01 -1.19778e+00 -1.35633e+00 1.25561 -45.17611 -48.65124
52.78023 333.24986 178.69321 0.05168 0.02146 0.81355 -3.18527e+00 0.05502 -2.26659e-01 -1.19539e+00 -1.35695e+00 1.24895 -45.17727 -48.65147
52.77872 333.26729 178.71250 0.05168 0.02145 0.81268 -3.19123e+00 0.06632 -2.44089e-01 -1.19326e+00 -1.35467e+00 1.26604 -45.17580 -48.65125
52.78755 333.26167 178.70291 0.05168 0.02146 0.81196 -3.19614e+00 0.06812 -2.30410e-01 -1.19507e+00 -1.36516e+00 1.26134 -45.17656 -48.65123
52.78296 333.25653 178.69313 0.05168 0.02146 0.81261 -3.19422e+00 0.06994 -2.47073e-01 -1.19302e+00 -1.35686e+00 1.26168 -45.17533 -48.65125
52.77039 333.26384 178.70254 0.05168 0.02146 0.81248 -3.18368e+00 0.07345 -2.34987e-01 -1.19300e+00 -1.36324e+00 1.25063 -45.17621 -48.65136
52.78695 333.25801 178.70348 0.05168 0.02145 0.81303 -3.19464e+00 0.05827 -2.39670e-01 -1.19466e+00 -1.35319e+00 1.26555 -45.17630 -48.65124
52.78178 333.26682 178.69723 0.05168 0.02146 0.81178 -3.19586e+00 0.06268 -2.39552e-01 -1.19880e+00 -1.34127e+00 1.26152 -45.17519 -48.65130
52.79122 333.26489 178.68694 0.05168 0.02145 0.81421 -3.18422e+00 0.06317 -2.37871e-01 -1.19564e+00 -1.35444e+00 1.26394 -45.17603 -48.65146
52.77465 333.25901 178.71128 0.05168 0.02146 0.81177 -3.19532e+00 0.06430 -2.38261e-01 -1.19416e+00 -1.35499e+00 1.25782 -45.17621 -48.65123
52.78717 333.25578 178.70587 0.05168 0.02146 0.81225 -3.20177e+00 0.06371 -2.32584e-01 -1.19115e+00 -1.35113e+00 1.27157 -45.17655 -48.65125
52.77820 333.26600 178.70358 0.05168 0.02146 0.81191 -3.19891e+00 0.06076 -2.39676e-01 -1.20046e+00 -1.35959e+00 1.27104 -45.17589 -48.65116
52.77763 333.26686 178.70375 0.05168 0.02146 0.81180 -3.19989e+00 0.06028 -2.40040e-01 -1.20143e+00 -1.36041e+00 1.27247 -45.17585 -48.65118
52.78086 333.25478 178.70902 0.05168 0.02146 0.81342 -3.19075e+00 0.06424 -2.35448e-01 -1.19080e+00 -1.37106e+00 1.26497 -45.17722 -48.65131
52.78164 333.26506 178.69895 0.05168 0.02146 0.81202 -3.19512e+00 0.06291 -2.38954e-01 -1.19764e+00 -1.34562e+00 1.26202 -45.17547 -48.65121
52.79057 333.24853 178.71124 0.05168 0.02146 0.81221 -3.19296e+00 0.06486 -2.43076e-01 -1.19928e+00 -1.35338e+00 1.26337 -45.17521 -48.65130
52.78807 333.25194 178.70896 0.05168 0.02146 0.81231 -3.19309e+00 0.06447 -2.41596e-01 -1.19813e+00 -1.35392e+00 1.26331 -45.17546 -48.65121
52.79165 333.26194 178.70167 0.05168 0.02146 0.81147 -3.19403e+00 0.05969 -2.39684e-01 -1.18903e+00 -1.35910e+00 1.26853 -45.17685 -48.65127
52.77708 333.25821 178.70510 0.05168 0.02146 0.81313 -3.19300e+00 0.06588 -2.37455e-01 -1.19936e+00 -1.35277e+00 1.26004 -45.17558 -48.65119
52.78726 333.25072 178.69362 0.05168 0.02146 0.81227 -3.19592e+00 0.06024 -2.31564e-01 -1.19790e+00 -1.35581e+00 1.26008 -45.17629 -48.65124
52.78373 333.26050 178.71307 0.05168 0.02146 0.81228 -3.19322e+00 0.05501 -2.25995e-01 -1.19896e+00 -1.35344e+00 1.26417 -45.17693 -48.65129
52.78307 333.25711 178.69604 0.05168 0.02146 0.81256 -3.19408e+00 0.06776 -2.43999e-01 -1.19388e+00 -1.35636e+00 1.26204 -45.17556 -48.65118
52.78616 333.25884 178.70173 0.05168 0.02147 0.81285 -3.20316e+00 0.05987 -2.36965e-01 -1.19473e+00 -1.35311e+00 1.25802 -45.17632 -48.65123
52.77972 333.26161 178.69844 0.05168 0.02146 0.81282 -3.18730e+00 0.06097 -2.42342e-01 -1.20094e+00 -1.35939e+00 1.25119 -45.17562 -48.65123
52.77731 333.25661 178.70611 0.05168 0.02146 0.81131 -3.20100e+00 0.06149 -2.42339e-01 -1.19484e+00 -1.35470e+00 1.26642 -45.17604 -48.65118
52.77692 333.25927 178.70130 0.05168 0.02147 0.81161 -3.19539e+00 0.06664 -2.37095e-01 -1.19799e+00 -1.35809e+00 1.25662 -45.17577 -48.65112
52.77608 333.25938 178.70112 0.05168 0.02147 0.81150 -3.19545e+00 0.06734 -2.36880e-01 -1.19827e+00 -1.35850e+00 1.25588 -45.17573 -48.65113
52.77489 333.26798 178.71244 0.05168 0.02146 0.81227 -3.19401e+00 0.06573 -2.46122e-01 -1.19477e+00 -1.35584e+00 1.26152 -45.17563 -48.65125
52.78545 333.25324 178.69637 0.05168 0.02146 0.81227 -3.19564e+00 0.06104 -2.33687e-01 -1.19744e+00 -1.35582e+00 1.26029 -45.17620 -48.65117
52.78338 333.25570 178.70727 0.05168 0.02146 0.81163 -3.20402e+00 0.06501 -2.33902e-01 -1.19114e+00 -1.35167e+00 1.27192 -45.17642 -48.65120
52.77486 333.25464 178.70353 0.05169 0.02147 0.81243 -3.19650e+00 0.05735 -2.46416e-01 -1.19635e+00 -1.34365e+00 1.26354 -45.17545 -48.65125
52.78570 333.26064 178.70300 0.05168 0.02146 0.81203 -3.19619e+00 0.06655 -2.32744e-01 -1.19526e+00 -1.36203e+00 1.26166 -45.17639 -48.65117
52.78959 333.25758 178.69379 0.05168 0.02147 0.81266 -3.19746e+00 0.06155 -2.37645e-01 -1.19745e+00 -1.35500e+00 1.26770 -45.17588 -48.65120
52.77866 333.25753 178.70201 0.05168 0.02146 0.81155 -3.18867e+00 0.06626 -2.39055e-01 -1.19733e+00 -1.35719e+00 1.26911 -45.17588 -48.65128
52.78506 333.25865 178.70177 0.05168 0.02146 0.81266 -3.20105e+00 0.06080 -2.37269e-01 -1.19511e+00 -1.35371e+00 1.25964 -45.17620 -48.65116
52.78375 333.25024 178.70526 0.05168 0.02147 0.81249 -3.19771e+00 0.06286 -2.36785e-01 -1.19401e+00 -1.36603e+00 1.26471 -45.17663 -48.65118
52.77660 333.26308 178.69463 0.05168 0.02147 0.81223 -3.20050e+00 0.06103 -2.33341e-01 -1.19283e+00 -1.35975e+00 1.26366 -45.17684 -48.65116
52.78016 333.26056 178.69421 0.05168 0.02146 0.81301 -3.18898e+00 0.05983 -2.40942e-01 -1.20010e+00 -1.36334e+00 1.25367 -45.17595 -48.65122
52.78291 333.25641 178.70537 0.05168 0.02146 0.81183 -3.20183e+00 0.06425 -2.34928e-01 -1.19244e+00 -1.35338e+00 1.26926 -45.17635 -48.65115
52.77283 333.25848 178.70963 0.05168 0.02146 0.81184 -3.19627e+00 0.06374 -2.36746e-01 -1.19295e+00 -1.35975e+00 1.25815 -45.17659 -48.65121
52.78715 333.25771 178.69610 0.05168 0.02147 0.81254 -3.19729e+00 0.06187 -2.37514e-01 -1.19679e+00 -1.35569e+00 1.26631 -45.17598 -48.65115
52.78702 333.25776 178.69681 0.05168 0.02147 0.81128 -3.20144e+00 0.05874 -2.36946e-01 -1.19062e+00 -1.36246e+00 1.26685 -45.17696 -48.65114
52.78169 333.25897 178.70600 0.05168 0.02147 0.81163 -3.20160e+00 0.05535 -2.29226e-01 -1.19554e+00 -1.35989e+00 1.26565 -45.17718 -48.65113
52.78067 333.26729 178.69690 0.05168 0.02146 0.81156 -3.19862e+00 0.05900 -2.35180e-01 -1.19568e+00 -1.34919e+00 1.26314 -45.17621 -48.65118
52.78330 333.25273 178.70404 0.05168 0.02147 0.81235 -3.19784e+00 0.06230 -2.36551e-01 -1.19425e+00 -1.36358e+00 1.26448 -45.17656 -48.65114
52.78811 333.26028 178.69572 0.05168 0.02147 0.81291 -3.19480e+00 0.06051 -2.28662e-01 -1.19475e+00 -1.36200e+00 1.26111 -45.17694 -48.65119
52.77888 333.25714 178.70459 0.05168 0.02146 0.81154 -3.20010e+00 0.06135 -2.40344e-01 -1.19482e+00 -1.35577e+00 1.26564 -45.17615 -48.65113
52.77887 333.26430 178.70683 0.05168 0.02147 0.81183 -3.20089e+00 0.06100 -2.38423e-01 -1.19171e+00 -1.36088e+00 1.26814 -45.17671 -48.65110
52.77832 333.26523 178.70770 0.05168 0.02147 0.81179 -3.20133e+00 0.06100 -2.38818e-01 -1.19123e+00 -1.36130e+00 1.26879 -45.17676 -48.65112
52.78121 333.26190 178.70204 0.05168 0.02147 0.81094 -3.21175e+00 0.07077 -2.35316e-01 -1.20085e+00 -1.36122e+00 1.27010 -45.17553 -48.65121
52.78232 333.25761 178.70197 0.05168 0.02146 0.81267 -3.19069e+00 0.05531 -2.36777e-01 -1.19055e+00 -1.35697e+00 1.26124 -45.17705 -48.65112
52.77745 333.25763 178.70083 0.05168 0.02147 0.81199 -3.20173e+00 0.05502 -2.40272e-01 -1.19359e+00 -1.35460e+00 1.26810 -45.17653 -48.65109
52.77677 333.25738 178.70065 0.05168 0.02148 0.81198 -3.20219e+00 0.05406 -2.40899e-01 -1.19345e+00 -1.35398e+00 1.26863 -45.17654 -48.65111
52.77682 333.25945 178.70191 0.05168 0.02147 0.81124 -3.19698e+00 0.05980 -2.36246e-01 -1.19349e+00 -1.36306e+00 1.27153 -45.17688 -48.65117
52.78386 333.25877 178.70179 0.05168 0.02146 0.81245 -3.20046e+00 0.06065 -2.37120e-01 -1.19488e+00 -1.35507e+00 1.26137 -45.17627 -48.65112
52.78463 333.25089 178.69979 0.05168 0.02147 0.81208 -3.19938e+00 0.05983 -2.33414e-01 -1.18721e+00 -1.35643e+00 1.25852 -45.17715 -48.65116
52.77914 333.26380 178.70303 0.05168 0.02146 0.81194 -3.19898e+00 0.06062 -2.38763e-01 -1.19853e+00 -1.35913e+00 1.26921 -45.17607 -48.65112
52.78665 333.25393 178.71014 0.05168 0.02147 0.81171 -3.19754e+00 0.05949 -2.40652e-01 -1.19579e+00 -1.35616e+00 1.26682 -45.17609 -48.65115
52.78518 333.25527 178.70788 0.05168 0.02147 0.81179 -3.19797e+00 0.05971 -2.39586e-01 -1.19536e+00 -1.35668e+00 1.26636 -45.17620 -48.65111
52.78072 333.26042 178.69983 0.05168 0.02147 0.81211 -3.19557e+00 0.05550 -2.39841e-01 -1.19666e+00 -1.36309e+00 1.26074 -45.17654 -48.65109
52.78054 333.26075 178.69937 0.05168 0.02147 0.81213 -3.19505e+00 0.05478 -2.40251e-01 -1.19701e+00 -1.36390e+00 1.26003 -45.17656 -48.65110
52.77541 333.25957 178.70972 0.05168 0.02147 0.81132 -3.19982e+00 0.05683 -2.37643e-01 -1.19229e+00 -1.36201e+00 1.26276 -45.17705 -48.65115
52.78544 333.25798 178.69808 0.05168 0.02147 0.81237 -3.19766e+00 0.06113 -2.37533e-01 -1.19614e+00 -1.35661e+00 1.26579 -45.17612 -48.65111
52.77527 333.25955 178.70922 0.05168 0.02147 0.81277 -3.19503e+00 0.06036 -2.38310e-01 -1.19939e+00 -1.35427e+00 1.26204 -45.17590 -48.65114
52.77699 333.25929 178.70741 0.05168 0.02147 0.81255 -3.19597e+00 0.06013 -2.38111e-01 -1.19811e+00 -1.35546e+00 1.26274 -45.17605 -48.65110
52.77794 333.26568 178.70255 0.05168 0.02147 0.81172 -3.19833e+00 0.05644 -2.38964e-01 -1.19640e+00 -1.35179e+00 1.26412 -45.17620 -48.65111
52.78220 333.26269 178.70166 0.05168 0.02147 0.81257 -3.19578e+00 0.05657 -2.34941e-01 -1.19608e+00 -1.35894e+00 1.26270 -45.17664 -48.65105
52.78248 333.26315 178.70141 0.05168 0.02147 0.81265 -3.19542e+00 0.05618 -2.34490e-01 -1.19619e+00 -1.35921e+00 1.26246 -45.17668 -48.65106
52.77948 333.26148 178.69952 0.05168 0.02147 0.81264 -3.19330e+00 0.06277 -2.47011e-01 -1.19545e+00 -1.35467e+00 1.26220 -45.17551 -48.65112
52.77838 333.26349 178.70314 0.05168 0.02147 0.81159 -3.20465e+00 0.06406 -2.41166e-01 -1.20127e+00 -1.35720e+00 1.26677 -45.17538 -48.65109
52.78103 333.25995 178.70620 0.05168 0.02147 0.81144 -3.20393e+00 0.05681 -2.29958e-01 -1.19733e+00 -1.35992e+00 1.26658 -45.17690 -48.65112
52.78081 333.26017 178.70522 0.05168 0.02147 0.81162 -3.20238e+00 0.05768 -2.32445e-01 -1.19706e+00 -1.35916e+00 1.26594 -45.17670 -48.65109
52.78425 333.26231 178.70508 0.05168 0.02147 0.81247 -3.20301e+00 0.05145 -2.39099e-01 -1.19464e+00 -1.35668e+00 1.27371 -45.17687 -48.65124
52.77799 333.25971 178.70185 0.05168 0.02147 0.81174 -3.19650e+00 0.06442 -2.37387e-01 -1.19750e+00 -1.35788e+00 1.25911 -45.17591 -48.65108
52.78220 333.26269 178.70166 0.05168 0.02147 0.81257 -3.19578e+00 0.05657 -2.34941e-01 -1.19608e+00 -1.35894e+00 1.26270 -45.17664 -48.65105
# post_min=48.65105201151694# n_eval=406
# Success
# Optimization terminated successfully.
