#uncorr_chebyshev_coefficients--c0 uncorr_chebyshev_coefficients--c1 cosmological_parameters--omch2 cosmological_parameters--ombh2 cosmological_parameters--s_8_input intrinsic_alignment_parameters--a nofz_shifts--uncorr_bias_1 nofz_shifts--uncorr_bias_2 nofz_shifts--uncorr_bias_3 nofz_shifts--uncorr_bias_4 nofz_shifts--uncorr_bias_5
0.7744926935025278  0.026503973359901727  -0.0020448224249577807  0.0001453992827197474  -0.01971691857797604  -0.04214953373789623  -0.022383341790367453  -0.017630013528510225  0.12107342914558235  0.004674373984686165  0.011757205857021329
0.026503973359901744  0.9264955190057164  -0.003829768609871399  -0.00016325001765854591  0.024604569817311725  0.016341997804831126  0.07070310070652332  0.019855630458920963  -0.07072575780486727  -0.10926314676565035  -0.19488618777703953
-0.00204482242495778  -0.003829768609871399  0.0017420913133365887  -6.055882526514011e-07  -0.006330121522735763  0.01975515566561889  -0.002927710051607322  0.0029668212108415947  -0.003591367150937177  7.332889241104917e-05  -0.0010623563298231317
0.0001453992827197474  -0.00016325001765854594  -6.055882526513996e-07  3.6525991439528226e-06  -1.7423465725945784e-05  0.00010121843333527141  -3.931464480013455e-05  -0.0001247593863681775  -0.0001717709195501336  6.545084809028061e-06  -5.712593501278595e-05
-0.019716918577976035  0.024604569817311725  -0.006330121522735763  -1.742346572594578e-05  0.043802481914285554  0.07357424281347989  0.020213986405616276  0.004681115802220943  -0.006767245887530555  -0.014792346857024257  0.0006309393732125828
-0.04214953373789623  0.01634199780483112  0.01975515566561889  0.00010121843333527144  0.0735742428134799  2.5024391092068052  0.10272861536363893  0.1815597447543641  -0.1886273309152469  -0.20649646459768553  -0.149254631371838
-0.02238334179036745  0.07070310070652332  -0.002927710051607322  -3.931464480013454e-05  0.02021398640561628  0.10272861536363893  0.8411815469364959  0.03859043579518306  -0.05217682558535231  -0.02130476811215054  -0.05087779829155314
-0.01763001352851023  0.01985563045892096  0.0029668212108415947  -0.00012475938636817747  0.004681115802220934  0.1815597447543641  0.03859043579518306  0.8064751672536873  -0.019830967122592212  -0.12530056537278184  -0.0603844547415187
0.12107342914558232  -0.07072575780486728  -0.003591367150937177  -0.00017177091955013354  -0.006767245887530556  -0.1886273309152469  -0.052176825585352304  -0.019830967122592216  0.757338765068204  -0.003961140202460546  0.16491669574275447
0.004674373984686153  -0.10926314676565037  7.332889241104919e-05  6.545084809028057e-06  -0.014792346857024257  -0.20649646459768556  -0.021304768112150547  -0.12530056537278184  -0.003961140202460535  0.9281107592004081  -0.030681696283539398
0.011757205857021346  -0.19488618777703956  -0.0010623563298231319  -5.712593501278603e-05  0.000630939373212575  -0.14925463137183817  -0.050877798291553165  -0.06038445474151868  0.16491669574275444  -0.030681696283539416  0.9563037577974868
