#cosmological_parameters--h0 cosmological_parameters--omch2 cosmological_parameters--ombh2 cosmological_parameters--n_s cosmological_parameters--s_8_input intrinsic_alignment_parameters--a nofz_shifts--uncorr_bias_1 nofz_shifts--uncorr_bias_2 nofz_shifts--uncorr_bias_3 nofz_shifts--uncorr_bias_4 nofz_shifts--uncorr_bias_5
0.0026741343397699746  0.0011032297153849  2.5182774987075173e-06  -6.980384998649247e-05  0.0007975459189865778  -0.00046676208930125645  -0.0007945380166233794  0.003784432870030507  0.002084830988462581  0.0017631426460634461  -0.0014954249576950315
0.0011032297153849  0.0005011857251244647  -2.0750327768064515e-06  -1.1306805762549288e-05  0.0005049180470637028  0.0009466033201804144  -0.0008546342707762974  0.0023994940587503378  0.0003242757454682924  0.0005588150085504941  -0.0010990026779484265
2.5182774987075173e-06  -2.0750327768064524e-06  3.633651455899935e-06  -1.1336528458885441e-06  1.8445278217452647e-05  0.0001339236797521795  0.00010026969968239175  9.243373626312222e-05  -2.269576131191039e-06  -4.682836160516667e-05  -0.00010203096806375612
-6.980384998649245e-05  -1.1306805762549268e-05  -1.133652845888545e-06  0.004729381404579038  0.0005883073249919699  -0.0021602039689419222  -0.0008611845266688586  -0.0003277720228974902  -0.0038058890998796933  0.009649357867262611  0.0019376669856634365
0.0007975459189865778  0.000504918047063703  1.8445278217452647e-05  0.0005883073249919697  0.10336914938634005  -0.0053898764839835234  0.01224849436905413  -0.011812925630899015  0.004499235921136876  -0.018389639929046037  0.010208506491595373
-0.00046676208930125635  0.0009466033201804144  0.00013392367975217958  -0.0021602039689419222  -0.005389876483983523  0.181142556400777  0.05852428284687738  0.09322949825770976  0.032725951416324894  -0.017052977090742456  -0.018009022277594045
-0.0007945380166233801  -0.0008546342707762976  0.00010026969968239178  -0.0008611845266688586  0.01224849436905413  0.05852428284687738  0.8278511178076589  -0.09978530727765166  0.030048958510675777  0.05811998336734436  -0.004412260952931592
0.0037844328700305063  0.002399494058750337  9.243373626312221e-05  -0.00032777202289749086  -0.011812925630899012  0.09322949825770978  -0.09978530727765167  0.9234043119270391  0.05873941654526417  -0.08640529121103477  -8.054638306284164e-05
0.0020848309884625815  0.0003242757454682927  -2.2695761311910514e-06  -0.0038058890998796933  0.004499235921136873  0.0327259514163249  0.03004895851067578  0.05873941654526417  0.7424750315820839  0.040313050688634805  0.025694172168231125
0.0017631426460634461  0.000558815008550494  -4.682836160516668e-05  0.00964935786726261  -0.018389639929046037  -0.01705297709074246  0.058119983367344356  -0.08640529121103475  0.040313050688634805  0.7290533644054776  0.04729593956182512
-0.0014954249576950309  -0.001099002677948427  -0.00010203096806375615  0.001937666985663438  0.010208506491595363  -0.018009022277594048  -0.004412260952931609  -8.05463830628173e-05  0.02569417216823114  0.047295939561825116  0.7557249370947337
