   -0.571232628822326660E+01    0.792925992012023961E+01    0.161405909645850443E+01   -0.156791131920613225E+01   -0.706676356227262437E+00   -0.261916273887095485E+01    0.587961181564651492E+00    0.576535940170288086E+01    0.462548255920410156E+01    0.730993747711181641E+00   -0.184743717791405722E+02   -0.785744145797087695E+05   -0.785559402079296269E+05   -0.529831319988485294E+01    1
   -0.464165782928466797E+01    0.789321272373199445E+01   -0.860751857129571363E+00   -0.658236205739513025E+00   -0.119512361196143480E+01   -0.195625143218080666E+01    0.180204331219215441E+01    0.533004879951477051E+01    0.453522443771362305E+01   -0.405877828598022461E+00   -0.159398603618867298E+02   -0.445686988855762538E+05   -0.445527590252143636E+05   -0.530331319988484751E+01    1
    0.387455177307128906E+01    0.783999676704406756E+01    0.823210484657010966E-01   -0.272207249410143959E+01   -0.967564387527772629E+00   -0.130644998749744445E+01    0.116673256527860780E+01    0.951157689094543457E+01    0.701891899108886719E+01    0.671805977821350098E+01   -0.184010097609923946E+02   -0.318064871970097192E+05   -0.317880861872487258E+05   -0.530831319988485095E+01    1
    0.419366455078125000E+01    0.767853064537048269E+01    0.211638471533888151E+00   -0.429469151159764750E+00   -0.229554862717236574E+01   -0.284712065301505390E+01    0.214173559693676907E+01    0.544375061988830566E+01   -0.394846200942993164E+01    0.464715719223022461E+01   -0.173448904282472967E+02   -0.160365172644291015E+05   -0.160191723740008547E+05   -0.531331319988484285E+01    1
    0.596183681488037109E+01    0.770482525825500453E+01    0.348813094218485276E+00   -0.726347960596739894E-01   -0.856712788380491252E+00   -0.251835482050296378E+01    0.491094336965716360E+00    0.706599712371826172E+01    0.523238420486450195E+01    0.590817928314208984E+00   -0.161794159406305944E+02   -0.389903216948081899E+04   -0.388285275354018859E+04   -0.531831319988483830E+01    1
    0.375622272491455078E+01    0.769429702758788991E+01    0.186506872684049085E+00    0.125403665673502529E+00   -0.252026324647999900E+01   -0.124991014722922955E+01    0.801309261362350700E-01    0.934183716773986816E+01   -0.881581306457519531E+00    0.634465336799621582E+01   -0.169214420406943944E+02   -0.971054055666936335E+02   -0.801839635259992320E+02   -0.532331319988484530E+01    1
    0.323510098457336426E+01    0.773039503097534197E+01    0.417585545877727782E+00   -0.925490880734969323E+00   -0.194804012991085052E+01   -0.158292518481516709E+01    0.908847527608714012E+00    0.877181410789489746E+01    0.184211611747741699E+01    0.509896278381347656E+01   -0.159467619635934437E+02   -0.926257539844723539E+02   -0.766789920208789084E+02   -0.532831319988484609E+01    1
   -0.319272136688232422E+01    0.767306623458862269E+01    0.365623674307471447E+00   -0.105346388107250277E+01   -0.194109292939742750E+01   -0.152071280873883552E+01    0.151216365631057692E+01    0.903656840324401855E+01   -0.145334243774414062E+01    0.676014542579650879E+01   -0.159814453925552638E+02   -0.847605890137103160E+02   -0.687791436211550575E+02   -0.533331319988484154E+01    1
    0.551178359985351562E+01    0.791553418636322004E+01   -0.259885427270774017E+00   -0.514127892143960707E+00   -0.143706069664744951E+01   -0.174517657908495494E+01    0.131772023581788966E+00    0.849598169326782227E+01   -0.214336514472961426E+01    0.580073595046997070E+00   -0.159963602298720904E+02   -0.841130853582074991E+02   -0.681167251283354034E+02   -0.533831319988483788E+01    1
    0.439881849288940430E+01    0.791591265201568639E+01   -0.123481195929571186E+00    0.192476799838800616E+01   -0.189024172638596588E+01   -0.207635658546223567E-01    0.252002013831202021E+01    0.886959791183471680E+01    0.407387852668762207E+01   -0.354942321777343750E+01   -0.194111463972112119E+02   -0.864857521829526235E+02   -0.670746057857414115E+02   -0.534331319988483511E+01    1
   -0.455238103866577148E+01    0.774754142761230469E+01   -0.123009981410064029E+01    0.212680067683095386E+00   -0.761482982594543278E+00   -0.257896270905234815E+01    0.218337952868409957E+01    0.930070042610168457E+01   -0.790399312973022461E+00    0.353743433952331543E+01   -0.171675950822196590E+02   -0.829674933030844102E+02   -0.657998982208647476E+02   -0.534831319988484299E+01    1
    0.296215367317199707E+01    0.793116283416748047E+01    0.647095808755011603E+00    0.184576793855058041E+00   -0.167038057328795708E+01   -0.121003811344621681E+01    0.367542326741499892E+01    0.576742291450500488E+01    0.269576311111450195E+00    0.357232093811035156E+00   -0.185055824209747186E+02   -0.764850002646531379E+02   -0.579794178436784264E+02   -0.535331319988485443E+01    1
    0.102602791786193848E+01    0.774902238845825142E+01    0.187688715849390064E+00   -0.168224494563332883E+01   -0.742038070801527061E+00   -0.174872559998107135E+01   -0.128892362307055897E+01    0.883163571357727051E+01   -0.687479019165039062E+01    0.164303779602050781E+01   -0.196862074721451066E+02   -0.761474754455459220E+02   -0.564612679734008083E+02   -0.535831319988483568E+01    1
    0.205457925796508789E+00    0.794618816375732440E+01    0.124829094814344899E+01    0.225678301228527389E-01   -0.103755089522905997E+01   -0.331073192684357309E+01    0.130739578338420892E+01    0.801788091659545898E+01   -0.120484113693237305E+01    0.577272772789001465E+01   -0.177885765464902903E+02   -0.737606524770608871E+02   -0.559720759305705968E+02   -0.536331319988484623E+01    1
    0.397076869010925293E+01    0.770118682384490949E+01   -0.418798054550961751E+00   -0.174370492754974293E+01   -0.131933702977789813E+01   -0.135596107155038226E+01    0.215706897121208607E+00    0.875455021858215332E+01    0.121553540229797363E+01   -0.558698058128356934E+01   -0.170321041981738830E+02   -0.728959624878361296E+02   -0.558638582896622395E+02   -0.536831319988485056E+01    1
   -0.135340547561645508E+01    0.775675957202911359E+01   -0.903345060092988206E+00    0.106834554266356463E+01   -0.459191917651651016E+00   -0.231219590519913254E+00    0.164595281897277368E+01    0.682705998420715332E+01   -0.511329174041748047E+00   -0.461758017539978027E+01   -0.173001827419673582E+02   -0.724165570578705484E+02   -0.551163743159031867E+02   -0.537331319988484601E+01    1
    0.217153501510620117E+01    0.775311200618743879E+01   -0.786542049851277625E+00    0.100091991761246446E+00   -0.149916718947792993E+01   -0.167136279747069239E+01    0.215156954893132024E+01    0.724901080131530762E+01    0.262766480445861816E+01   -0.237227082252502441E+01   -0.160059510079224694E+02   -0.707614390400882058E+02   -0.547554880321657365E+02   -0.537831319988484857E+01    1
    0.588656044006347656E+01    0.767739717960357648E+01    0.345547616086605558E-01   -0.907165534262048823E+00   -0.155542546895389910E+01   -0.183708666563347833E+01    0.175870539793891134E+01    0.507621526718139648E+01   -0.118221759796142578E+01   -0.368862867355346680E+01   -0.157332538762608927E+02   -0.701085506051908851E+02   -0.543752967289299889E+02   -0.538331319988484491E+01    1
   -0.227977037429809570E+00    0.772765560150146502E+01    0.904485686004363743E+00   -0.138510976316979395E+01   -0.229096251091164049E+01   -0.531600330690480405E+00    0.127212856937717356E+01    0.525208830833435059E+01    0.144994378089904785E+01    0.845714807510375977E+00   -0.173542823925678000E+02   -0.716804578698542798E+02   -0.543261754772864833E+02   -0.538831319988483948E+01    1
   -0.218165159225463867E+01    0.790659813880920392E+01   -0.178183936578761859E+00   -0.122484739445212654E+01   -0.265002365585928601E+01   -0.211650804360147049E+01    0.295440820324188280E+01    0.952318429946899414E+01   -0.409258723258972168E+01    0.480599045753479004E+01   -0.185840607712360537E+02   -0.709411104817437206E+02   -0.523570497105076598E+02   -0.539331319988484825E+01    1
   -0.321996259689331055E+01    0.794608840942382777E+01   -0.108292375568794341E+01   -0.273825238355698275E+01   -0.173780971162727815E+01   -0.149902045675730733E+01    0.210665707229622967E+01    0.882096648216247559E+01   -0.750864505767822266E+01   -0.945895910263061523E+00   -0.195630116900845294E+02   -0.717373211121101235E+02   -0.521743094220255941E+02   -0.539831319988485436E+01    1
   -0.410793256759643555E+01    0.791573715209960938E+01    0.980209642854106278E+00    0.368609847157586601E-01   -0.141065516767980603E+01   -0.186830811107597583E+01    0.259140800919908543E+01    0.958094835281372070E+01   -0.623161792755126953E+01    0.194966197013854980E+01   -0.166912272534399904E+02   -0.683822388340188070E+02   -0.516910115805788237E+02   -0.540331319988484537E+01    1
   -0.435641598701477051E+01    0.783439536094665545E+01   -0.560354883838272144E+00    0.914237550854295478E+00    0.160636611259292317E+01   -0.147383628011198198E+01   -0.781573759219327036E+00    0.392784714698791504E+01   -0.750417709350585938E+00   -0.264374732971191406E+01   -0.216936374534085239E+02   -0.708716592353296306E+02   -0.491780217819211032E+02   -0.540831319988483905E+01    1
