#uncorr_chebyshev_coefficients--c0 uncorr_chebyshev_coefficients--c1 cosmological_parameters--omch2 cosmological_parameters--ombh2 cosmological_parameters--s_8_input intrinsic_alignment_parameters--a nofz_shifts--uncorr_bias_1 nofz_shifts--uncorr_bias_2 nofz_shifts--uncorr_bias_3 nofz_shifts--uncorr_bias_4 nofz_shifts--uncorr_bias_5
0.8447018565121892  -0.05826872524040458  0.00016376737870079226  7.880861474581328e-05  -0.01178072853728548  0.0860115263885603  0.037996606377037834  -0.0969995181990616  -0.028669721235921767  0.032741876268060945  -0.07325653581319783
-0.05826872524040459  0.9602573900995922  -9.411150727895115e-05  0.00013474763113919706  -0.0075527247434638  -0.13112385013802969  -0.10362921299782281  0.08804502866027986  -0.026800033652491312  -0.12949862213123492  -0.0014071931823007263
0.00016376737870079223  -9.411150727895115e-05  1.0215823825162945e-05  -8.585776294057752e-07  -1.756192356773164e-06  0.00014750393880863345  7.65846836612336e-05  -0.00032730248289437365  -3.658652612312741e-05  4.233812717061273e-05  0.0001829723146839345
7.88086147458133e-05  0.00013474763113919706  -8.585776294057753e-07  3.8848087862309265e-06  -3.097928169189198e-06  2.339724568266797e-05  -5.2084632572253515e-05  6.266157086483632e-05  1.8315056128750932e-05  0.00017750054955632377  0.00015352305720772315
-0.011780728537285482  -0.0075527247434638  -1.7561923567731632e-06  -3.0979281691891975e-06  0.017598990964028394  0.13478554423759623  0.011463236588937468  0.002754937124036834  -0.014598167375545435  -0.010766207764727084  -0.005916708240910661
0.08601152638856029  -0.1311238501380297  0.00014750393880863345  2.3397245682667942e-05  0.13478554423759623  2.0854217599397744  0.19736655086936272  -0.014361104629604118  -0.09607247553060771  -0.07094326197254178  -0.17584556480677876
0.03799660637703782  -0.10362921299782278  7.65846836612336e-05  -5.20846325722535e-05  0.011463236588937465  0.19736655086936272  0.8453672795616403  0.06669992722074579  0.01818482493724579  0.07371539337880986  0.008761674037969944
-0.0969995181990616  0.08804502866027986  -0.00032730248289437376  6.266157086483632e-05  0.0027549371240368323  -0.01436110462960416  0.06669992722074576  0.8210020834532662  0.03785881142847351  0.035897308092581  0.04217406012185462
-0.028669721235921763  -0.026800033652491333  -3.658652612312743e-05  1.8315056128750956e-05  -0.014598167375545434  -0.09607247553060774  0.01818482493724579  0.03785881142847351  0.7534430708823711  -0.002082219240016851  -0.006174312443560622
0.03274187626806095  -0.12949862213123492  4.233812717061278e-05  0.0001775005495563237  -0.010766207764727085  -0.0709432619725418  0.07371539337880986  0.035897308092581  -0.002082219240016846  0.7592475755539567  0.015033172088150717
-0.07325653581319784  -0.0014071931823007322  0.00018297231468393459  0.00015352305720772323  -0.005916708240910664  -0.1758455648067787  0.008761674037969916  0.042174060121854595  -0.006174312443560611  0.015033172088150708  0.9534160598460661
