#cosmological_parameters--h0 cosmological_parameters--omch2 cosmological_parameters--ombh2 cosmological_parameters--n_s cosmological_parameters--s_8_input intrinsic_alignment_parameters--a nofz_shifts--uncorr_bias_1 nofz_shifts--uncorr_bias_2 nofz_shifts--uncorr_bias_3 nofz_shifts--uncorr_bias_4 nofz_shifts--uncorr_bias_5
6.424824015862322e-06  2.492100118682515e-07  7.855646444390688e-07  -0.00012682701212059629  -0.0006270454648365066  -0.0009550350194818177  -0.0008437628650765386  0.00027731430586975863  -0.002173225462104345  0.0009994081932546768  0.0006398598872367028
2.492100118682515e-07  4.1456961729650754e-08  1.3781988847059783e-08  -5.3415980784489485e-06  -2.1537965156918702e-05  -3.38069919801402e-05  -6.174554631605113e-06  -1.3416465418394735e-05  -7.58026995308724e-05  1.845044859051815e-05  1.8309786840379146e-06
7.855646444390688e-07  1.3781988847059783e-08  1.0940386905783237e-07  -1.3625772017495402e-05  -8.017851868193509e-05  -0.00010303369038062333  -0.00010885547281997722  4.9390950465045644e-05  -0.00024754571887905335  0.0001327483438020837  6.948178742206644e-05
-0.00012682701212059623  -5.341598078448948e-06  -1.36257720174954e-05  0.003109184881394723  0.011600716636025611  0.024390311392680823  0.019286248961952673  -0.004143395865475094  0.05096897911126589  -0.01950003397044406  -0.019852660251322502
-0.0006270454648365066  -2.1537965156918702e-05  -8.017851868193509e-05  0.011600716636025613  0.06235517814993491  0.08660671362053712  0.08099430982163755  -0.03042821198334456  0.2027497593810424  -0.09926777520233207  -0.05517497760703991
-0.0009550350194818177  -3.38069919801402e-05  -0.00010303369038062333  0.024390311392680823  0.08660671362053712  0.1942021751757887  0.15587218585299545  -0.034291041615192405  0.4000132964272772  -0.1510130257149632  -0.1674661353847254
-0.0008437628650765385  -6.174554631605115e-06  -0.00010885547281997722  0.019286248961952673  0.08099430982163755  0.15587218585299545  0.1478191765414609  -0.05159020526956093  0.33317758307293965  -0.14842515230134426  -0.14065371725964315
0.0002773143058697586  -1.3416465418394732e-05  4.9390950465045644e-05  -0.004143395865475094  -0.030428211983344555  -0.034291041615192405  -0.05159020526956093  0.03205031077373  -0.08649052377252167  0.05851527793837058  0.032429800416198376
-0.002173225462104345  -7.58026995308724e-05  -0.00024754571887905335  0.0509689791112659  0.2027497593810424  0.4000132964272772  0.33317758307293965  -0.08649052377252169  0.8489478830038846  -0.3440457292674059  -0.3252211178246029
0.0009994081932546768  1.845044859051815e-05  0.0001327483438020837  -0.019500033970444062  -0.09926777520233207  -0.1510130257149632  -0.14842515230134426  0.05851527793837058  -0.3440457292674059  0.16844709383219836  0.11474175446525772
0.0006398598872367028  1.8309786840379101e-06  6.948178742206644e-05  -0.019852660251322506  -0.0551749776070399  -0.16746613538472538  -0.14065371725964315  0.032429800416198376  -0.32522111782460283  0.11474175446525772  0.1747751678847562
