1.000000000000000000e+00
1.011891689371703595e+00
1.024062603528564486e+00
1.036522735244115312e+00
1.049282568266665328e+00
1.062353084564737093e+00
1.075745806029965834e+00
1.089472826711123998e+00
1.103546847275050258e+00
1.117981214337028018e+00
1.132789958815738851e+00
1.147987842587170126e+00
1.163590405088861246e+00
1.179614013559298513e+00
1.196075921742954629e+00
1.212994325792726258e+00
1.230388430131631017e+00
1.248278517301322887e+00
1.266686022577948378e+00
1.285633616889465758e+00
1.305145294210357632e+00
1.325246468007954315e+00
1.345964076462773384e+00
1.367326697581970674e+00
1.389364667967978306e+00
1.412110220979644781e+00
1.435597632743028429e+00
1.459863382502640583e+00
1.484946327219480056e+00
1.510887892977832436e+00
1.537732283903991082e+00
1.565526711389866543e+00
1.594321644694983275e+00
1.624171087735663210e+00
1.655132879603839147e+00
1.687269026552683071e+00
1.720646068192386080e+00
1.755335476540033302e+00
1.791414099432880436e+00
1.828964643949863245e+00
1.868076212430676897e+00
1.908844888923562522e+00
1.951374386858216514e+00
1.995776759488206320e+00
2.042173180318983761e+00
2.090694801798215430e+00
2.141483688653745165e+00
2.194693843436053005e+00
2.250492316857026331e+00
2.309060412929257122e+00
2.323854111038534676e+00
2.338828836968774638e+00
2.353987697852393257e+00
2.369333864271341739e+00
2.384870571459149158e+00
2.400601120795290644e+00
2.416528881055817646e+00
2.432657289738429096e+00
2.448989854404141298e+00
2.465530153977911532e+00
2.482281840018565333e+00
2.499248638246317711e+00
2.516434349834238304e+00
2.533842852759993658e+00
2.551478103146511689e+00
2.569344136310887539e+00
2.587445068432118411e+00
2.605785097901148539e+00
2.624368506525474043e+00
2.643199660808557727e+00
2.662283013203747384e+00
2.681623103338065750e+00
2.701224559200835262e+00
2.721092097634225215e+00
2.741230524870787999e+00
2.761644739396061698e+00
2.782339732035754576e+00
2.803320586788576652e+00
2.824592481607178129e+00
2.846160689089352047e+00
2.868030576884082361e+00
2.890207605944361102e+00
2.912697333476890638e+00
2.935505412878211207e+00
2.958637593238225616e+00
2.982099719150720141e+00
3.005897730344945895e+00
3.030037659906605008e+00
3.054525631329209734e+00
3.079367861764961134e+00
3.104570658891734780e+00
3.130140419070468916e+00
3.156083625332832820e+00
3.182406842956587933e+00
3.209116714174838236e+00
3.236219960679632912e+00
3.263723377493880751e+00
3.291633828692872576e+00
3.319958241907884133e+00
3.348703596620790091e+00
3.377876925537712793e+00
3.407485306768431865e+00
3.437535855672301910e+00
3.468035714499269506e+00
3.498992035413269086e+00
3.530411982877248001e+00
3.562302719389676575e+00
3.594671393528894310e+00
3.627525122657047962e+00
3.660870964665015492e+00
3.694715924807483898e+00
3.729066932757837183e+00
3.763930824329466684e+00
3.799314305185530039e+00
3.835223940172147294e+00
3.871666138146076186e+00
3.908647124091753078e+00
3.946172895964477956e+00
3.984249203732320499e+00
4.022881531217725737e+00
4.062075058239212666e+00
4.101834605686571322e+00
4.142164620077451787e+00
4.183069135855898679e+00
4.224551724502897621e+00
4.266615441761361538e+00
4.309262807781701454e+00
4.352495744828592805e+00
4.396315519234033076e+00
4.440722696855341489e+00
4.485717095497939511e+00
4.531297722780618820e+00
4.577462713239217607e+00
4.624209279495515190e+00
4.671533636428965686e+00
4.719430950189389407e+00
4.767895266607172111e+00
4.816919448283756289e+00
4.866495107475043547e+00
4.916612539608193444e+00
4.967260655749178078e+00
5.018426916991998610e+00
5.070097267757577519e+00
5.122256071831252200e+00
5.174886045213626495e+00
5.227968196845247384e+00
5.281481775401323908e+00
5.335404212640922239e+00
5.389711055329371447e+00
5.444375939846304746e+00
