#chebyshev_coefficients--c0 chebyshev_coefficients--c1 chebyshev_coefficients--c2 cosmological_parameters--omh2 nofz_shifts--uncorr_bias_1 nofz_shifts--uncorr_bias_2 nofz_shifts--uncorr_bias_3 nofz_shifts--uncorr_bias_4 nofz_shifts--uncorr_bias_5
1.7763489661638764e-05  2.1467345522270663e-06  -6.330095617575545e-07  2.6732062451280178e-05  7.693204192203411e-05  -0.00013850684219881036  0.0002658065647701526  -0.00016275673124757986  -0.00013375677236380338
2.1467345522270655e-06  2.5035909773098294e-05  -8.132198880294247e-07  8.700386259847288e-05  2.942414155076923e-05  0.00025623950105143554  0.00037930420302423725  -0.0003163748440499487  -0.00018047933068439276
-6.330095617575545e-07  -8.132198880294246e-07  4.6259514356174866e-06  2.0335667559535144e-05  -5.830995902117529e-05  7.3096354214863315e-06  5.7380523215218136e-05  -4.294630182190035e-05  -2.0114130539817797e-05
2.6732062451280178e-05  8.700386259847288e-05  2.0335667559535144e-05  0.0006419710543252434  0.001142308461692717  4.614081976918021e-05  0.0017092957059292656  -0.0017079915169453206  -0.0021021428207327747
7.693204192203414e-05  2.9424141550769215e-05  -5.8309959021175285e-05  0.0011423084616927167  0.9304456008697131  -0.13772565335920922  -0.0823679263683616  -0.032440457975151646  0.06933685031591273
-0.0001385068421988103  0.0002562395010514355  7.3096354214863485e-06  4.614081976918064e-05  -0.13772565335920925  0.9170117529886219  0.005738693684580253  -0.08268557706348606  -0.02603486912809192
0.0002658065647701527  0.00037930420302423725  5.738052321521815e-05  0.0017092957059292658  -0.08236792636836157  0.005738693684580267  0.8368493746318025  0.035248077985711695  0.05357377435920115
-0.00016275673124757986  -0.0003163748440499486  -4.294630182190034e-05  -0.001707991516945321  -0.03244045797515166  -0.08268557706348606  0.035248077985711695  0.821394134292441  -0.11381746900073461
-0.00013375677236380368  -0.0001804793306843928  -2.011413053981779e-05  -0.0021021428207327747  0.06933685031591279  -0.026034869128091942  0.053573774359201284  -0.11381746900073458  0.9817226060494508
